0 0.25859375 0.56875 0.0421875 0.0296875
0 0.284375 0.578125 0.03359375 0.028125
0 0.31015625 0.5609375 0.0390625 0.028125
0 0.3234375 0.58046875 0.03671875 0.02734375
0 0.34296875 0.56328125 0.04140625 0.02734375
0 0.34609375 0.60625 0.0421875 0.0265625
0 0.3703125 0.59609375 0.034375 0.0265625
0 0.3796875 0.61953125 0.03671875 0.02734375
0 0.2703125 0.6015625 0.046875 0.0328125
0 0.30234375 0.60546875 0.0375 0.02578125
0 0.3203125 0.621875 0.040625 0.02421875
2 0.20078125 0.54453125 0.0390625 0.03125
2 0.1765625 0.56796875 0.04375 0.03046875
2 0.2125 0.56953125 0.0359375 0.025
2 0.18671875 0.59140625 0.03828125 0.02890625
2 0.2171875 0.59140625 0.034375 0.02421875
2 0.21796875 0.6140625 0.0390625 0.02578125
2 0.25859375 0.6375 0.04609375 0.028125
2 0.284375 0.5375 0.0375 0.028125
2 0.2875 0.625 0.02890625 0.028125
2 0.34296875 0.69296875 0.0421875 0.03203125
2 0.3703125 0.68125 0.0421875 0.028125
2 0.39765625 0.7015625 0.0390625 0.028125
2 0.48359375 0.66484375 0.05 0.03203125
2 0.59765625 0.6171875 0.046875 0.03515625
2 0.66953125 0.57734375 0.0390625 0.0375
2 0.7015625 0.5875 0.03671875 0.03125
2 0.51328125 0.575 0.0421875 0.0296875
2 0.50078125 0.5578125 0.040625 0.025
2 0.47265625 0.5484375 0.03828125 0.02890625
2 0.440625 0.5515625 0.040625 0.03046875
2 0.41796875 0.59296875 0.040625 0.0296875
2 0.39921875 0.58046875 0.03671875 0.025
2 0.38046875 0.56171875 0.034375 0.02421875
2 0.36171875 0.58046875 0.03671875 0.0296875
2 0.34296875 0.52734375 0.03671875 0.028125
2 0.36015625 0.5078125 0.03828125 0.028125
2 0.396875 0.509375 0.034375 0.02578125
2 0.384375 0.53359375 0.034375 0.0328125
2 0.40703125 0.5484375 0.034375 0.028125
2 0.41796875 0.53359375 0.0359375 0.02578125
2 0.4390625 0.52109375 0.0359375 0.0296875
2 0.4234375 0.5046875 0.03828125 0.025
2 0.40625 0.48671875 0.0375 0.028125
2 0.44140625 0.4828125 0.0359375 0.0296875
2 0.46015625 0.50078125 0.04375 0.0265625
2 0.47578125 0.51875 0.0390625 0.028125
2 0.353125 0.63046875 0.0328125 0.02578125
2 0.371875 0.80078125 0.0453125 0.03671875