2 0.396875 0.84453125 0.021875 0.0296875
2 0.41640625 0.8265625 0.0234375 0.028125
2 0.4578125 0.8203125 0.021875 0.0234375
2 0.446875 0.834375 0.021875 0.0234375
2 0.4515625 0.8515625 0.01875 0.021875
2 0.43515625 0.8875 0.015625 0.021875
2 0.42890625 0.90859375 0.015625 0.01875
2 0.45078125 0.9046875 0.015625 0.021875
2 0.42578125 0.934375 0.01875 0.025
2 0.415625 0.94921875 0.0140625 0.01875
2 0.42734375 0.959375 0.015625 0.0203125
2 0.40703125 0.9625 0.01875 0.021875
2 0.40546875 0.98359375 0.0203125 0.028125
2 0.44921875 0.87578125 0.015625 0.0234375
2 0.4421875 0.86484375 0.015625 0.021875
2 0.47421875 0.86640625 0.01875 0.03125
2 0.48984375 0.86640625 0.015625 0.03125
2 0.22421875 0.63203125 0.025 0.03125
2 0.24375 0.259375 0.028125 0.0265625
2 0.1734375 0.40703125 0.01875 0.0234375
2 0.17265625 0.43125 0.015625 0.025
1 0.225 0.45078125 0.0203125 0.021875
1 0.23515625 0.43671875 0.015625 0.0203125
1 0.25 0.44140625 0.015625 0.0203125
1 0.23828125 0.45703125 0.01875 0.0234375
1 0.2046875 0.46328125 0.01875 0.021875
1 0.21796875 0.46484375 0.0125 0.01875
1 0.21875 0.4296875 0.0140625 0.01875
1 0.21171875 0.44453125 0.0140625 0.021875
1 0.19609375 0.4453125 0.015625 0.025
0 0.24765625 0.396875 0.01875 0.0265625
0 0.2296875 0.41796875 0.0171875 0.021875
0 0.2421875 0.4171875 0.015625 0.01875
0 0.2828125 0.3875 0.015625 0.025
0 0.2671875 0.425 0.015625 0.015625
1 0.259375 0.49296875 0.0140625 0.025
0 0.2734375 0.48515625 0.0125 0.01875
0 0.27734375 0.50390625 0.015625 0.025
0 0.2625 0.51015625 0.015625 0.01875
0 0.253125 0.47109375 0.015625 0.021875
0 0.23515625 0.4765625 0.015625 0.01875
0 0.2125 0.4875 0.01875 0.021875
2 0.21328125 0.40234375 0.015625 0.025
0 0.2 0.41640625 0.0171875 0.01875
2 0.18671875 0.41796875 0.015625 0.021875
2 0.18125 0.45 0.01875 0.03125
2 0.24765625 0.51953125 0.01875 0.0265625