2 0.2546875 0.72421875 0.071875 0.053125
2 0.515625 0.3640625 0.046875 0.03125
2 0.48671875 0.37109375 0.034375 0.0296875
2 0.49375 0.3890625 0.040625 0.03125
2 0.5140625 0.48203125 0.0421875 0.0296875
2 0.49140625 0.50078125 0.0421875 0.028125
2 0.5203125 0.5109375 0.0421875 0.025
2 0.54296875 0.528125 0.04375 0.028125
2 0.53046875 0.55 0.040625 0.0296875
2 0.54609375 0.575 0.0390625 0.028125
2 0.5609375 0.603125 0.04375 0.034375
2 0.58359375 0.584375 0.0421875 0.034375
2 0.62109375 0.58671875 0.04375 0.028125
2 0.6515625 0.56953125 0.04375 0.0265625
2 0.659375 0.59453125 0.040625 0.03125
2 0.6921875 0.60703125 0.05 0.034375
2 0.690625 0.58515625 0.0390625 0.028125
2 0.71484375 0.559375 0.0453125 0.028125
2 0.68125 0.559375 0.04375 0.028125
2 0.6921875 0.5421875 0.0359375 0.03125
2 0.709375 0.52578125 0.046875 0.0296875
2 0.725 0.50234375 0.0453125 0.0328125
2 0.69375 0.48359375 0.0390625 0.028125
2 0.68125 0.50390625 0.040625 0.034375
2 0.653125 0.5203125 0.0375 0.034375
2 0.62890625 0.5359375 0.0421875 0.0296875
2 0.6140625 0.55703125 0.046875 0.03125
2 0.57421875 0.55546875 0.0453125 0.0359375
2 0.590625 0.53359375 0.0375 0.028125
2 0.61328125 0.51796875 0.0453125 0.028125
2 0.6390625 0.49921875 0.0421875 0.025
2 0.6546875 0.4765625 0.034375 0.0296875
2 0.625 0.45859375 0.040625 0.028125
2 0.59296875 0.465625 0.0359375 0.028125
2 0.5609375 0.471875 0.028125 0.028125
2 0.5453125 0.49375 0.0390625 0.025
0 0.57890625 0.49140625 0.0421875 0.03125
0 0.61796875 0.48359375 0.0375 0.025