0 0.3921875 0.59296875 0.0515625 0.0375
0 0.43671875 0.59453125 0.0484375 0.0359375
0 0.48046875 0.58046875 0.0515625 0.040625
0 0.50546875 0.55390625 0.053125 0.0375
0 0.51796875 0.5921875 0.046875 0.046875
0 0.56328125 0.57578125 0.05625 0.040625
0 0.55390625 0.609375 0.05 0.040625
0 0.5796875 0.6359375 0.059375 0.04375
0 0.57421875 0.66953125 0.0625 0.0375
0 0.54453125 0.6453125 0.0484375 0.040625
0 0.509375 0.6234375 0.0484375 0.0375
0 0.475 0.61796875 0.0515625 0.0390625
0 0.4609375 0.6515625 0.0609375 0.0421875
0 0.49765625 0.66171875 0.05 0.0390625
0 0.5359375 0.67734375 0.05625 0.0375
2 0.32109375 0.51796875 0.059375 0.04375
2 0.36484375 0.5328125 0.0625 0.0421875
2 0.321875 0.55 0.0578125 0.0375
2 0.38203125 0.5609375 0.065625 0.0359375
2 0.34765625 0.58203125 0.05 0.0375
2 0.34609375 0.61875 0.05625 0.0375
2 0.3921875 0.6296875 0.05625 0.0390625
2 0.3671875 0.65390625 0.046875 0.034375
2 0.3984375 0.6734375 0.059375 0.040625
2 0.421875 0.53359375 0.05625 0.040625
2 0.45625 0.55703125 0.0546875 0.0375
2 0.5296875 0.53515625 0.05 0.04375
2 0.5609375 0.51796875 0.053125 0.0375
2 0.56484375 0.5515625 0.05 0.0375
2 0.60625 0.54609375 0.05625 0.0421875
2 0.5953125 0.5796875 0.04375 0.0421875
2 0.61953125 0.61171875 0.0609375 0.040625
2 0.63359375 0.6421875 0.0578125 0.04375
2 0.61015625 0.67109375 0.053125 0.04375
2 0.53828125 0.70859375 0.053125 0.0359375
2 0.58125 0.7015625 0.053125 0.0421875
2 0.6234375 0.70859375 0.0515625 0.040625
2 0.65390625 0.684375 0.05 0.046875
2 0.54921875 0.7421875 0.0546875 0.04375
2 0.5953125 0.7390625 0.05625 0.0359375
2 0.64765625 0.74921875 0.0546875 0.04375
2 0.66953125 0.7203125 0.0515625 0.040625
2 0.57109375 0.803125 0.059375 0.053125
2 0.61953125 0.77578125 0.0625 0.04375
2 0.6328125 0.81171875 0.0578125 0.04375
2 0.66875 0.7875 0.059375 0.05
2 0.69375 0.75859375 0.05625 0.05
2 0.71953125 0.72734375 0.065625 0.05
2 0.7390625 0.77265625 0.0578125 0.04375
2 0.71796875 0.7984375 0.053125 0.0421875
2 0.67734375 0.8265625 0.059375 0.04375
2 0.728125 0.8375 0.0625 0.04375
2 0.7609375 0.80625 0.05 0.046875
2 0.796875 0.778125 0.059375 0.046875
2 0.80546875 0.825 0.0609375 0.05