0 0.3328125 0.62109375 0.0140625 0.01328125
0 0.32890625 0.63203125 0.01640625 0.01015625
0 0.340625 0.62578125 0.0140625 0.01171875
0 0.340625 0.6359375 0.015625 0.0125
0 0.33125 0.6421875 0.01640625 0.01171875
2 0.31875 0.590625 0.01953125 0.0140625
2 0.30390625 0.59296875 0.0203125 0.01328125
2 0.30078125 0.60078125 0.0171875 0.0109375
2 0.30703125 0.61171875 0.01640625 0.0125
2 0.28828125 0.61328125 0.01640625 0.0125
2 0.28203125 0.6234375 0.0203125 0.01328125
2 0.296875 0.61953125 0.01328125 0.01171875
2 0.3046875 0.62734375 0.01640625 0.0125
2 0.31328125 0.62109375 0.01484375 0.01015625
2 0.315625 0.60234375 0.0171875 0.01171875
2 0.31953125 0.6125 0.01484375 0.0109375
2 0.3296875 0.6046875 0.01328125 0.01015625
2 0.3421875 0.60703125 0.0140625 0.0109375
2 0.3546875 0.60703125 0.01484375 0.01015625
2 0.34921875 0.61640625 0.01328125 0.0109375
2 0.36171875 0.615625 0.01796875 0.01171875
2 0.35234375 0.62578125 0.015625 0.0109375
2 0.36640625 0.625 0.0171875 0.01015625
2 0.35703125 0.6359375 0.01640625 0.0109375
2 0.3734375 0.63359375 0.01484375 0.009375
2 0.3078125 0.63828125 0.01640625 0.0109375
2 0.30625 0.64765625 0.01484375 0.01171875
2 0.31875 0.6421875 0.01640625 0.01015625
2 0.3234375 0.64921875 0.01484375 0.0125
2 0.328125 0.66015625 0.015625 0.01015625
2 0.33125 0.6703125 0.01484375 0.01171875
2 0.3390625 0.65234375 0.01484375 0.0109375
2 0.3421875 0.6625 0.0171875 0.0109375
2 0.3484375 0.67265625 0.01953125 0.01328125
2 0.35234375 0.65625 0.01640625 0.0125
2 0.3578125 0.6640625 0.01953125 0.01015625
2 0.36015625 0.64765625 0.01640625 0.0109375
2 0.36796875 0.65546875 0.01640625 0.01171875
2 0.375 0.64375 0.01484375 0.0125
2 0.3921875 0.64140625 0.0171875 0.01171875
2 0.39765625 0.64921875 0.01796875 0.01015625
2 0.39921875 0.65703125 0.01875 0.009375
2 0.3828125 0.6578125 0.01875 0.0109375
2 0.375 0.66953125 0.01875 0.01328125
2 0.38984375 0.6671875 0.0203125 0.0109375