0 0.58046875 0.39765625 0.0375 0.05
0 0.58203125 0.43984375 0.034375 0.046875
0 0.56796875 0.4828125 0.0390625 0.05
0 0.5421875 0.50703125 0.0375 0.0515625
0 0.5796875 0.51875 0.04375 0.046875
0 0.56328125 0.56328125 0.040625 0.053125
0 0.59609375 0.55390625 0.040625 0.05
0 0.621875 0.57890625 0.04375 0.0578125
0 0.6546875 0.57421875 0.0359375 0.059375
0 0.63125 0.5453125 0.0390625 0.046875
0 0.609375 0.5109375 0.0375 0.046875
0 0.60390625 0.478125 0.0375 0.05
0 0.63671875 0.46328125 0.040625 0.059375
0 0.646875 0.5 0.0375 0.05
0 0.66171875 0.53671875 0.0359375 0.053125
2 0.5078125 0.32890625 0.0421875 0.05625
2 0.521875 0.3703125 0.040625 0.0609375
2 0.53828125 0.32890625 0.0375 0.05625
2 0.5484375 0.3875 0.034375 0.0625
2 0.56953125 0.3546875 0.0375 0.046875
2 0.60546875 0.353125 0.0375 0.0546875
2 0.615625 0.396875 0.0375 0.0546875
2 0.6390625 0.3734375 0.034375 0.046875
2 0.6578125 0.403125 0.040625 0.0578125
2 0.521875 0.42578125 0.0390625 0.053125
2 0.5453125 0.459375 0.034375 0.053125
2 0.52421875 0.53046875 0.04375 0.046875
2 0.50703125 0.5609375 0.034375 0.0515625
2 0.53984375 0.56484375 0.0375 0.05
2 0.534375 0.6046875 0.040625 0.0546875
2 0.5671875 0.59375 0.040625 0.04375
2 0.59765625 0.6171875 0.0390625 0.059375
2 0.628125 0.63125 0.0421875 0.05625
2 0.65625 0.60859375 0.0421875 0.05
2 0.6921875 0.53828125 0.034375 0.0515625
2 0.68515625 0.58046875 0.040625 0.0515625
2 0.6921875 0.621875 0.040625 0.05
2 0.66875 0.65078125 0.04375 0.05
2 0.725 0.55 0.04375 0.053125
2 0.721875 0.59375 0.034375 0.0546875
2 0.73125 0.64453125 0.04375 0.053125
2 0.703125 0.665625 0.040625 0.05
2 0.784375 0.57109375 0.0515625 0.0578125
2 0.7578125 0.61796875 0.04375 0.059375
2 0.7921875 0.63046875 0.04375 0.05625
2 0.76875 0.665625 0.0484375 0.05625
2 0.740625 0.68984375 0.05 0.0546875
2 0.71015625 0.71484375 0.05 0.0625
2 0.75390625 0.73359375 0.04375 0.05625
2 0.77890625 0.71328125 0.040625 0.0515625
2 0.80703125 0.6734375 0.04375 0.0578125
2 0.8171875 0.7234375 0.04375 0.0609375
2 0.78671875 0.7546875 0.046875 0.046875
2 0.759375 0.7890625 0.04375 0.0578125
2 0.80546875 0.79765625 0.046875 0.0578125