0 0.1359375 0.4109375 0.025 0.0375
0 0.1546875 0.4296875 0.028125 0.0390625
0 0.17109375 0.40625 0.021875 0.0375
0 0.1828125 0.44375 0.025 0.040625
0 0.19375 0.4125 0.028125 0.0359375
0 0.19453125 0.3453125 0.025 0.0359375
0 0.20625 0.4484375 0.025 0.0375
0 0.21328125 0.484375 0.025 0.0375
0 0.22890625 0.50390625 0.021875 0.040625
0 0.21015625 0.521875 0.025 0.0359375
0 0.228125 0.4265625 0.025 0.0375
0 0.23125 0.46015625 0.025 0.0359375
0 0.2484375 0.434375 0.0265625 0.040625
0 0.2703125 0.42421875 0.028125 0.0375
0 0.2609375 0.46015625 0.025 0.0375
0 0.24375 0.4828125 0.025 0.0375
0 0.26640625 0.490625 0.025 0.0328125
0 0.2828125 0.465625 0.025 0.0375
0 0.303125 0.45390625 0.028125 0.0375
0 0.29375 0.48984375 0.025 0.034375
0 0.28046875 0.51484375 0.021875 0.0390625
0 0.26171875 0.53671875 0.0234375 0.034375
0 0.2515625 0.5109375 0.025 0.028125
0 0.240625 0.540625 0.025 0.0375
0 0.28125 0.5484375 0.025 0.034375
0 0.29921875 0.5265625 0.028125 0.0375
0 0.3140625 0.49609375 0.025 0.034375
0 0.328125 0.475 0.025 0.0375
0 0.33828125 0.5 0.025 0.0375
0 0.325 0.525 0.028125 0.0375
0 0.32109375 0.55390625 0.021875 0.034375
0 0.3015625 0.559375 0.025 0.034375
0 0.309375 0.590625 0.028125 0.0359375
0 0.32734375 0.58046875 0.028125 0.040625
0 0.34140625 0.5546875 0.0265625 0.0375
0 0.3546875 0.5265625 0.028125 0.03125
0 0.359375 0.4953125 0.03125 0.0359375
0 0.3734375 0.5203125 0.028125 0.0375
0 0.3640625 0.55625 0.028125 0.0375
0 0.3515625 0.58125 0.025 0.0375
0 0.3390625 0.61328125 0.025 0.0375
0 0.31796875 0.6203125 0.025 0.0390625
0 0.35078125 0.6375 0.025 0.03125
0 0.3625 0.6671875 0.0296875 0.034375
0 0.3734375 0.6390625 0.025 0.0328125
0 0.36171875 0.6109375 0.028125 0.03125
0 0.3734375 0.58359375 0.025 0.0375
0 0.38359375 0.553125 0.028125 0.040625
0 0.40390625 0.53828125 0.028125 0.0375
0 0.4171875 0.5640625 0.028125 0.0390625
0 0.40390625 0.58671875 0.0265625 0.0359375
0 0.384375 0.6109375 0.0234375 0.0375
0 0.4046875 0.6265625 0.025 0.034375
0 0.39140625 0.653125 0.025 0.0421875
0 0.42109375 0.60390625 0.025 0.034375
0 0.434375 0.57421875 0.0265625 0.0375
0 0.45390625 0.5765625 0.028125 0.0375
0 0.4609375 0.61015625 0.025 0.0359375
0 0.43984375 0.60625 0.025 0.034375
0 0.44609375 0.63359375 0.0234375 0.0375
0 0.42578125 0.63046875 0.0265625 0.0375
0 0.43125 0.659375 0.025 0.0375
0 0.4140625 0.65546875 0.0296875 0.034375
0 0.44296875 0.6859375 0.025 0.0375
0 0.45390625 0.6609375 0.0265625 0.03125
0 0.4671875 0.6390625 0.025 0.0328125
0 0.4640625 0.6859375 0.025 0.0390625
0 0.47734375 0.66640625 0.025 0.03125
0 0.490625 0.64453125 0.028125 0.0375
0 0.490625 0.6859375 0.0265625 0.0375
0 0.50859375 0.66953125 0.021875 0.0375
0 0.5140625 0.63515625 0.028125 0.034375
0 0.5140625 0.60625 0.028125 0.0375
0 0.53203125 0.62109375 0.0265625 0.0375
0 0.5515625 0.621875 0.028125 0.040625
0 0.571875 0.628125 0.028125 0.0375
0 0.55 0.65078125 0.025 0.03125
0 0.503125 0.70703125 0.028125 0.0390625
0 0.5171875 0.7328125 0.028125 0.0359375
0 0.5234375 0.69609375 0.025 0.034375
0 0.52890625 0.66640625 0.028125 0.0375
0 0.5421875 0.69765625 0.0234375 0.034375
0 0.5578125 0.67421875 0.025 0.034375
0 0.5625 0.7015625 0.025 0.0375
0 0.5625 0.73515625 0.0234375 0.040625
0 0.5421875 0.73046875 0.025 0.040625
0 0.55390625 0.76328125 0.025 0.040625
0 0.5328125 0.75703125 0.028125 0.0390625
0 0.58203125 0.7328125 0.028125 0.0375
0 0.58125 0.6984375 0.025 0.034375
0 0.578125 0.66640625 0.0265625 0.0375
0 0.5984375 0.67578125 0.0234375 0.034375
0 0.6171875 0.659375 0.025 0.034375
0 0.6359375 0.66796875 0.028125 0.040625
0 0.61796875 0.68515625 0.021875 0.034375
0 0.6015625 0.70625 0.025 0.040625
0 0.62265625 0.7203125 0.0234375 0.0375
0 0.60546875 0.740625 0.028125 0.0375
0 0.62265625 0.75234375 0.025 0.03125
0 0.63359375 0.77734375 0.028125 0.0375
0 0.64921875 0.75546875 0.028125 0.0359375
0 0.6421875 0.73203125 0.025 0.0359375
0 0.6578125 0.71015625 0.025 0.0375
0 0.67890625 0.69140625 0.025 0.034375
0 0.6859375 0.7203125 0.025 0.034375
0 0.66796875 0.73671875 0.025 0.0375
0 0.67578125 0.76328125 0.028125 0.0375
0 0.65625 0.78671875 0.028125 0.040625
0 0.67734375 0.79375 0.028125 0.0390625
0 0.69375 0.7765625 0.025 0.0375
0 0.6953125 0.74921875 0.028125 0.0375
0 0.70703125 0.82734375 0.025 0.0375
0 0.709375 0.79609375 0.0265625 0.0328125
0 0.715625 0.7625 0.025 0.040625
0 0.73125 0.78203125 0.025 0.0375
0 0.74453125 0.75625 0.0265625 0.0328125
0 0.74921875 0.79453125 0.025 0.0390625
2 0.39921875 0.421875 0.025 0.034375
2 0.37265625 0.40390625 0.0234375 0.028125
2 0.4171875 0.4515625 0.025 0.0328125
2 0.08984375 0.43203125 0.025 0.0359375
2 0.09375 0.39140625 0.028125 0.04375
2 0.1140625 0.44140625 0.028125 0.0375
2 0.1140625 0.36953125 0.0328125 0.0375
2 0.115625 0.409375 0.025 0.0375
2 0.13984375 0.3578125 0.025 0.0375
2 0.12109375 0.3390625 0.028125 0.0375
2 0.14140625 0.31484375 0.028125 0.0375
2 0.15546875 0.3375 0.025 0.0359375
2 0.15859375 0.36953125 0.028125 0.0375
2 0.17578125 0.34921875 0.025 0.040625
2 0.175 0.31015625 0.028125 0.040625
2 0.15859375 0.28984375 0.0265625 0.0359375
2 0.17890625 0.2765625 0.0265625 0.04375
2 0.19921875 0.25390625 0.0265625 0.0375
2 0.19765625 0.296875 0.028125 0.040625
2 0.2203125 0.28046875 0.03125 0.04375
2 0.21953125 0.3109375 0.028125 0.0375
2 0.24296875 0.3015625 0.025 0.040625
2 0.234375 0.334375 0.028125 0.0375
2 0.215625 0.35390625 0.025 0.0375
2 0.228125 0.3734375 0.0234375 0.0296875
2 0.23203125 0.40234375 0.025 0.028125
2 0.209375 0.38984375 0.025 0.03125
2 0.25234375 0.38984375 0.0234375 0.034375
2 0.25 0.35703125 0.0265625 0.0375
2 0.27109375 0.35859375 0.025 0.03125
2 0.28203125 0.33046875 0.028125 0.0359375
2 0.259375 0.31953125 0.028125 0.034375
2 0.29375 0.3640625 0.0265625 0.040625
2 0.278125 0.38828125 0.0265625 0.0359375
2 0.30234375 0.3953125 0.0265625 0.0375
2 0.30703125 0.421875 0.025 0.034375
2 0.3234375 0.40390625 0.025 0.034375
2 0.31953125 0.371875 0.028125 0.0359375
2 0.3328125 0.43046875 0.025 0.0359375
2 0.13203125 0.465625 0.03125 0.0359375
2 0.1390625 0.49765625 0.0296875 0.04375
2 0.16015625 0.48515625 0.03125 0.040625
2 0.17421875 0.51015625 0.028125 0.0359375
2 0.1875 0.48671875 0.0265625 0.0375
2 0.20859375 0.55 0.028125 0.0328125
2 0.21484375 0.5765625 0.028125 0.040625
2 0.2203125 0.61171875 0.03125 0.0375
2 0.24140625 0.59375 0.028125 0.034375
2 0.25703125 0.56640625 0.021875 0.0328125
2 0.2625 0.5953125 0.025 0.034375
2 0.27734375 0.57109375 0.021875 0.034375
2 0.28359375 0.6 0.025 0.0328125
2 0.290625 0.63046875 0.0234375 0.040625
2 0.27890625 0.659375 0.028125 0.0375
2 0.27109375 0.63203125 0.0265625 0.0359375
2 0.25 0.6234375 0.028125 0.034375
2 0.34609375 0.38984375 0.03125 0.040625
2 0.35625 0.42421875 0.028125 0.0375
2 0.35859375 0.45 0.025 0.0328125
2 0.3796875 0.4625 0.0296875 0.0328125
2 0.3765625 0.43671875 0.028125 0.0390625
2 0.40078125 0.4703125 0.021875 0.0328125
2 0.38671875 0.49140625 0.021875 0.03125
2 0.4078125 0.5 0.025 0.040625
2 0.42578125 0.50703125 0.028125 0.0375
2 0.421875 0.478125 0.0265625 0.034375
2 0.43984375 0.45234375 0.025 0.0375
2 0.45859375 0.46484375 0.025 0.0390625
2 0.44609375 0.484375 0.028125 0.0328125
2 0.44765625 0.5125 0.025 0.03125
2 0.4515625 0.54140625 0.025 0.0390625
2 0.4328125 0.53671875 0.0265625 0.034375
2 0.4703125 0.52734375 0.025 0.034375
2 0.4921875 0.51953125 0.025 0.0328125
2 0.49140625 0.54921875 0.0234375 0.0328125
2 0.47578125 0.559375 0.025 0.03125
2 0.47734375 0.5875 0.025 0.0328125
2 0.484375 0.61484375 0.0265625 0.03125
2 0.496875 0.578125 0.0234375 0.0359375
2 0.515625 0.565625 0.028125 0.0375
2 0.51328125 0.53671875 0.025 0.0375
2 0.5328125 0.55 0.025 0.034375
2 0.5375 0.57421875 0.025 0.0375
2 0.559375 0.5796875 0.0234375 0.034375
2 0.5546875 0.553125 0.0234375 0.0359375
2 0.5765625 0.55703125 0.03125 0.0375
2 0.5828125 0.584375 0.03125 0.0375
2 0.59921875 0.6 0.025 0.0375
2 0.60390625 0.63125 0.025 0.03125
2 0.61796875 0.61015625 0.028125 0.040625
2 0.63828125 0.6234375 0.028125 0.0375
2 0.6609375 0.63203125 0.028125 0.040625
2 0.659375 0.6625 0.025 0.034375
2 0.64453125 0.68515625 0.025 0.028125
2 0.6796875 0.64765625 0.025 0.0375
2 0.69921875 0.65390625 0.028125 0.0390625
2 0.71484375 0.67421875 0.025 0.034375
2 0.715625 0.70703125 0.021875 0.034375
2 0.721875 0.73125 0.025 0.03125
2 0.7390625 0.71640625 0.025 0.034375
2 0.7328125 0.68671875 0.025 0.034375
2 0.75546875 0.69296875 0.0265625 0.034375
2 0.76171875 0.71796875 0.025 0.034375
2 0.70078125 0.69765625 0.028125 0.034375
2 0.72890625 0.83984375 0.021875 0.0375
2 0.71015625 0.85390625 0.025 0.03125
2 0.6953125 0.87578125 0.025 0.034375
2 0.69140625 0.83515625 0.01875 0.034375
2 0.67734375 0.859375 0.021875 0.0375
2 0.67578125 0.89296875 0.025 0.0421875
2 0.65625 0.890625 0.025 0.0375
2 0.65078125 0.86171875 0.0234375 0.0328125
2 0.66328125 0.83671875 0.021875 0.03125
2 0.65625 0.81015625 0.021875 0.03125
2 0.64375 0.83203125 0.021875 0.0328125
2 0.634375 0.88359375 0.0234375 0.040625
2 0.628125 0.85 0.025 0.0375
2 0.61328125 0.8734375 0.025 0.0328125
2 0.634375 0.8046875 0.025 0.034375
2 0.61953125 0.82421875 0.028125 0.0375
2 0.61171875 0.79453125 0.028125 0.03125
2 0.6046875 0.7671875 0.025 0.034375
2 0.59765625 0.81640625 0.0265625 0.0375
2 0.60703125 0.8453125 0.03125 0.0375
2 0.58671875 0.8640625 0.025 0.034375
2 0.5796875 0.834375 0.0265625 0.034375
2 0.571875 0.80390625 0.0265625 0.03125
2 0.5890625 0.78671875 0.025 0.0296875
2 0.5796875 0.76171875 0.021875 0.03125
2 0.5625 0.853125 0.025 0.0359375
2 0.5546875 0.82578125 0.028125 0.0375
2 0.5375 0.8453125 0.025 0.03125
2 0.53046875 0.81875 0.025 0.0359375
2 0.5453125 0.8 0.0296875 0.028125
2 0.52578125 0.784375 0.028125 0.0359375
2 0.51015625 0.8125 0.028125 0.03125
2 0.4890625 0.809375 0.0296875 0.034375
2 0.50234375 0.78203125 0.025 0.0375
2 0.48828125 0.76015625 0.028125 0.034375
2 0.47734375 0.78671875 0.025 0.03125
2 0.4796875 0.7328125 0.028125 0.03125
2 0.46796875 0.7125 0.0265625 0.03125
2 0.46484375 0.75859375 0.025 0.034375
2 0.45546875 0.73515625 0.028125 0.034375
2 0.45546875 0.78828125 0.025 0.034375
2 0.43359375 0.78984375 0.025 0.034375
2 0.44296875 0.76171875 0.021875 0.03125
2 0.43203125 0.7390625 0.025 0.034375
2 0.4453125 0.71015625 0.025 0.028125
2 0.41953125 0.7671875 0.0265625 0.03125
2 0.4109375 0.73984375 0.0234375 0.03125
2 0.42421875 0.709375 0.0234375 0.034375
2 0.41640625 0.68046875 0.0234375 0.0296875
2 0.39609375 0.6765625 0.025 0.03125
2 0.403125 0.7046875 0.025 0.0375
2 0.39140625 0.73359375 0.0234375 0.034375
2 0.38359375 0.70234375 0.025 0.034375
2 0.3703125 0.73125 0.025 0.040625
2 0.36484375 0.69140625 0.025 0.0296875
2 0.35 0.71796875 0.0234375 0.0359375
2 0.33359375 0.7015625 0.028125 0.034375
2 0.32265625 0.67421875 0.025 0.034375
2 0.34609375 0.67421875 0.025 0.03125
2 0.31484375 0.6453125 0.025 0.03125