2 0.71796875 0.51953125 0.0375 0.0296875
2 0.7171875 0.546875 0.034375 0.0265625
2 0.675 0.4984375 0.04375 0.03125
2 0.68359375 0.52109375 0.0375 0.028125
2 0.68125 0.5453125 0.0375 0.025
2 0.68125 0.56796875 0.034375 0.03125
2 0.653125 0.540625 0.0375 0.025
2 0.65078125 0.5640625 0.034375 0.025
2 0.6484375 0.58359375 0.040625 0.0296875
2 0.615625 0.58828125 0.034375 0.03125
2 0.64296875 0.4640625 0.0375 0.0296875
2 0.61171875 0.4328125 0.0375 0.028125
2 0.578125 0.425 0.040625 0.025
2 0.57265625 0.40078125 0.0390625 0.021875
2 0.5796875 0.38203125 0.0375 0.025
2 0.55390625 0.3765625 0.0375 0.028125
2 0.5234375 0.36796875 0.0390625 0.03125
2 0.5484375 0.40078125 0.0390625 0.028125
2 0.51875 0.39296875 0.0375 0.025
2 0.55234375 0.4203125 0.0375 0.028125
2 0.52421875 0.415625 0.034375 0.03125
2 0.49296875 0.42265625 0.0390625 0.028125
2 0.49765625 0.44296875 0.034375 0.025
2 0.475 0.43828125 0.0328125 0.021875
2 0.4484375 0.43984375 0.040625 0.0296875
2 0.45234375 0.4625 0.05 0.0234375
2 0.44375 0.4828125 0.0328125 0.028125
2 0.4328125 0.50234375 0.0375 0.0328125
2 0.44296875 0.53828125 0.040625 0.028125
2 0.4515625 0.55703125 0.04375 0.034375
2 0.4609375 0.578125 0.05 0.0265625
2 0.46484375 0.603125 0.05625 0.0265625
2 0.58203125 0.60546875 0.0484375 0.028125
2 0.5875 0.58125 0.0328125 0.028125
2 0.55546875 0.62421875 0.05625 0.0375
0 0.60703125 0.4640625 0.040625 0.025
0 0.57578125 0.45078125 0.03125 0.021875
0 0.5484375 0.4484375 0.034375 0.0296875
0 0.521875 0.4515625 0.0375 0.028125
0 0.52109375 0.47421875 0.0375 0.028125
0 0.4953125 0.465625 0.0375 0.03125
0 0.4734375 0.48515625 0.0375 0.03125
0 0.471875 0.50390625 0.034375 0.021875
0 0.50078125 0.51015625 0.028125 0.021875
0 0.47734375 0.52421875 0.034375 0.025
0 0.4921875 0.5453125 0.0234375 0.0234375
0 0.475 0.5515625 0.03125 0.025
0 0.63984375 0.50078125 0.0390625 0.0296875
0 0.6203125 0.4796875 0.0328125 0.0234375
0 0.60078125 0.4953125 0.0390625 0.025
0 0.5875 0.47890625 0.0421875 0.025
0 0.56328125 0.46796875 0.040625 0.0234375
0 0.55078125 0.48359375 0.0375 0.021875
0 0.53203125 0.4984375 0.0375 0.028125
0 0.5625 0.50546875 0.040625 0.0234375
0 0.5859375 0.51640625 0.0390625 0.0203125
0 0.61953125 0.5171875 0.034375 0.021875
0 0.609375 0.53828125 0.034375 0.021875
0 0.5796875 0.5359375 0.0375 0.021875
0 0.6078125 0.56171875 0.034375 0.028125
0 0.57734375 0.55546875 0.046875 0.0265625
0 0.55078125 0.54765625 0.034375 0.021875
0 0.55234375 0.5265625 0.034375 0.0203125
0 0.52421875 0.52265625 0.0328125 0.021875
0 0.521875 0.54296875 0.034375 0.028125
0 0.5234375 0.56171875 0.0390625 0.028125
0 0.54765625 0.57890625 0.04375 0.025
0 0.51953125 0.60546875 0.0421875 0.025
2 0.5578125 0.73984375 0.046875 0.0375
2 0.58046875 0.759375 0.046875 0.03125
2 0.61171875 0.75546875 0.040625 0.0390625
2 0.6453125 0.7578125 0.046875 0.0265625
2 0.6625 0.77734375 0.04375 0.03125
2 0.62890625 0.78046875 0.0375 0.0296875
2 0.60078125 0.7796875 0.034375 0.03125
2 0.61328125 0.80078125 0.0421875 0.03125
2 0.634375 0.8171875 0.04375 0.028125
2 0.66796875 0.80234375 0.040625 0.028125
2 0.684375 0.8234375 0.0375 0.0234375
2 0.66484375 0.840625 0.0484375 0.0328125
2 0.70390625 0.8453125 0.04375 0.03125