0 0.5515625 0.53828125 0.0265625 0.028125
2 0.54140625 0.55703125 0.021875 0.0296875
2 0.55 0.584375 0.025 0.0296875
2 0.56953125 0.5890625 0.025 0.0359375
2 0.56484375 0.5609375 0.021875 0.03125
2 0.590625 0.4921875 0.028125 0.0375
2 0.6046875 0.5171875 0.0265625 0.0328125
2 0.59609375 0.546875 0.025 0.034375
2 0.61796875 0.54765625 0.025 0.0375
2 0.64296875 0.54296875 0.028125 0.0359375
2 0.64375 0.571875 0.0296875 0.0359375
2 0.6296875 0.515625 0.025 0.034375
2 0.65234375 0.515625 0.021875 0.034375
2 0.6359375 0.4875 0.021875 0.03125
2 0.6109375 0.3375 0.0265625 0.034375
2 0.5859375 0.34609375 0.0265625 0.0375
2 0.56875 0.36640625 0.025 0.0390625
2 0.58046875 0.39140625 0.0265625 0.03125
2 0.6015625 0.4640625 0.028125 0.034375
0 0.5953125 0.42265625 0.025 0.0359375
0 0.590625 0.37265625 0.0234375 0.034375
0 0.609375 0.3953125 0.0296875 0.040625
0 0.61484375 0.446875 0.025 0.0328125
0 0.6375 0.45390625 0.0265625 0.040625
0 0.65546875 0.47578125 0.025 0.040625
0 0.6625 0.44453125 0.028125 0.0375
0 0.646875 0.41796875 0.025 0.040625
0 0.66640625 0.38984375 0.028125 0.0421875
0 0.66953125 0.41875 0.025 0.0453125
1 0.6890625 0.41015625 0.025 0.0390625
1 0.74609375 0.41796875 0.0296875 0.0390625
1 0.7625 0.4359375 0.0265625 0.034375
1 0.75546875 0.4671875 0.028125 0.0390625
1 0.73828125 0.44453125 0.0265625 0.0390625
1 0.7703125 0.5234375 0.028125 0.0421875
1 0.80703125 0.4515625 0.028125 0.040625
1 0.81015625 0.4171875 0.028125 0.040625
1 0.79375 0.3828125 0.03125 0.0375
0 0.703125 0.37265625 0.028125 0.040625
0 0.69296875 0.4390625 0.025 0.034375
0 0.71640625 0.43984375 0.021875 0.04375
0 0.725 0.41171875 0.025 0.040625
0 0.72578125 0.47421875 0.028125 0.0359375
0 0.74296875 0.5125 0.0296875 0.040625
0 0.7953125 0.53359375 0.028125 0.0453125
0 0.78828125 0.49609375 0.025 0.040625
0 0.81328125 0.5078125 0.028125 0.0421875
0 0.81953125 0.5390625 0.0296875 0.046875
0 0.84609375 0.5125 0.03125 0.0375
0 0.853125 0.54296875 0.0375 0.040625
2 0.90390625 0.49609375 0.03125 0.040625
2 0.89375 0.46171875 0.0296875 0.0328125
2 0.884375 0.43046875 0.03125 0.040625
2 0.86015625 0.42734375 0.03125 0.0375
2 0.86875 0.45625 0.028125 0.0390625
2 0.8484375 0.45390625 0.028125 0.0375
2 0.85625 0.48359375 0.028125 0.0453125
2 0.87890625 0.4890625 0.03125 0.046875
2 0.89140625 0.5265625 0.03125 0.046875
2 0.8578125 0.57265625 0.03125 0.0328125
2 0.83828125 0.590625 0.03125 0.04375
2 0.81171875 0.57890625 0.028125 0.040625
2 0.78671875 0.571875 0.03125 0.0375
2 0.7875 0.6 0.03125 0.0328125
2 0.7640625 0.6171875 0.03125 0.0375
2 0.76796875 0.559375 0.03125 0.0390625
2 0.7640625 0.58671875 0.0296875 0.0375
2 0.74296875 0.571875 0.028125 0.0375
2 0.74296875 0.5484375 0.0234375 0.0359375
2 0.8328125 0.37578125 0.03125 0.034375
2 0.8578125 0.39453125 0.0296875 0.0390625
0 0.8375 0.4109375 0.03125 0.040625
0 0.82890625 0.43984375 0.0296875 0.0375
0 0.771875 0.36484375 0.0265625 0.034375
2 0.7328125 0.3328125 0.034375 0.040625
2 0.7328125 0.36328125 0.0265625 0.0375
2 0.71171875 0.3140625 0.0296875 0.046875
2 0.6890625 0.325 0.0265625 0.0375
2 0.70703125 0.3453125 0.025 0.034375
2 0.68515625 0.3484375 0.025 0.0359375
2 0.6890625 0.4640625 0.028125 0.0328125
2 0.7078125 0.47421875 0.0234375 0.0375
2 0.70390625 0.5015625 0.0265625 0.040625
2 0.6796875 0.48671875 0.028125 0.0359375
2 0.6453125 0.31328125 0.0328125 0.040625
2 0.66484375 0.33984375 0.028125 0.040625
2 0.646875 0.353125 0.0296875 0.0375
0 0.6421875 0.384375 0.028125 0.0375
2 0.6265625 0.3609375 0.021875 0.040625
2 0.61015625 0.3578125 0.03125 0.0421875