2 0.73125 0.50390625 0.01875 0.028125
2 0.71171875 0.54453125 0.01875 0.025
2 0.70234375 0.52421875 0.0203125 0.025
2 0.68828125 0.5109375 0.01875 0.0265625
2 0.68203125 0.53515625 0.01875 0.021875
2 0.6953125 0.54609375 0.01875 0.01875
2 0.7046875 0.5609375 0.021875 0.028125
2 0.69453125 0.5796875 0.015625 0.025
2 0.6859375 0.5625 0.015625 0.025
2 0.66953125 0.5578125 0.01875 0.028125
2 0.675 0.5796875 0.01875 0.025
2 0.6859375 0.5984375 0.021875 0.025
2 0.69375 0.6234375 0.01875 0.025
2 0.67421875 0.6203125 0.01875 0.028125
2 0.66328125 0.60078125 0.01875 0.0265625
2 0.665625 0.6390625 0.01875 0.0265625
2 0.65390625 0.621875 0.01875 0.028125
2 0.6578125 0.659375 0.0203125 0.0265625
2 0.62265625 0.63984375 0.0203125 0.025
2 0.6421875 0.6765625 0.0171875 0.0234375
2 0.64375 0.6453125 0.01875 0.025
2 0.63125 0.66328125 0.015625 0.0265625
2 0.61484375 0.6671875 0.0203125 0.0296875
2 0.66875 0.5171875 0.0203125 0.028125
2 0.65703125 0.5390625 0.01875 0.0234375
2 0.65078125 0.5640625 0.021875 0.025
2 0.6546875 0.58359375 0.01875 0.021875
2 0.64375 0.6 0.01875 0.025
2 0.63046875 0.615625 0.01875 0.025
2 0.6375 0.5796875 0.01875 0.021875
2 0.634375 0.55703125 0.015625 0.025
2 0.640625 0.534375 0.01875 0.0234375
2 0.6515625 0.5125 0.0171875 0.025
2 0.63671875 0.5078125 0.015625 0.028125
2 0.62421875 0.53046875 0.015625 0.025
2 0.61953125 0.56875 0.0171875 0.028125
2 0.625 0.59296875 0.015625 0.021875
2 0.6078125 0.5859375 0.015625 0.021875
2 0.6125 0.61328125 0.015625 0.025
2 0.59921875 0.60703125 0.0171875 0.025
2 0.60546875 0.6328125 0.01875 0.0265625
2 0.62109375 0.63984375 0.0203125 0.025
2 0.61953125 0.50234375 0.01875 0.0296875
2 0.60703125 0.525 0.01875 0.025
2 0.6140625 0.5484375 0.015625 0.021875
2 0.5984375 0.54375 0.015625 0.021875
2 0.6015625 0.5640625 0.0171875 0.025
2 0.590625 0.58515625 0.015625 0.025
2 0.58515625 0.5609375 0.0171875 0.025
2 0.60390625 0.49921875 0.01875 0.028125
2 0.596875 0.4734375 0.021875 0.025
2 0.58828125 0.49375 0.01875 0.025
2 0.59375 0.51953125 0.015625 0.021875
2 0.58046875 0.53671875 0.015625 0.025
2 0.57734375 0.51328125 0.01875 0.025
2 0.57109375 0.5546875 0.01875 0.025
2 0.57734375 0.58125 0.0203125 0.025
2 0.559375 0.57109375 0.01875 0.03125
2 0.56328125 0.53125 0.01875 0.025
2 0.578125 0.475 0.01875 0.025
2 0.56796875 0.4921875 0.0171875 0.025
2 0.55625 0.50859375 0.01875 0.025
2 0.5625 0.46328125 0.01875 0.025
2 0.55390625 0.4828125 0.01875 0.025
2 0.54140625 0.49453125 0.021875 0.0296875
2 0.54609375 0.52578125 0.021875 0.025
2 0.5546875 0.54921875 0.0171875 0.01875
2 0.54140625 0.56796875 0.01875 0.028125
2 0.53515625 0.54453125 0.015625 0.028125
2 0.53046875 0.51640625 0.015625 0.03125
2 0.51953125 0.5375 0.0171875 0.028125
2 0.546875 0.4546875 0.0203125 0.03125
2 0.5359375 0.47421875 0.01875 0.025
2 0.53046875 0.4453125 0.0203125 0.028125
2 0.51953125 0.4640625 0.015625 0.025
2 0.5234375 0.49296875 0.01875 0.0265625
2 0.509375 0.4859375 0.0203125 0.028125
2 0.51484375 0.5109375 0.01875 0.028125
2 0.50078125 0.534375 0.0171875 0.025
2 0.49921875 0.50625 0.0203125 0.028125
2 0.48671875 0.5265625 0.01875 0.0265625
2 0.4703125 0.5203125 0.0203125 0.0296875
2 0.4546875 0.515625 0.01875 0.0296875
2 0.43828125 0.51171875 0.01875 0.03125
2 0.48125 0.49921875 0.01875 0.03125
2 0.46640625 0.49375 0.015625 0.028125
2 0.4484375 0.48984375 0.01875 0.028125
2 0.43046875 0.48671875 0.01875 0.028125
2 0.4921875 0.4828125 0.021875 0.0265625
2 0.50390625 0.46328125 0.01875 0.025
2 0.51171875 0.44140625 0.015625 0.03125
2 0.51875 0.41875 0.01875 0.0296875
2 0.478125 0.47421875 0.0203125 0.028125
2 0.48828125 0.4546875 0.01875 0.028125
2 0.49765625 0.43515625 0.021875 0.034375
2 0.50234375 0.40859375 0.0203125 0.028125
2 0.4609375 0.4703125 0.021875 0.028125
2 0.46953125 0.45234375 0.0203125 0.028125
2 0.4796875 0.43203125 0.0171875 0.028125
2 0.484375 0.41015625 0.01875 0.028125
2 0.440625 0.4671875 0.021875 0.025
2 0.4515625 0.44765625 0.01875 0.0265625
2 0.46171875 0.42890625 0.01875 0.028125
2 0.46796875 0.40859375 0.01875 0.025
2 0.47578125 0.38359375 0.01875 0.03125
2 0.4625 0.36328125 0.0203125 0.028125
2 0.45859375 0.3859375 0.01875 0.025
2 0.45234375 0.41015625 0.021875 0.0265625
2 0.44375 0.42890625 0.01875 0.025
2 0.434375 0.446875 0.021875 0.028125
2 0.421875 0.46328125 0.01875 0.0265625
2 0.409375 0.48359375 0.01875 0.025
2 0.44609375 0.37109375 0.01875 0.025
2 0.43984375 0.39296875 0.01875 0.025
2 0.43125 0.4125 0.0171875 0.0234375
2 0.42109375 0.43046875 0.01875 0.028125
2 0.409375 0.4484375 0.01875 0.025
2 0.396875 0.46640625 0.021875 0.028125
2 0.4328125 0.35546875 0.0203125 0.028125
2 0.42890625 0.378125 0.0203125 0.0234375
2 0.41875 0.3984375 0.01875 0.025
2 0.40625 0.41796875 0.01875 0.028125
2 0.3953125 0.4359375 0.01875 0.0265625
2 0.38046875 0.45078125 0.01875 0.021875
2 0.415625 0.3578125 0.01875 0.028125
2 0.40703125 0.378125 0.01875 0.025
2 0.3984375 0.3984375 0.021875 0.025
2 0.38671875 0.41875 0.01875 0.028125
2 0.396875 0.35546875 0.01875 0.028125
2 0.3890625 0.37734375 0.01875 0.0265625
2 0.378125 0.3984375 0.01875 0.025
2 0.38046875 0.35625 0.01875 0.0265625
2 0.37109375 0.375 0.01875 0.025
2 0.36015625 0.39765625 0.01875 0.021875
2 0.36953125 0.41953125 0.01875 0.025
2 0.36328125 0.44375 0.01875 0.025
2 0.3515625 0.421875 0.01875 0.028125
2 0.3453125 0.446875 0.01875 0.025
2 0.36171875 0.353125 0.0203125 0.025
2 0.35625 0.328125 0.0234375 0.028125
2 0.35234375 0.3734375 0.01875 0.025
2 0.34453125 0.34921875 0.01875 0.028125
2 0.34375 0.39453125 0.01875 0.025
2 0.33515625 0.3703125 0.015625 0.028125
2 0.33671875 0.41640625 0.01875 0.0296875
2 0.321875 0.4078125 0.01875 0.03125
2 0.31796875 0.3796875 0.0203125 0.0296875
2 0.3265625 0.35 0.01875 0.0265625
2 0.334375 0.32578125 0.0203125 0.0265625
2 0.31015625 0.34921875 0.01875 0.025
2 0.31015625 0.32265625 0.01875 0.025
2 0.30078125 0.3703125 0.01875 0.0265625
2 0.30703125 0.39609375 0.01875 0.0265625
2 0.28828125 0.4078125 0.021875 0.0265625
2 0.2859375 0.384375 0.01875 0.0265625
2 0.29453125 0.34375 0.0203125 0.025
2 0.290625 0.31796875 0.0203125 0.028125
2 0.2796875 0.29375 0.021875 0.03125
2 0.2734375 0.32578125 0.01875 0.025
2 0.27890625 0.35703125 0.0171875 0.028125
2 0.26328125 0.34375 0.021875 0.0234375
2 0.2625 0.3671875 0.0203125 0.028125
2 0.271875 0.39375 0.01875 0.025
2 0.25234375 0.38828125 0.0203125 0.028125
2 0.26171875 0.30859375 0.01875 0.03125
2 0.2515625 0.3265625 0.01875 0.021875
2 0.2453125 0.35234375 0.01875 0.025
2 0.23828125 0.375 0.0203125 0.0265625
2 0.23515625 0.2875 0.021875 0.028125
2 0.23125 0.3140625 0.0203125 0.021875
2 0.23125 0.33984375 0.0203125 0.025
2 0.221875 0.359375 0.01875 0.028125
2 0.21875 0.384375 0.021875 0.0296875
2 0.21796875 0.27421875 0.01875 0.0296875
2 0.2140625 0.2984375 0.0203125 0.03125
2 0.2140625 0.3265625 0.01875 0.025
2 0.2046875 0.346875 0.01875 0.025
2 0.20078125 0.3734375 0.0203125 0.0265625
2 0.2 0.2765625 0.0203125 0.028125
2 0.1984375 0.303125 0.0203125 0.03125
2 0.19453125 0.328125 0.0203125 0.025
2 0.1875 0.3515625 0.021875 0.025
2 0.18046875 0.37421875 0.0203125 0.028125
2 0.18203125 0.26640625 0.01875 0.03125
2 0.1796875 0.2921875 0.01875 0.0265625
2 0.1765625 0.31640625 0.021875 0.025
2 0.16875 0.3390625 0.0203125 0.0234375
2 0.16328125 0.3609375 0.01875 0.025
2 0.1609375 0.27421875 0.01875 0.0265625
2 0.1609375 0.29921875 0.0203125 0.025
2 0.1546875 0.32578125 0.021875 0.025
2 0.14765625 0.34921875 0.01875 0.025
2 0.1453125 0.259375 0.0234375 0.028125
2 0.1453125 0.284375 0.01875 0.025
2 0.13984375 0.30859375 0.021875 0.0234375
2 0.13515625 0.32890625 0.01875 0.03125
2 0.134375 0.36015625 0.025 0.0328125
2 0.125 0.2484375 0.01875 0.025
2 0.1265625 0.278125 0.0203125 0.0265625
2 0.1234375 0.30390625 0.0203125 0.021875
2 0.1140625 0.325 0.0203125 0.028125
2 0.11484375 0.34921875 0.0203125 0.028125
2 0.103125 0.253125 0.021875 0.028125
2 0.1078125 0.2796875 0.021875 0.025
2 0.1015625 0.30078125 0.021875 0.028125
2 0.09609375 0.32890625 0.0203125 0.028125
2 0.09609375 0.3546875 0.021875 0.028125
2 0.0875 0.2703125 0.01875 0.0234375
2 0.084375 0.29296875 0.01875 0.0265625
2 0.0796875 0.3171875 0.0203125 0.0296875
2 0.0765625 0.34453125 0.01875 0.0296875
2 0.0671875 0.2640625 0.01875 0.0296875
2 0.06484375 0.28828125 0.01875 0.025
2 0.0609375 0.31484375 0.0203125 0.028125
2 0.0578125 0.3453125 0.01875 0.03125
2 0.046875 0.2703125 0.021875 0.03125
2 0.046875 0.296875 0.021875 0.0265625
2 0.04375 0.325 0.0203125 0.028125
2 0.040625 0.3515625 0.021875 0.0296875
2 0.03046875 0.27734375 0.0203125 0.03125
2 0.02734375 0.30703125 0.01875 0.0234375
2 0.0234375 0.33046875 0.0171875 0.025
2 0.01953125 0.3546875 0.0234375 0.034375
2 0.01171875 0.2625 0.021875 0.028125
2 0.0125 0.2921875 0.01875 0.0265625
2 0.009375 0.3171875 0.01875 0.028125
2 0.00546875 0.34296875 0.0109375 0.03125