1 0.53671875 0.678125 0.03671875 0.025
1 0.51484375 0.7015625 0.03359375 0.028125
1 0.53671875 0.71328125 0.034375 0.0234375
1 0.559375 0.6953125 0.02890625 0.02109375
1 0.58984375 0.70390625 0.02890625 0.02109375
1 0.56875 0.721875 0.0296875 0.02265625
1 0.5484375 0.7453125 0.03125 0.021875
1 0.52421875 0.7375 0.03046875 0.021875
1 0.51640625 0.76796875 0.03359375 0.0234375
1 0.5390625 0.77578125 0.03203125 0.01953125
1 0.56484375 0.7671875 0.02734375 0.02265625
1 0.621875 0.71171875 0.03359375 0.01953125
1 0.64453125 0.73046875 0.03671875 0.01953125
1 0.6234375 0.7515625 0.034375 0.02265625
1 0.6578125 0.7515625 0.034375 0.02421875
1 0.67734375 0.7296875 0.03515625 0.02578125
1 0.67734375 0.70546875 0.02890625 0.02109375
1 0.5953125 0.76640625 0.034375 0.025
1 0.6796875 0.7859375 0.0328125 0.02578125
1 0.69296875 0.753125 0.02890625 0.025
1 0.709375 0.7296875 0.034375 0.02734375
1 0.5859375 0.7453125 0.0296875 0.02109375
1 0.596875 0.7234375 0.034375 0.0171875
0 0.540625 0.6203125 0.03671875 0.02421875
0 0.55234375 0.64296875 0.02890625 0.02421875
0 0.52578125 0.646875 0.0328125 0.025
0 0.49375 0.646875 0.03359375 0.025
0 0.5125 0.66875 0.0296875 0.0265625
0 0.45390625 0.66953125 0.03359375 0.028125
0 0.4796875 0.66875 0.03984375 0.02421875
0 0.46796875 0.6921875 0.03046875 0.025
0 0.49609375 0.690625 0.02890625 0.02265625
0 0.48359375 0.715625 0.0359375 0.02265625
0 0.57578125 0.67421875 0.03515625 0.0265625
0 0.64921875 0.70390625 0.03046875 0.025
0 0.6203125 0.69453125 0.0265625 0.021875
2 0.6 0.6359375 0.040625 0.0265625
2 0.61328125 0.6578125 0.03515625 0.0265625
2 0.63984375 0.6703125 0.03359375 0.025
2 0.66640625 0.659375 0.03671875 0.028125
2 0.68984375 0.67734375 0.03828125 0.0265625
2 0.7484375 0.75234375 0.040625 0.03359375
2 0.734375 0.78125 0.03671875 0.03359375
2 0.41796875 0.68046875 0.0390625 0.028125
2 0.45 0.63984375 0.0375 0.02734375
2 0.43359375 0.70859375 0.034375 0.03671875
2 0.45390625 0.73359375 0.03359375 0.03046875
2 0.709375 0.81171875 0.03671875 0.0328125
2 0.66015625 0.825 0.04296875 0.0375
2 0.6296875 0.8 0.03828125 0.03203125
2 0.5921875 0.796875 0.0359375 0.0265625
2 0.725 0.71484375 0.0359375 0.03046875
2 0.55 0.7921875 0.03515625 0.02578125
2 0.49375 0.615625 0.0359375 0.02734375
2 0.52578125 0.59453125 0.034375 0.0265625
2 0.5515625 0.603125 0.02890625 0.02421875
2 0.56484375 0.5859375 0.0328125 0.028125
2 0.5328125 0.57421875 0.03984375 0.028125
2 0.5578125 0.5625 0.0359375 0.0234375