0 0.55 0.54765625 0.028125 0.040625
0 0.57109375 0.52578125 0.0328125 0.0359375
0 0.5703125 0.56328125 0.03125 0.0421875
0 0.56875 0.49453125 0.034375 0.0375
0 0.56796875 0.459375 0.034375 0.040625
0 0.57265625 0.4265625 0.0328125 0.0453125
0 0.58203125 0.3984375 0.0328125 0.0359375
0 0.6046875 0.41015625 0.03125 0.040625
0 0.59296875 0.4390625 0.025 0.0375
0 0.60390625 0.3765625 0.03125 0.034375
0 0.59140625 0.475 0.0328125 0.04375
0 0.58984375 0.50625 0.03125 0.04375
0 0.59296875 0.54765625 0.0359375 0.04375
0 0.6125 0.5296875 0.03125 0.0421875
0 0.61328125 0.49296875 0.03125 0.05
0 0.6171875 0.46015625 0.028125 0.040625
0 0.62578125 0.43203125 0.028125 0.04375
0 0.6265625 0.3953125 0.028125 0.0421875
0 0.62578125 0.3578125 0.0296875 0.0375
0 0.64453125 0.34140625 0.034375 0.04375
0 0.64609375 0.37578125 0.03125 0.0375
0 0.64765625 0.4125 0.0328125 0.040625
0 0.64609375 0.446875 0.034375 0.0421875
0 0.63671875 0.48125 0.028125 0.0375
0 0.63515625 0.51328125 0.0296875 0.046875
0 0.65625 0.49765625 0.03125 0.05
0 0.66953125 0.47109375 0.0265625 0.0375
0 0.66953125 0.4328125 0.028125 0.04375
0 0.67109375 0.4 0.028125 0.04375
0 0.6703125 0.359375 0.03125 0.0421875
0 0.6671875 0.325 0.028125 0.04375
0 0.6953125 0.2703125 0.03125 0.0421875
0 0.6890625 0.30546875 0.03125 0.040625
0 0.6890625 0.34140625 0.028125 0.0453125
0 0.69140625 0.3796875 0.03125 0.040625
0 0.6921875 0.4140625 0.03125 0.04375
0 0.6921875 0.44765625 0.03125 0.0375
0 0.6921875 0.48203125 0.03125 0.040625
0 0.715625 0.246875 0.03125 0.0375
0 0.715625 0.28203125 0.03125 0.040625
0 0.7109375 0.31796875 0.03125 0.04375
0 0.7109375 0.3515625 0.0375 0.046875
0 0.7140625 0.390625 0.03125 0.04375
0 0.71484375 0.42578125 0.03125 0.0421875
0 0.7171875 0.459375 0.0328125 0.040625
0 0.73984375 0.253125 0.028125 0.0375
0 0.740625 0.2890625 0.028125 0.04375
0 0.7359375 0.33046875 0.034375 0.05
0 0.73671875 0.36484375 0.03125 0.04375
0 0.73984375 0.40234375 0.03125 0.0453125
0 0.740625 0.43359375 0.03125 0.04375
0 0.7640625 0.41328125 0.03125 0.04375
0 0.7609375 0.3765625 0.0296875 0.04375
0 0.7609375 0.3375 0.03125 0.05
0 0.76484375 0.30234375 0.0296875 0.040625
0 0.7671875 0.26875 0.03125 0.0453125
0 0.7859375 0.28046875 0.0296875 0.0421875
0 0.7875 0.31875 0.03125 0.04375
0 0.7828125 0.353125 0.03125 0.0453125
0 0.7828125 0.39375 0.0328125 0.04375
0 0.81171875 0.334375 0.03125 0.040625
0 0.809375 0.36796875 0.03125 0.0453125
0 0.834375 0.3484375 0.0296875 0.046875
2 0.79375 0.16171875 0.03125 0.040625
2 0.75 0.171875 0.03125 0.04375
2 0.771875 0.18125 0.03125 0.040625
2 0.79140625 0.19921875 0.034375 0.04375
2 0.81640625 0.2140625 0.0296875 0.0375
2 0.79296875 0.2390625 0.025 0.0375
2 0.81484375 0.25390625 0.03125 0.040625
2 0.81953125 0.29140625 0.034375 0.040625
2 0.840625 0.30703125 0.03125 0.0375
2 0.86953125 0.359375 0.03125 0.046875
2 0.8484375 0.3796875 0.028125 0.0359375
2 0.82421875 0.4 0.034375 0.040625
2 0.79921875 0.41796875 0.034375 0.0421875
2 0.77578125 0.43203125 0.034375 0.04375
2 0.75703125 0.4578125 0.03125 0.0375
2 0.7328125 0.48515625 0.03125 0.0421875
2 0.7109375 0.503125 0.0328125 0.0421875
2 0.68828125 0.51875 0.03125 0.040625
2 0.74375 0.20625 0.028125 0.0375
2 0.76875 0.221875 0.0328125 0.040625
2 0.721875 0.19375 0.034375 0.05
2 0.7015625 0.21875 0.03125 0.0375
2 0.678125 0.24453125 0.0296875 0.0421875
2 0.65703125 0.26015625 0.028125 0.0375
2 0.6375 0.27890625 0.03125 0.0375
2 0.65625 0.29765625 0.03125 0.0375
2 0.6140625 0.29375 0.0296875 0.04375
2 0.6328125 0.315625 0.03125 0.040625
2 0.6109375 0.33203125 0.028125 0.040625
2 0.58984375 0.3484375 0.0296875 0.04375
2 0.5703125 0.36796875 0.03125 0.040625
2 0.54765625 0.38203125 0.034375 0.040625
2 0.5265625 0.403125 0.03125 0.040625
2 0.54765625 0.4203125 0.028125 0.040625
2 0.5234375 0.4375 0.03125 0.040625
2 0.54609375 0.4578125 0.0296875 0.0375
2 0.528125 0.47578125 0.028125 0.0375
2 0.50390625 0.4546875 0.03125 0.040625
2 0.50703125 0.48671875 0.0328125 0.040625
2 0.48359375 0.50078125 0.03125 0.04375
2 0.49140625 0.53515625 0.03125 0.040625
2 0.5125 0.52578125 0.028125 0.0375
2 0.53046875 0.50859375 0.028125 0.0453125
2 0.515625 0.5640625 0.025 0.046875
2 0.48828125 0.571875 0.03125 0.046875
2 0.5328125 0.58515625 0.03125 0.046875
2 0.559375 0.596875 0.03125 0.0421875
2 0.6 0.6046875 0.034375 0.046875
2 0.62265625 0.58671875 0.03125 0.046875
2 0.64765625 0.56484375 0.0296875 0.04375
2 0.665625 0.5453125 0.03125 0.0375