2 0.34375 0.5203125 0.04140625 0.03359375
2 0.3515625 0.58203125 0.05546875 0.03671875
2 0.37265625 0.55703125 0.040625 0.0296875
2 0.409375 0.559375 0.0375 0.03046875
2 0.41484375 0.540625 0.0390625 0.03359375
2 0.40625 0.51640625 0.03359375 0.03125
2 0.43828125 0.5078125 0.04609375 0.03046875
2 0.4375 0.48125 0.04453125 0.03046875
2 0.471875 0.48203125 0.0375 0.0296875
2 0.4796875 0.5046875 0.040625 0.028125
2 0.4609375 0.525 0.040625 0.02890625
2 0.425 0.5828125 0.04296875 0.03046875
2 0.46171875 0.578125 0.03515625 0.0265625
2 0.45078125 0.603125 0.0453125 0.02890625
2 0.44765625 0.628125 0.0453125 0.02890625
2 0.4828125 0.6015625 0.0328125 0.0328125
2 0.4828125 0.5734375 0.03125 0.02734375
0 0.50078125 0.584375 0.03828125 0.03046875
0 0.53046875 0.5734375 0.040625 0.02734375
0 0.50546875 0.55546875 0.0375 0.02734375
2 0.52734375 0.60078125 0.04140625 0.0265625
2 0.56484375 0.60078125 0.040625 0.0328125
2 0.5484375 0.55 0.028125 0.03203125
0 0.5234375 0.490625 0.04296875 0.03125
0 0.571875 0.50625 0.0359375 0.02890625
0 0.62421875 0.49296875 0.03515625 0.025
0 0.60703125 0.509375 0.0328125 0.0234375
0 0.63125 0.5234375 0.0359375 0.02734375
0 0.6171875 0.54609375 0.03828125 0.025
0 0.5796875 0.56484375 0.040625 0.0265625
0 0.6109375 0.57109375 0.04375 0.028125
0 0.6546875 0.56171875 0.04375 0.0296875
1 0.57578125 0.5421875 0.03984375 0.02578125
1 0.56015625 0.52578125 0.03671875 0.028125
1 0.5953125 0.5296875 0.0359375 0.02734375
0 0.61484375 0.61015625 0.046875 0.03046875
0 0.60546875 0.6421875 0.03984375 0.0296875
0 0.640625 0.6328125 0.03671875 0.03046875
0 0.628125 0.66015625 0.0375 0.034375
0 0.615625 0.69140625 0.04921875 0.0328125
0 0.5765625 0.7109375 0.04453125 0.0328125
0 0.65234375 0.60703125 0.0359375 0.03046875
0 0.67734375 0.61875 0.0453125 0.03046875
0 0.66796875 0.665625 0.04140625 0.02734375
0 0.6984375 0.67890625 0.0390625 0.03125
1 0.66875 0.6421875 0.040625 0.03125
0 0.696875 0.64296875 0.034375 0.03046875
1 0.7546875 0.6234375 0.04296875 0.03515625
0 0.784375 0.6359375 0.0359375 0.02734375
0 0.75703125 0.6609375 0.05234375 0.03203125
0 0.78046875 0.68671875 0.0390625 0.0359375
0 0.8359375 0.66640625 0.04296875 0.03046875
0 0.84453125 0.69140625 0.0484375 0.02734375
0 0.85859375 0.71171875 0.0453125 0.0328125
2 0.86796875 0.63515625 0.04453125 0.028125
2 0.87734375 0.66328125 0.0375 0.03046875
2 0.7078125 0.72578125 0.04453125 0.040625
2 0.6640625 0.7296875 0.05078125 0.03515625
2 0.6515625 0.7046875 0.0375 0.0328125
2 0.7421875 0.70390625 0.03671875 0.03203125
2 0.77265625 0.71484375 0.03984375 0.034375
2 0.525 0.69375 0.04453125 0.03203125
2 0.46484375 0.66328125 0.0375 0.025
2 0.4875 0.6421875 0.03984375 0.02734375
2 0.46875 0.68984375 0.04296875 0.02890625
2 0.51640625 0.7125 0.0390625 0.03359375
2 0.525 0.746875 0.04765625 0.03671875
2 0.5796875 0.74296875 0.046875 0.040625
2 0.54609375 0.715625 0.0359375 0.03125
2 0.571875 0.68515625 0.04296875 0.03046875
2 0.59140625 0.66640625 0.0453125 0.02578125
2 0.553125 0.65390625 0.053125 0.034375
2 0.5546875 0.625 0.040625 0.028125
2 0.58203125 0.6359375 0.03046875 0.03125