0 0.63203125 0.66171875 0.0296875 0.021875
0 0.665625 0.634375 0.03125 0.025
0 0.6390625 0.63046875 0.028125 0.021875
0 0.62421875 0.64296875 0.028125 0.021875
0 0.60546875 0.65390625 0.03125 0.021875
0 0.6 0.63671875 0.03125 0.021875
0 0.646875 0.596875 0.0328125 0.025
0 0.61953125 0.60625 0.025 0.021875
0 0.60234375 0.6171875 0.028125 0.021875
0 0.57421875 0.62578125 0.034375 0.0203125
0 0.59375 0.6 0.028125 0.021875
0 0.56875 0.6109375 0.0328125 0.0203125
0 0.59921875 0.58359375 0.0375 0.021875
0 0.596875 0.56484375 0.03125 0.021875
0 0.56640625 0.57421875 0.028125 0.0203125
0 0.575 0.55390625 0.0265625 0.021875
0 0.56484375 0.590625 0.03125 0.021875
0 0.54140625 0.584375 0.03125 0.021875
0 0.5453125 0.603125 0.0296875 0.021875
0 0.51953125 0.6109375 0.0296875 0.021875
0 0.490625 0.625 0.034375 0.0234375
0 0.51640625 0.59140625 0.034375 0.025
0 0.5171875 0.571875 0.03125 0.021875
0 0.54140625 0.565625 0.03125 0.021875
0 0.55078125 0.5453125 0.03125 0.025
0 0.54140625 0.5265625 0.034375 0.021875
0 0.5453125 0.5078125 0.03125 0.021875
0 0.521875 0.496875 0.03125 0.021875
0 0.51875 0.515625 0.028125 0.0203125
0 0.5125 0.53203125 0.0296875 0.021875
0 0.52734375 0.54765625 0.0328125 0.021875
0 0.5015625 0.55625 0.028125 0.021875
0 0.478125 0.571875 0.034375 0.021875
0 0.4703125 0.553125 0.0296875 0.021875
0 0.44375 0.54375 0.03125 0.01875
0 0.44140625 0.5609375 0.03125 0.021875
0 0.4859375 0.54375 0.03125 0.0203125
0 0.4875 0.5234375 0.03125 0.021875
0 0.46171875 0.5328125 0.028125 0.0234375
0 0.44140625 0.5234375 0.0296875 0.025
0 0.4171875 0.5125 0.03125 0.0203125
0 0.4953125 0.50625 0.034375 0.021875
0 0.4671875 0.5125 0.03125 0.0203125
0 0.47265625 0.49609375 0.0296875 0.01875
0 0.49296875 0.4890625 0.0296875 0.0234375
0 0.51875 0.4796875 0.03125 0.021875
0 0.49921875 0.46875 0.0296875 0.028125
0 0.478125 0.45625 0.028125 0.0234375
0 0.47265625 0.4765625 0.03125 0.021875
0 0.45546875 0.46328125 0.03125 0.021875
0 0.43046875 0.45390625 0.028125 0.0203125
0 0.43125 0.471875 0.03125 0.021875
0 0.44765625 0.484375 0.028125 0.01875
0 0.4453125 0.503125 0.0296875 0.021875
0 0.41875 0.490625 0.034375 0.025
0 0.39921875 0.48125 0.03125 0.021875
0 0.4046875 0.46171875 0.034375 0.0234375
0 0.46953125 0.4296875 0.034375 0.025
2 0.4328125 0.346875 0.028125 0.021875
2 0.45625 0.35625 0.0296875 0.0234375
2 0.47734375 0.36484375 0.03125 0.025
2 0.5 0.371875 0.028125 0.021875
2 0.484375 0.3875 0.03125 0.021875
2 0.5109375 0.39375 0.028125 0.021875
2 0.5109375 0.4140625 0.03125 0.021875
2 0.4859375 0.40546875 0.028125 0.021875
2 0.52890625 0.425 0.034375 0.025
2 0.546875 0.4390625 0.03125 0.021875
2 0.525 0.4484375 0.028125 0.0203125
2 0.50625 0.43515625 0.021875 0.021875
2 0.48671875 0.4234375 0.021875 0.01875
2 0.46171875 0.41171875 0.028125 0.01875
2 0.4625 0.39609375 0.025 0.021875
2 0.4625 0.378125 0.03125 0.025
2 0.44140625 0.38984375 0.03125 0.0265625
2 0.43984375 0.36875 0.028125 0.025
2 0.4171875 0.3625 0.03125 0.01875
2 0.40703125 0.35 0.0296875 0.021875
2 0.38359375 0.35390625 0.0296875 0.025
2 0.4171875 0.37890625 0.03125 0.0234375
2 0.3921875 0.36875 0.03125 0.025
2 0.39453125 0.3890625 0.03125 0.021875
2 0.4125 0.3984375 0.03125 0.021875
2 0.43984375 0.40859375 0.03125 0.01875
2 0.44296875 0.428125 0.025 0.021875
2 0.41796875 0.4203125 0.03125 0.021875
2 0.4203125 0.43671875 0.03125 0.028125
2 0.39609375 0.42734375 0.03125 0.021875
2 0.396875 0.409375 0.03125 0.0203125
2 0.3765625 0.40078125 0.0328125 0.028125
2 0.36953125 0.3796875 0.028125 0.0296875
2 0.35 0.39375 0.03125 0.0234375
2 0.34609375 0.41328125 0.0296875 0.0203125
2 0.37109375 0.421875 0.028125 0.021875
2 0.34375 0.43046875 0.03125 0.025
2 0.36953125 0.4390625 0.0359375 0.021875
2 0.346875 0.45234375 0.0375 0.025
2 0.3734375 0.45859375 0.0328125 0.025
2 0.54609375 0.45703125 0.034375 0.0234375
2 0.56953125 0.4640625 0.03125 0.025
2 0.55 0.47421875 0.0296875 0.025
2 0.36015625 0.475 0.03125 0.0265625
2 0.36328125 0.4953125 0.028125 0.025
2 0.3859375 0.503125 0.034375 0.025
2 0.365625 0.515625 0.0328125 0.025
2 0.37734375 0.53046875 0.0328125 0.025
2 0.39921875 0.515625 0.03125 0.021875
2 0.57421875 0.4859375 0.028125 0.025
2 0.58984375 0.4984375 0.03125 0.025
2 0.58359375 0.51796875 0.03125 0.021875
2 0.59140625 0.53515625 0.03125 0.0234375
2 0.56484375 0.5296875 0.028125 0.0234375
2 0.63671875 0.575 0.034375 0.025
2 0.67109375 0.58515625 0.0375 0.028125
2 0.69140625 0.5921875 0.03125 0.025
2 0.71796875 0.603125 0.0375 0.0265625
2 0.7328125 0.6171875 0.03125 0.025
2 0.7140625 0.63203125 0.0359375 0.0234375
2 0.6921875 0.61640625 0.0296875 0.025
2 0.66953125 0.6046875 0.034375 0.021875
2 0.6875 0.63515625 0.028125 0.021875
2 0.70859375 0.65078125 0.0328125 0.021875
2 0.6828125 0.65390625 0.03125 0.025
2 0.659375 0.659375 0.03125 0.025
2 0.70078125 0.66796875 0.03125 0.025
2 0.68046875 0.6734375 0.03125 0.021875
2 0.69609375 0.68984375 0.034375 0.025
2 0.6734375 0.69609375 0.03125 0.0234375
2 0.65625 0.68046875 0.03125 0.025
2 0.6359375 0.690625 0.03125 0.025
2 0.615625 0.67890625 0.0328125 0.021875
2 0.59609375 0.6671875 0.0328125 0.021875
2 0.571875 0.6578125 0.03125 0.025
2 0.5484375 0.6484375 0.034375 0.0234375
2 0.54453125 0.6296875 0.03125 0.025
2 0.5265625 0.6421875 0.0328125 0.025
2 0.50546875 0.65234375 0.03125 0.028125
2 0.47578125 0.6453125 0.028125 0.021875
2 0.45625 0.65859375 0.0375 0.025
2 0.4515625 0.6390625 0.028125 0.028125
2 0.43203125 0.653125 0.025 0.025
2 0.4125 0.64453125 0.03125 0.025
2 0.43203125 0.6296875 0.03125 0.021875
2 0.4515625 0.61796875 0.0375 0.025
2 0.471875 0.60703125 0.0359375 0.025
2 0.48671875 0.59375 0.028125 0.025
2 0.45 0.596875 0.0375 0.028125
2 0.46953125 0.5828125 0.0359375 0.028125
2 0.434375 0.5828125 0.0296875 0.025
2 0.4078125 0.58125 0.0328125 0.021875
2 0.40234375 0.5640625 0.03125 0.021875
2 0.4078125 0.534375 0.028125 0.021875
2 0.390625 0.546875 0.03125 0.025
2 0.3796875 0.56875 0.0359375 0.028125
2 0.38125 0.5890625 0.0359375 0.025
2 0.40546875 0.5984375 0.03125 0.021875
2 0.43125 0.60703125 0.03125 0.025
2 0.40546875 0.61875 0.034375 0.021875
2 0.3859375 0.6109375 0.0296875 0.0265625
2 0.39140625 0.63515625 0.03125 0.025
2 0.6109375 0.69765625 0.028125 0.0234375
2 0.584375 0.7 0.03125 0.01875
2 0.66796875 0.715625 0.03125 0.0234375
2 0.6421875 0.71171875 0.03125 0.025
2 0.61484375 0.71640625 0.0375 0.028125
2 0.58359375 0.71953125 0.034375 0.025
2 0.696875 0.721875 0.034375 0.028125
2 0.678125 0.734375 0.03125 0.021875
2 0.6515625 0.73203125 0.0359375 0.021875
2 0.62421875 0.73359375 0.034375 0.025
2 0.725 0.7265625 0.0359375 0.025
2 0.70703125 0.7453125 0.034375 0.028125
2 0.68359375 0.7546875 0.0375 0.025
2 0.6578125 0.75234375 0.0375 0.03125
2 0.62734375 0.75390625 0.0390625 0.03125
2 0.60390625 0.7484375 0.03125 0.025
2 0.73828125 0.75 0.034375 0.028125
2 0.7234375 0.7875 0.0375 0.021875
2 0.721875 0.765625 0.03125 0.0203125
2 0.696875 0.76953125 0.034375 0.025
2 0.7640625 0.76171875 0.034375 0.021875
2 0.74765625 0.7796875 0.03125 0.025
2 0.775 0.7828125 0.0375 0.0296875
2 0.76171875 0.7984375 0.034375 0.025