1 0.48046875 0.7375 0.034375 0.0234375
1 0.4953125 0.753125 0.0265625 0.0203125
1 0.5328125 0.72734375 0.0296875 0.021875
1 0.74296875 0.53359375 0.0234375 0.021875
1 0.77265625 0.540625 0.03125 0.021875
0 0.265625 0.66953125 0.03125 0.021875
0 0.27734375 0.69296875 0.0375 0.025
0 0.2640625 0.709375 0.03125 0.021875
0 0.2515625 0.7234375 0.0296875 0.0234375
0 0.309375 0.665625 0.03125 0.01875
0 0.3046875 0.68515625 0.03125 0.0203125
0 0.33359375 0.6796875 0.028125 0.021875
0 0.30703125 0.7015625 0.0296875 0.0234375
0 0.3296875 0.6984375 0.025 0.021875
0 0.3828125 0.72265625 0.025 0.025
0 0.3796875 0.703125 0.034375 0.025
0 0.41015625 0.69609375 0.034375 0.021875
0 0.40625 0.7140625 0.03125 0.0203125
0 0.409375 0.73125 0.03125 0.021875
0 0.425 0.7453125 0.03125 0.0203125
0 0.4390625 0.7046875 0.034375 0.0265625
0 0.43125 0.7234375 0.0359375 0.021875
0 0.4640625 0.715625 0.0265625 0.021875
0 0.45625 0.73203125 0.0296875 0.0171875
0 0.45703125 0.75 0.028125 0.021875
0 0.49375 0.77578125 0.0296875 0.01875
0 0.51953125 0.7703125 0.025 0.025
0 0.54296875 0.75859375 0.0265625 0.01875
0 0.50546875 0.7359375 0.03125 0.021875
0 0.5203125 0.7140625 0.028125 0.021875
0 0.5515625 0.70625 0.0296875 0.021875
0 0.5796875 0.7171875 0.03125 0.025
0 0.5875 0.70078125 0.0328125 0.025
0 0.5625 0.68984375 0.034375 0.0234375
0 0.603125 0.68515625 0.03125 0.021875
0 0.59921875 0.6671875 0.034375 0.025
0 0.621875 0.69609375 0.034375 0.025
0 0.62890625 0.6578125 0.03125 0.0234375
0 0.63125 0.675 0.03125 0.021875
0 0.653125 0.69140625 0.03125 0.0265625
0 0.6796875 0.68359375 0.034375 0.0234375
0 0.65546875 0.66953125 0.03125 0.0234375
0 0.68203125 0.6609375 0.0328125 0.025
0 0.6546875 0.65 0.034375 0.025
0 0.6484375 0.628125 0.03125 0.0265625
1 0.671875 0.62265625 0.0265625 0.025
0 0.6828125 0.61015625 0.0296875 0.025
0 0.70234375 0.621875 0.0265625 0.0234375
0 0.66484375 0.5765625 0.0328125 0.0234375
0 0.64921875 0.56171875 0.025 0.025
0 0.66015625 0.5453125 0.03125 0.025
0 0.675 0.56171875 0.03125 0.0265625
0 0.696875 0.53984375 0.034375 0.0234375
0 0.71015625 0.55703125 0.0265625 0.025
0 0.7359375 0.56328125 0.034375 0.025
0 0.76015625 0.56796875 0.034375 0.025
0 0.72109375 0.52734375 0.028125 0.021875
0 0.74765625 0.515625 0.03125 0.021875
0 0.7765625 0.50625 0.03125 0.021875
0 0.7796875 0.52421875 0.03125 0.021875
0 0.80859375 0.50703125 0.0328125 0.025
0 0.80625 0.52890625 0.03125 0.021875
0 0.790625 0.54375 0.028125 0.025
2 0.81484375 0.47890625 0.034375 0.0296875
2 0.7828125 0.4890625 0.0359375 0.025
2 0.83828125 0.4890625 0.0375 0.028125
2 0.83359375 0.51015625 0.03125 0.0234375
2 0.746875 0.4984375 0.0359375 0.025
2 0.7234375 0.509375 0.034375 0.0234375
2 0.696875 0.503125 0.034375 0.0234375
2 0.67734375 0.51484375 0.03125 0.021875
2 0.6484375 0.52421875 0.0359375 0.0234375
2 0.6265625 0.5140625 0.0328125 0.021875
2 0.60234375 0.51953125 0.034375 0.021875
2 0.5828125 0.50625 0.0328125 0.025
2 0.584375 0.53515625 0.0359375 0.028125
2 0.60546875 0.55 0.03125 0.025
2 0.61796875 0.5328125 0.028125 0.0203125
2 0.70546875 0.58515625 0.03125 0.025
2 0.73359375 0.5890625 0.0328125 0.0234375
2 0.73046875 0.6078125 0.034375 0.025
2 0.72890625 0.62734375 0.0328125 0.021875
2 0.72578125 0.64296875 0.034375 0.021875
2 0.7296875 0.6609375 0.03125 0.0234375
2 0.759375 0.640625 0.03125 0.025
2 0.78125 0.62421875 0.034375 0.025
2 0.6515625 0.5984375 0.034375 0.021875
2 0.62890625 0.615625 0.0296875 0.0234375
2 0.61171875 0.6296875 0.03125 0.0234375
2 0.58203125 0.6234375 0.0296875 0.025
2 0.70078125 0.678125 0.028125 0.025
2 0.7078125 0.696875 0.0359375 0.025
2 0.55546875 0.61328125 0.0375 0.028125
2 0.52890625 0.62109375 0.0328125 0.025
2 0.50859375 0.6328125 0.028125 0.021875
2 0.53359375 0.64296875 0.03125 0.0234375
2 0.55703125 0.634375 0.028125 0.021875
2 0.55625 0.6515625 0.028125 0.0234375
2 0.58203125 0.64140625 0.0296875 0.0234375
2 0.55859375 0.66796875 0.0328125 0.021875
2 0.65859375 0.7109375 0.03125 0.021875
2 0.62421875 0.71875 0.0328125 0.028125
2 0.21015625 0.64765625 0.03125 0.0234375
2 0.190625 0.66484375 0.03125 0.021875
2 0.22265625 0.6625 0.0265625 0.021875
2 0.2421875 0.65234375 0.0234375 0.021875
2 0.28046875 0.640625 0.03125 0.021875
2 0.20703125 0.6828125 0.0359375 0.025
2 0.18515625 0.68984375 0.034375 0.021875
2 0.1953125 0.70859375 0.03125 0.028125
2 0.225 0.7 0.03125 0.0203125
2 0.22421875 0.71796875 0.028125 0.021875
2 0.24921875 0.68984375 0.025 0.021875
2 0.2453125 0.67109375 0.025 0.021875
2 0.2828125 0.7421875 0.034375 0.0234375
0 0.31171875 0.72421875 0.034375 0.021875
0 0.34765625 0.72890625 0.03125 0.0234375
2 0.36171875 0.6796875 0.0296875 0.025
2 0.34140625 0.66640625 0.03125 0.021875
2 0.35703125 0.69921875 0.025 0.021875
2 0.44296875 0.76796875 0.028125 0.025
2 0.41875 0.7609375 0.03125 0.021875
2 0.38984375 0.75390625 0.034375 0.025
2 0.4546875 0.7890625 0.03125 0.01875
2 0.47109375 0.775 0.025 0.021875
2 0.4828125 0.79453125 0.03125 0.025
2 0.51015625 0.80078125 0.03125 0.021875
2 0.540625 0.78359375 0.03125 0.0234375
2 0.5640625 0.7546875 0.025 0.021875
2 0.57890625 0.7359375 0.028125 0.0234375
2 0.52578125 0.7 0.03125 0.025
2 0.61015625 0.6484375 0.028125 0.01875
2 0.678125 0.59375 0.028125 0.021875
2 0.63046875 0.55859375 0.021875 0.0234375
2 0.64296875 0.53984375 0.025 0.021875
2 0.78359375 0.57421875 0.028125 0.021875
2 0.815625 0.54765625 0.028125 0.025
2 0.828125 0.53125 0.028125 0.028125