0 0.58984375 0.640625 0.034375 0.05625
0 0.5046875 0.71484375 0.034375 0.04375
0 0.4859375 0.74140625 0.0375 0.05
0 0.47109375 0.7078125 0.040625 0.0453125
0 0.4609375 0.66015625 0.0375 0.0515625
0 0.48828125 0.67265625 0.034375 0.046875
0 0.5203125 0.678125 0.0375 0.053125
0 0.55078125 0.68046875 0.040625 0.0578125
0 0.559375 0.64453125 0.034375 0.0453125
0 0.5703125 0.60625 0.034375 0.05
0 0.53046875 0.63984375 0.034375 0.05
0 0.5 0.640625 0.040625 0.05
0 0.4671875 0.621875 0.040625 0.046875
0 0.4765625 0.57890625 0.0375 0.0453125
0 0.50546875 0.59609375 0.0375 0.046875
0 0.53671875 0.6015625 0.034375 0.0453125
0 0.5546875 0.56015625 0.034375 0.05625
0 0.49375 0.55234375 0.034375 0.046875
0 0.5296875 0.521875 0.034375 0.0453125
0 0.54765625 0.49453125 0.0375 0.046875
0 0.5453125 0.45703125 0.0359375 0.0546875
0 0.57890625 0.43984375 0.0421875 0.053125
0 0.559375 0.40859375 0.0375 0.046875
0 0.58984375 0.38671875 0.034375 0.05
0 0.521875 0.434375 0.0375 0.046875
0 0.484375 0.44375 0.0375 0.05625
0 0.46328125 0.46328125 0.034375 0.0578125
0 0.43515625 0.4796875 0.034375 0.0546875
0 0.47109375 0.50390625 0.0359375 0.05
0 0.49609375 0.50625 0.034375 0.0421875
0 0.51796875 0.47578125 0.0375 0.05625
2 0.4125 0.69765625 0.04375 0.053125
2 0.4171875 0.65234375 0.0375 0.05
2 0.453125 0.7515625 0.040625 0.053125
2 0.44296875 0.71015625 0.034375 0.05
2 0.42890625 0.61328125 0.04375 0.053125
2 0.44375 0.5546875 0.0375 0.05625
2 0.43046875 0.52734375 0.0421875 0.05
2 0.4125 0.44921875 0.04375 0.05625
2 0.4140625 0.48984375 0.0421875 0.053125
2 0.43359375 0.4140625 0.034375 0.053125
2 0.46484375 0.40234375 0.0375 0.053125
2 0.4953125 0.3953125 0.0390625 0.053125
2 0.5125 0.7703125 0.034375 0.05
2 0.48046875 0.76796875 0.0375 0.046875
2 0.54375 0.7828125 0.04375 0.053125
2 0.5359375 0.74296875 0.0375 0.059375
2 0.5703125 0.74453125 0.040625 0.0578125
2 0.603125 0.70546875 0.0375 0.05625
2 0.63671875 0.71640625 0.0390625 0.0578125
2 0.621875 0.6734375 0.0375 0.05
2 0.65859375 0.6703125 0.0375 0.0515625
2 0.6359375 0.63671875 0.04375 0.053125
2 0.621875 0.6046875 0.040625 0.046875
2 0.60703125 0.571875 0.0375 0.0546875
2 0.590625 0.52890625 0.03125 0.0453125
2 0.58203125 0.4890625 0.0328125 0.05
2 0.6453125 0.56484375 0.040625 0.0578125
2 0.62421875 0.54765625 0.034375 0.053125
2 0.6140625 0.50390625 0.034375 0.0453125
2 0.634375 0.47421875 0.0375 0.046875
2 0.6046875 0.465625 0.03125 0.046875
2 0.62265625 0.440625 0.0375 0.0515625
2 0.65625 0.45078125 0.0390625 0.059375
2 0.63046875 0.39609375 0.034375 0.0515625
2 0.6625 0.4078125 0.0359375 0.0640625
2 0.690625 0.4375 0.04375 0.053125
2 0.6953125 0.3921875 0.040625 0.0546875
2 0.553125 0.3609375 0.04375 0.053125
2 0.5515625 0.31875 0.04375 0.05
2 0.55 0.26875 0.040625 0.0671875
2 0.5765625 0.33828125 0.040625 0.0625
2 0.5796875 0.2875 0.0375 0.0625
2 0.5796875 0.246875 0.0421875 0.059375
2 0.57578125 0.19921875 0.040625 0.059375
2 0.609375 0.35 0.0375 0.05
2 0.609375 0.30859375 0.0375 0.053125
2 0.6125 0.26875 0.0390625 0.059375
2 0.609375 0.21796875 0.0390625 0.065625
2 0.6078125 0.1703125 0.04375 0.0546875
2 0.64296875 0.359375 0.040625 0.0546875
2 0.6421875 0.3203125 0.0375 0.053125
2 0.63984375 0.278125 0.0375 0.0625
2 0.6359375 0.2375 0.0390625 0.05625
2 0.6359375 0.18203125 0.040625 0.0578125
2 0.63046875 0.13359375 0.04375 0.05625
2 0.6734375 0.36796875 0.0375 0.053125
2 0.67734375 0.3328125 0.0375 0.0546875
2 0.67578125 0.28828125 0.0359375 0.059375
2 0.6640625 0.25 0.034375 0.0515625
2 0.6625 0.20625 0.040625 0.046875
2 0.68984375 0.178125 0.040625 0.040625
2 0.6984375 0.140625 0.04375 0.0546875
2 0.66796875 0.10703125 0.040625 0.053125
2 0.66640625 0.15703125 0.034375 0.0546875
2 0.6953125 0.2203125 0.040625 0.05625
2 0.70234375 0.26640625 0.0375 0.053125
2 0.71015625 0.29765625 0.040625 0.0546875
2 0.7078125 0.34375 0.0375 0.053125
2 0.7375 0.26484375 0.040625 0.0625
2 0.73125 0.215625 0.04375 0.0625
2 0.72109375 0.17421875 0.04375 0.065625