0 0.30625 0.84921875 0.01875 0.0234375
0 0.2890625 0.859375 0.0203125 0.028125
0 0.2734375 0.87578125 0.01875 0.021875
0 0.271875 0.85234375 0.01875 0.0265625
0 0.28828125 0.83828125 0.021875 0.025
0 0.30546875 0.8296875 0.01875 0.028125
0 0.30390625 0.80625 0.0203125 0.03125
0 0.2890625 0.81640625 0.021875 0.0234375
0 0.2765625 0.8078125 0.021875 0.0234375
0 0.26953125 0.83359375 0.01875 0.028125
0 0.28828125 0.79375 0.01875 0.021875
0 0.3046875 0.78125 0.0203125 0.0265625
0 0.2890625 0.76875 0.01875 0.021875
0 0.27421875 0.77578125 0.0203125 0.028125
0 0.30078125 0.75 0.0203125 0.0296875
0 0.30390625 0.72890625 0.01875 0.0265625
0 0.28203125 0.75546875 0.021875 0.025
0 0.2765625 0.7328125 0.01875 0.028125
0 0.26328125 0.7484375 0.01875 0.034375
0 0.26171875 0.72421875 0.01875 0.028125
0 0.27265625 0.70546875 0.021875 0.025
0 0.2875 0.71796875 0.021875 0.0234375
0 0.2875 0.696875 0.01875 0.0234375
0 0.3046875 0.70078125 0.01875 0.025
0 0.30234375 0.6828125 0.0203125 0.0234375
0 0.32109375 0.69140625 0.021875 0.025
0 0.31875 0.6734375 0.0203125 0.0265625
0 0.31796875 0.6453125 0.025 0.028125
0 0.31640625 0.62578125 0.01875 0.025
0 0.3125 0.60390625 0.01875 0.0296875
0 0.30234375 0.6390625 0.01875 0.025
0 0.2984375 0.615625 0.01875 0.025
0 0.29375 0.6609375 0.0203125 0.034375
0 0.2765625 0.675 0.01875 0.0375
0 0.27734375 0.65 0.021875 0.0265625
0 0.2859375 0.63203125 0.021875 0.021875
0 0.2625 0.6828125 0.0125 0.028125
0 0.26015625 0.6625 0.0171875 0.025
0 0.2421875 0.6953125 0.01875 0.0234375
0 0.24453125 0.675 0.0171875 0.0296875
0 0.2359375 0.65625 0.0203125 0.034375
0 0.2515625 0.6421875 0.021875 0.03125
0 0.26953125 0.63359375 0.021875 0.025
0 0.27265625 0.61171875 0.0234375 0.025
0 0.29140625 0.5984375 0.021875 0.025
0 0.30625 0.5859375 0.021875 0.025
0 0.30703125 0.5640625 0.021875 0.021875
0 0.32265625 0.55390625 0.0203125 0.028125
0 0.32265625 0.53125 0.021875 0.025
0 0.32421875 0.51015625 0.01875 0.0296875
0 0.32109375 0.4890625 0.021875 0.028125
0 0.32265625 0.47109375 0.021875 0.025
0 0.32109375 0.4453125 0.0171875 0.03125
0 0.3234375 0.4078125 0.01875 0.025
0 0.3234375 0.3859375 0.025 0.0328125
0 0.31796875 0.35859375 0.015625 0.0265625
0 0.3328125 0.33046875 0.0203125 0.025
0 0.3296875 0.3046875 0.0203125 0.03125
0 0.31796875 0.3359375 0.01875 0.021875
0 0.3125 0.31953125 0.01875 0.021875
0 0.3125 0.2984375 0.01875 0.0265625
0 0.31171875 0.27421875 0.0203125 0.0296875
0 0.31015625 0.25625 0.01875 0.021875
0 0.3203125 0.23984375 0.01875 0.0296875
0 0.30625 0.5453125 0.0203125 0.028125
0 0.30703125 0.5234375 0.0203125 0.028125
0 0.30703125 0.50390625 0.01875 0.028125
0 0.3046875 0.48203125 0.021875 0.021875
0 0.3046875 0.46328125 0.021875 0.0234375
0 0.30546875 0.43984375 0.021875 0.028125
0 0.303125 0.41875 0.021875 0.021875
0 0.3046875 0.3953125 0.0234375 0.028125
0 0.30390625 0.37265625 0.01875 0.028125
0 0.3 0.3546875 0.021875 0.0234375
0 0.2984375 0.33515625 0.015625 0.021875
0 0.29140625 0.575 0.025 0.028125
0 0.2890625 0.553125 0.01875 0.025
0 0.28828125 0.5328125 0.021875 0.025
0 0.28828125 0.5078125 0.0203125 0.0296875
0 0.2890625 0.471875 0.015625 0.0203125
0 0.28828125 0.45078125 0.01875 0.025
0 0.2875 0.43046875 0.01875 0.025
0 0.2875 0.4078125 0.0203125 0.025
0 0.28671875 0.3875 0.0234375 0.028125
0 0.2890625 0.36640625 0.0203125 0.028125
0 0.28046875 0.3421875 0.025 0.025
0 0.2828125 0.31875 0.01875 0.021875
0 0.28203125 0.29921875 0.0234375 0.025
0 0.30078125 0.3140625 0.025 0.028125
0 0.2984375 0.26953125 0.0234375 0.025
0 0.296875 0.29140625 0.021875 0.0265625
0 0.2953125 0.24765625 0.021875 0.025
0 0.30703125 0.2328125 0.01875 0.025
0 0.30703125 0.20625 0.021875 0.03125
0 0.28984375 0.2203125 0.021875 0.025
0 0.29140625 0.19609375 0.0203125 0.028125
0 0.275 0.19609375 0.021875 0.028125
0 0.26875 0.2171875 0.01875 0.021875
0 0.28046875 0.234375 0.01875 0.025
0 0.2796875 0.2546875 0.01875 0.021875
0 0.2828125 0.27734375 0.0171875 0.025
0 0.27578125 0.171875 0.01875 0.025
0 0.25703125 0.16328125 0.01875 0.025
0 0.25625 0.18046875 0.021875 0.0265625
0 0.25546875 0.20390625 0.0203125 0.025
0 0.253125 0.2265625 0.01875 0.028125
0 0.26328125 0.24296875 0.01875 0.025
0 0.26484375 0.26484375 0.01875 0.0296875
0 0.2640625 0.2875 0.0203125 0.025
0 0.2625 0.3078125 0.021875 0.028125
0 0.2578125 0.328125 0.021875 0.0234375
0 0.2578125 0.34453125 0.01875 0.025
0 0.27109375 0.36015625 0.01875 0.021875
0 0.2640625 0.37890625 0.0203125 0.025
0 0.26953125 0.3953125 0.01875 0.0265625
0 0.26953125 0.415625 0.01875 0.0234375
0 0.27109375 0.4390625 0.01875 0.0234375
0 0.24453125 0.1453125 0.021875 0.025
0 0.2375 0.16953125 0.021875 0.028125
0 0.22421875 0.14453125 0.0203125 0.03125
0 0.2078125 0.15 0.01875 0.0296875
0 0.21953125 0.17578125 0.01875 0.0328125
0 0.20078125 0.1734375 0.0203125 0.028125
0 0.20859375 0.19453125 0.015625 0.025
0 0.22265625 0.2015625 0.01875 0.021875
0 0.2375 0.1890625 0.01875 0.021875
0 0.23984375 0.2140625 0.0171875 0.025
0 0.22734375 0.221875 0.0171875 0.028125
0 0.21015625 0.21484375 0.01875 0.028125
0 0.21015625 0.2359375 0.0171875 0.021875
0 0.22421875 0.24765625 0.01875 0.025
0 0.240625 0.240625 0.021875 0.025
0 0.24765625 0.25625 0.01875 0.028125
0 0.24375 0.2890625 0.0203125 0.028125
0 0.234375 0.26875 0.01875 0.03125
0 0.22265625 0.28671875 0.01875 0.025
0 0.215625 0.265625 0.01875 0.03125
0 0.20625 0.28828125 0.015625 0.0296875
0 0.22421875 0.3109375 0.0203125 0.025
0 0.24296875 0.31328125 0.0203125 0.021875
0 0.240625 0.33125 0.01875 0.025
0 0.2359375 0.35078125 0.01875 0.0296875
0 0.25 0.3625 0.021875 0.025
0 0.221875 0.3375 0.01875 0.0296875
0 0.20546875 0.33046875 0.01875 0.03125
0 0.20859375 0.35234375 0.0125 0.025
0 0.21953125 0.36484375 0.021875 0.028125
0 0.23671875 0.37578125 0.01875 0.028125
0 0.2515625 0.3875 0.0203125 0.025
0 0.25234375 0.4078125 0.0203125 0.025
0 0.253125 0.42890625 0.021875 0.028125
0 0.25234375 0.4515625 0.021875 0.0296875
0 0.27265625 0.46171875 0.01875 0.028125
0 0.27265625 0.4828125 0.01875 0.0234375
0 0.2734375 0.5046875 0.0203125 0.0203125
0 0.27109375 0.52265625 0.0203125 0.025
0 0.271875 0.54453125 0.01875 0.0265625
0 0.27109375 0.56328125 0.01875 0.028125
0 0.271875 0.58671875 0.01875 0.025
0 0.2546875 0.61875 0.0203125 0.025
0 0.2546875 0.59765625 0.0203125 0.0265625
0 0.25390625 0.57265625 0.0234375 0.0234375
0 0.25390625 0.55625 0.021875 0.025
0 0.25390625 0.5375 0.021875 0.025
0 0.25390625 0.51328125 0.021875 0.028125
0 0.253125 0.49296875 0.021875 0.021875
0 0.2546875 0.47421875 0.0171875 0.025
0 0.2375 0.63046875 0.01875 0.0234375
0 0.2375 0.60859375 0.01875 0.025
0 0.23828125 0.58828125 0.0203125 0.0234375
0 0.23515625 0.56484375 0.01875 0.028125
0 0.23671875 0.5421875 0.01875 0.025
0 0.23671875 0.5234375 0.01875 0.025
0 0.2359375 0.503125 0.021875 0.025
0 0.23671875 0.4828125 0.0234375 0.0234375
0 0.23671875 0.4625 0.021875 0.025
0 0.23515625 0.4390625 0.0203125 0.025
0 0.23515625 0.41796875 0.01875 0.025
0 0.23359375 0.39765625 0.01875 0.0234375
0 0.2203125 0.646875 0.01875 0.028125
0 0.2203125 0.6203125 0.021875 0.028125
0 0.20625 0.6359375 0.01875 0.021875
0 0.2015625 0.6125 0.021875 0.028125
0 0.2203125 0.6 0.0234375 0.0234375
0 0.21953125 0.5765625 0.0234375 0.025
0 0.2 0.5921875 0.0203125 0.025
0 0.19921875 0.56796875 0.0203125 0.025
0 0.21875 0.55703125 0.01875 0.021875
0 0.21875 0.53515625 0.021875 0.0296875
0 0.2015625 0.54296875 0.01875 0.028125
0 0.21796875 0.5125 0.01875 0.025
0 0.2015625 0.49765625 0.01875 0.028125
0 0.21796875 0.48984375 0.021875 0.028125
0 0.21640625 0.46796875 0.021875 0.021875
0 0.21875 0.446875 0.0203125 0.0234375
0 0.1984375 0.4484375 0.021875 0.0234375
0 0.19921875 0.4296875 0.021875 0.0234375
0 0.18125 0.4171875 0.01875 0.025
0 0.21953125 0.428125 0.0234375 0.025
0 0.21640625 0.4046875 0.0203125 0.025
0 0.19921875 0.40546875 0.021875 0.028125
0 0.1984375 0.38671875 0.021875 0.025
0 0.19765625 0.36484375 0.0203125 0.0265625
0 0.2171875 0.38515625 0.021875 0.025
2 0.19140625 0.26484375 0.025 0.025
2 0.18984375 0.24140625 0.025 0.025
2 0.1859375 0.21796875 0.025 0.025
2 0.1828125 0.1953125 0.021875 0.025
2 0.19140625 0.30859375 0.021875 0.0234375
2 0.19140625 0.2875 0.0203125 0.025
2 0.1765625 0.33515625 0.0265625 0.028125
2 0.1734375 0.3625 0.021875 0.028125
2 0.17265625 0.38515625 0.021875 0.025
2 0.21171875 0.11953125 0.0203125 0.028125
2 0.196875 0.13359375 0.01875 0.025
2 0.23046875 0.115625 0.025 0.0296875
2 0.2515625 0.11875 0.025 0.0296875
2 0.26875 0.1390625 0.025 0.028125
2 0.2859375 0.14453125 0.021875 0.03125
2 0.2890625 0.16875 0.025 0.028125
2 0.3046875 0.18046875 0.0203125 0.025
2 0.328125 0.2125 0.0203125 0.025
2 0.3359375 0.26015625 0.0203125 0.0265625
2 0.33671875 0.28046875 0.01875 0.025
2 0.34140625 0.34609375 0.01875 0.021875
2 0.34140625 0.36328125 0.01875 0.0234375
2 0.33984375 0.38671875 0.01875 0.025
2 0.34140625 0.40859375 0.01875 0.0203125
2 0.34140625 0.42890625 0.0203125 0.025
2 0.3421875 0.45078125 0.01875 0.0234375
2 0.34453125 0.471875 0.01875 0.021875
2 0.34375 0.4921875 0.021875 0.0234375
2 0.34375 0.5125 0.021875 0.025
2 0.34375 0.5328125 0.021875 0.0234375
2 0.34453125 0.553125 0.021875 0.025
2 0.3453125 0.57421875 0.021875 0.021875
2 0.3265625 0.584375 0.0203125 0.025
2 0.3453125 0.59375 0.021875 0.028125
2 0.34375 0.61796875 0.01875 0.0234375
2 0.328125 0.60546875 0.0171875 0.021875
2 0.34453125 0.6390625 0.0203125 0.025
2 0.34453125 0.66484375 0.01875 0.0234375
2 0.34453125 0.684375 0.021875 0.021875
2 0.34375 0.70546875 0.0203125 0.021875
2 0.34765625 0.725 0.0203125 0.0203125
2 0.34921875 0.74765625 0.021875 0.0265625
2 0.34921875 0.77109375 0.021875 0.025
2 0.33125 0.76171875 0.01875 0.021875
2 0.33046875 0.740625 0.01875 0.0265625
2 0.33046875 0.7171875 0.021875 0.0234375
2 0.31640625 0.7484375 0.015625 0.025
2 0.31640625 0.7296875 0.015625 0.021875
2 0.3328125 0.784375 0.01875 0.028125
2 0.35 0.79375 0.0203125 0.0265625
2 0.35 0.81796875 0.0203125 0.028125
2 0.35078125 0.840625 0.0203125 0.0234375
2 0.35078125 0.86328125 0.01875 0.025
2 0.3515625 0.8859375 0.021875 0.028125
2 0.3515625 0.9125 0.01875 0.028125
2 0.3359375 0.9015625 0.015625 0.0265625
2 0.3328125 0.87734375 0.0171875 0.025
2 0.3328125 0.853125 0.0171875 0.025
2 0.3328125 0.83125 0.01875 0.025
2 0.33203125 0.8078125 0.015625 0.0234375
2 0.31796875 0.79921875 0.01875 0.025
2 0.31640625 0.7765625 0.0171875 0.028125
2 0.31875 0.8234375 0.01875 0.025
2 0.3171875 0.84375 0.01875 0.021875
2 0.31796875 0.86640625 0.0171875 0.0265625
2 0.31953125 0.88984375 0.01875 0.0265625
2 0.31953125 0.9125 0.01875 0.0296875
2 0.334375 0.92578125 0.021875 0.028125
2 0.33671875 0.95078125 0.0203125 0.028125
2 0.3203125 0.9625 0.01875 0.025
2 0.31875 0.9390625 0.01875 0.0265625
2 0.3046875 0.95 0.01875 0.0265625
2 0.30390625 0.925 0.01875 0.025
2 0.30390625 0.90390625 0.015625 0.025
2 0.3046875 0.88046875 0.01875 0.021875
2 0.290625 0.89453125 0.01875 0.025
2 0.290625 0.915625 0.01875 0.0234375
2 0.2890625 0.93984375 0.0171875 0.021875
2 0.30390625 0.97578125 0.021875 0.03125
2 0.28828125 0.98828125 0.0203125 0.0234375
2 0.2875 0.96328125 0.01875 0.021875
2 0.26953125 0.9921875 0.021875 0.015625
2 0.271875 0.97578125 0.01875 0.028125
2 0.27265625 0.9515625 0.0171875 0.021875
2 0.271875 0.92734375 0.0203125 0.0234375
2 0.275 0.91015625 0.021875 0.028125
2 0.2578125 0.94375 0.0203125 0.0296875
2 0.25625 0.91796875 0.01875 0.0265625
2 0.25625 0.89609375 0.01875 0.028125
2 0.25625 0.871875 0.0203125 0.028125
2 0.2546875 0.85234375 0.01875 0.0234375
2 0.25234375 0.82890625 0.01875 0.025
2 0.253125 0.809375 0.021875 0.028125
2 0.25390625 0.7828125 0.0171875 0.028125
2 0.25390625 0.765625 0.015625 0.0203125
2 0.2390625 0.77421875 0.0125 0.021875
2 0.2375 0.75234375 0.0203125 0.025
2 0.2390625 0.73203125 0.021875 0.028125
2 0.221875 0.721875 0.0203125 0.028125
2 0.22109375 0.696875 0.01875 0.021875
2 0.22109375 0.6796875 0.0203125 0.025
2 0.20234375 0.671875 0.021875 0.025
2 0.1859375 0.66328125 0.0234375 0.025
2 0.184375 0.6375 0.0203125 0.025
2 0.18203125 0.61328125 0.021875 0.028125
2 0.20234375 0.6484375 0.01875 0.025
2 0.18125 0.59296875 0.0234375 0.028125
2 0.18046875 0.56796875 0.021875 0.028125
2 0.178125 0.54375 0.021875 0.028125
2 0.17578125 0.51875 0.0234375 0.028125
2 0.1921875 0.5265625 0.01875 0.0234375
2 0.17734375 0.5 0.025 0.028125
2 0.1765625 0.475 0.025 0.028125
2 0.1765625 0.44765625 0.021875 0.025