1 0.653125 0.609375 0.0359375 0.025
1 0.63046875 0.5953125 0.03125 0.025
1 0.60625 0.584375 0.034375 0.0234375
1 0.58203125 0.5734375 0.03125 0.025
1 0.60390625 0.60546875 0.0375 0.025
1 0.58125 0.59296875 0.03125 0.0234375
1 0.628125 0.61796875 0.0265625 0.021875
1 0.60078125 0.62578125 0.03125 0.021875
1 0.62578125 0.6375 0.0296875 0.025
1 0.603125 0.6453125 0.03125 0.021875
1 0.58046875 0.615625 0.028125 0.0265625
1 0.56015625 0.60703125 0.034375 0.021875
1 0.55703125 0.5828125 0.028125 0.0265625
1 0.5328125 0.5921875 0.034375 0.021875
1 0.534375 0.6125 0.03125 0.025
1 0.51328125 0.60234375 0.0375 0.021875
1 0.55703125 0.62578125 0.0359375 0.0234375
1 0.58125 0.65546875 0.034375 0.0234375
1 0.5609375 0.64609375 0.03125 0.021875
1 0.5390625 0.64609375 0.028125 0.01875
1 0.5234375 0.6359375 0.03125 0.021875
1 0.4921875 0.615625 0.0296875 0.025
1 0.4859375 0.634375 0.03125 0.028125
1 0.46171875 0.64375 0.0296875 0.025
1 0.44453125 0.65546875 0.0359375 0.021875
1 0.4453125 0.67734375 0.0375 0.028125
1 0.46640625 0.6671875 0.03125 0.021875
1 0.48671875 0.6546875 0.0375 0.025
1 0.515625 0.65703125 0.0375 0.021875
1 0.56171875 0.66796875 0.0375 0.028125
1 0.53515625 0.67734375 0.034375 0.025
1 0.51796875 0.690625 0.0359375 0.0265625
1 0.4953125 0.6796875 0.03125 0.0265625
1 0.46875 0.68828125 0.034375 0.0296875
1 0.49765625 0.69921875 0.0375 0.03125
1 0.47109375 0.7078125 0.03125 0.03125
1 0.4453125 0.6984375 0.034375 0.0296875
1 0.4515625 0.7296875 0.0375 0.028125
1 0.4296875 0.7171875 0.0375 0.025
1 0.42421875 0.6890625 0.0375 0.0296875
1 0.3984375 0.6796875 0.034375 0.03125
1 0.3796875 0.6890625 0.0375 0.028125
1 0.40546875 0.70390625 0.03125 0.028125
1 0.38203125 0.7140625 0.0359375 0.0265625
1 0.4109375 0.728125 0.0390625 0.028125
1 0.384375 0.73984375 0.0359375 0.028125
1 0.43359375 0.7390625 0.04375 0.028125
0 0.6796875 0.55859375 0.0359375 0.028125
0 0.6609375 0.565625 0.0328125 0.0265625
0 0.6390625 0.57265625 0.0359375 0.028125
0 0.6390625 0.5515625 0.0328125 0.025
0 0.6125 0.559375 0.0359375 0.025
0 0.61171875 0.5390625 0.034375 0.025
0 0.58984375 0.5484375 0.03125 0.0265625
0 0.5640625 0.55859375 0.03125 0.0296875
0 0.5421875 0.57109375 0.034375 0.028125
0 0.515625 0.57890625 0.0296875 0.028125
0 0.4953125 0.590625 0.0328125 0.0296875
0 0.47109375 0.6 0.03125 0.0296875
0 0.6859375 0.58203125 0.034375 0.025
0 0.6578125 0.5875 0.034375 0.025
0 0.68125 0.6046875 0.03125 0.0265625
0 0.66171875 0.640625 0.034375 0.034375
0 0.63828125 0.64140625 0.0296875 0.028125
0 0.61484375 0.6671875 0.034375 0.0296875
0 0.5921875 0.6796875 0.03125 0.0296875
0 0.57265625 0.690625 0.0328125 0.028125
0 0.44765625 0.62890625 0.0265625 0.0265625
0 0.43125 0.640625 0.034375 0.025
0 0.40390625 0.65390625 0.0328125 0.028125
0 0.38046875 0.66640625 0.03125 0.025
0 0.5484375 0.70078125 0.03125 0.028125
0 0.52578125 0.71328125 0.03125 0.025
0 0.4984375 0.72109375 0.034375 0.025
0 0.4796875 0.7328125 0.034375 0.028125
0 0.44765625 0.76015625 0.0359375 0.028125
0 0.42578125 0.771875 0.034375 0.028125
0 0.4 0.759375 0.0359375 0.0265625
0 0.396875 0.77890625 0.034375 0.025
0 0.37578125 0.76796875 0.028125 0.025
0 0.35078125 0.72421875 0.028125 0.0265625
0 0.35 0.70234375 0.03125 0.0203125
0 0.35 0.68046875 0.0328125 0.028125
2 0.50546875 0.74375 0.034375 0.021875
2 0.4953125 0.76328125 0.0328125 0.0265625
2 0.53203125 0.73125 0.0375 0.0265625
2 0.55 0.7203125 0.0359375 0.0265625
2 0.57578125 0.71171875 0.0296875 0.021875
2 0.646875 0.6671875 0.0328125 0.025
2 0.625 0.68203125 0.028125 0.0234375
2 0.60078125 0.69609375 0.0328125 0.0265625
2 0.66953125 0.6578125 0.034375 0.028125
2 0.69609375 0.64921875 0.040625 0.028125
2 0.6921875 0.6234375 0.034375 0.025
2 0.36328125 0.80234375 0.03125 0.028125
2 0.34140625 0.74609375 0.0328125 0.028125
2 0.5859375 0.52265625 0.028125 0.025
2 0.56640625 0.53671875 0.028125 0.0234375
2 0.5390625 0.5484375 0.03125 0.028125
2 0.51796875 0.55859375 0.028125 0.0265625
2 0.49296875 0.56875 0.03125 0.0265625
2 0.47265625 0.58046875 0.03125 0.025