0 0.2 0.6421875 0.02109375 0.01640625
0 0.19140625 0.6578125 0.02578125 0.01875
0 0.17578125 0.67265625 0.0203125 0.01796875
0 0.19765625 0.6734375 0.02421875 0.01796875
0 0.2109375 0.65859375 0.0234375 0.0203125
0 0.21796875 0.64296875 0.02578125 0.01796875
0 0.23984375 0.64453125 0.028125 0.01875
0 0.23046875 0.65859375 0.02109375 0.01953125
0 0.23828125 0.66953125 0.02265625 0.0203125
0 0.21484375 0.67578125 0.02578125 0.01640625
0 0.2515625 0.65859375 0.0203125 0.0171875
0 0.2625 0.64375 0.02421875 0.01875
0 0.2734375 0.65859375 0.0203125 0.01796875
0 0.2671875 0.67109375 0.0265625 0.01875
0 0.290625 0.64765625 0.02734375 0.01875
0 0.3109375 0.64453125 0.02421875 0.01640625
0 0.2859375 0.66484375 0.02265625 0.0203125
0 0.30703125 0.66953125 0.025 0.01796875
0 0.2921875 0.68125 0.03125 0.01796875
0 0.3140625 0.68359375 0.025 0.01796875
0 0.33125 0.6734375 0.0234375 0.0203125
0 0.3203125 0.659375 0.02109375 0.01953125
0 0.3390625 0.66015625 0.02109375 0.0171875
0 0.3359375 0.64375 0.0234375 0.01640625
0 0.35234375 0.6453125 0.02109375 0.01875
0 0.34453125 0.62890625 0.0234375 0.0203125
0 0.3609375 0.63125 0.02421875 0.01875
0 0.38671875 0.63125 0.025 0.0234375
0 0.4046875 0.6328125 0.0234375 0.01796875
0 0.425 0.63671875 0.02734375 0.0171875
0 0.3921875 0.6453125 0.0234375 0.0171875
0 0.41328125 0.64921875 0.02265625 0.0171875
0 0.37265625 0.65390625 0.03125 0.01875
0 0.36015625 0.66953125 0.03359375 0.01796875
0 0.3828125 0.66875 0.02421875 0.01953125
0 0.39921875 0.6609375 0.0203125 0.01953125
0 0.35234375 0.68203125 0.025 0.01171875
0 0.37109375 0.684375 0.0234375 0.015625
0 0.340625 0.70078125 0.02109375 0.01796875
0 0.359375 0.69921875 0.02734375 0.01640625
0 0.3765625 0.70703125 0.03125 0.01875
0 0.38984375 0.69296875 0.02890625 0.0203125
0 0.396875 0.6765625 0.02265625 0.0203125
0 0.4171875 0.6734375 0.0234375 0.02109375
0 0.4296875 0.65546875 0.0234375 0.0203125
0 0.440625 0.6421875 0.02265625 0.0203125
0 0.4609375 0.64140625 0.0203125 0.01953125
0 0.4703125 0.62734375 0.025 0.01875
0 0.49140625 0.62734375 0.0234375 0.0203125
0 0.51015625 0.62578125 0.02734375 0.01796875
0 0.5296875 0.62890625 0.0265625 0.0203125
0 0.54609375 0.62734375 0.0234375 0.01953125
0 0.56953125 0.62890625 0.028125 0.01640625
0 0.60390625 0.6265625 0.0234375 0.01796875
0 0.62421875 0.6265625 0.0296875 0.021875
0 0.6484375 0.63125 0.02421875 0.01484375
0 0.675 0.61796875 0.0234375 0.01875
0 0.69765625 0.6203125 0.028125 0.01875
0 0.66953125 0.63203125 0.0203125 0.01640625
0 0.684375 0.63671875 0.0203125 0.01640625
0 0.703125 0.63671875 0.02421875 0.0171875
0 0.72578125 0.6375 0.02734375 0.01875
0 0.7421875 0.6390625 0.01953125 0.01640625
0 0.7578125 0.62890625 0.02734375 0.01796875
0 0.478125 0.6421875 0.02578125 0.01875
0 0.4984375 0.6421875 0.02578125 0.01875
0 0.51640625 0.64140625 0.025 0.01640625
0 0.5359375 0.64375 0.01953125 0.01953125
0 0.553125 0.64375 0.02109375 0.0203125
0 0.57421875 0.64296875 0.0265625 0.0203125
0 0.59375 0.6453125 0.0203125 0.01953125
0 0.61484375 0.64375 0.02578125 0.02109375
0 0.6359375 0.64453125 0.025 0.01796875
0 0.65234375 0.64765625 0.02109375 0.01953125
0 0.6703125 0.64921875 0.0203125 0.01484375
0 0.45078125 0.65546875 0.025 0.021875
0 0.47109375 0.6578125 0.02265625 0.0171875
0 0.48984375 0.65859375 0.02265625 0.01953125
0 0.5125 0.65859375 0.02734375 0.01875
0 0.5453125 0.6578125 0.01875 0.01484375
0 0.56484375 0.65859375 0.02265625 0.0171875
0 0.5828125 0.659375 0.02265625 0.0171875
0 0.60390625 0.659375 0.0234375 0.01875
0 0.62265625 0.66015625 0.025 0.02109375
0 0.64140625 0.65859375 0.025 0.01875
0 0.6640625 0.665625 0.02265625 0.021875
0 0.68515625 0.6640625 0.01953125 0.01640625
0 0.703125 0.66484375 0.02265625 0.02109375
0 0.6890625 0.64765625 0.0265625 0.02265625
0 0.73046875 0.64921875 0.02265625 0.021875
0 0.71015625 0.65078125 0.02421875 0.0203125
0 0.75 0.65234375 0.02265625 0.02109375
0 0.7640625 0.64140625 0.02265625 0.01796875
0 0.78828125 0.64140625 0.02890625 0.01953125
0 0.77578125 0.65703125 0.02265625 0.01953125
0 0.796875 0.65625 0.02578125 0.01875
0 0.79765625 0.67109375 0.0265625 0.01953125
0 0.778125 0.6765625 0.0203125 0.0171875
0 0.7625 0.665625 0.02265625 0.0171875
0 0.74375 0.66640625 0.0203125 0.01640625
0 0.72265625 0.6640625 0.0234375 0.015625
0 0.81953125 0.6703125 0.02265625 0.01640625
0 0.82734375 0.6875 0.02265625 0.01796875
0 0.81171875 0.68828125 0.02421875 0.01953125
0 0.790625 0.6890625 0.02265625 0.01875
0 0.76953125 0.690625 0.025 0.0171875
0 0.75390625 0.68203125 0.0234375 0.0171875
0 0.734375 0.68046875 0.02734375 0.0171875
0 0.7140625 0.68125 0.021875 0.01875
0 0.6953125 0.6828125 0.025 0.01953125
0 0.6765625 0.68671875 0.021875 0.01953125
0 0.66171875 0.68671875 0.02265625 0.01796875
0 0.646875 0.67421875 0.0203125 0.01796875
0 0.63046875 0.68125 0.0234375 0.01875
0 0.615625 0.67578125 0.02421875 0.01796875
0 0.596875 0.67578125 0.021875 0.01640625
0 0.57578125 0.67421875 0.021875 0.01640625
0 0.84375 0.69921875 0.02265625 0.01953125
0 0.821875 0.70546875 0.0265625 0.01953125
0 0.84453125 0.7171875 0.0296875 0.01875
0 0.8390625 0.7328125 0.02734375 0.01796875
0 0.81640625 0.721875 0.0296875 0.0171875
0 0.81796875 0.73828125 0.0265625 0.01875
0 0.79921875 0.73125 0.021875 0.01484375
0 0.7921875 0.71875 0.0203125 0.01640625
0 0.803125 0.70546875 0.0203125 0.0171875
0 0.78125 0.703125 0.0234375 0.015625
0 0.77421875 0.71484375 0.025 0.015625
0 0.78046875 0.7296875 0.025 0.01796875
0 0.7609375 0.73046875 0.0203125 0.015625
0 0.75 0.7171875 0.0234375 0.01640625
0 0.75625 0.70234375 0.0234375 0.01953125
0 0.7421875 0.69609375 0.0265625 0.0171875
0 0.71171875 0.7 0.025 0.01875
0 0.73125 0.7078125 0.028125 0.0171875
0 0.71484375 0.71875 0.02265625 0.01796875
0 0.734375 0.725 0.028125 0.0171875
0 0.71328125 0.73359375 0.02734375 0.01484375
0 0.6921875 0.71796875 0.021875 0.01875
0 0.690625 0.7 0.0203125 0.01875
0 0.6734375 0.70234375 0.02265625 0.01640625
0 0.65546875 0.70703125 0.02734375 0.01640625
0 0.6453125 0.69375 0.0234375 0.01953125
0 0.66796875 0.71953125 0.02734375 0.0171875
0 0.675 0.734375 0.028125 0.01796875
0 0.6546875 0.73203125 0.021875 0.01171875
0 0.64296875 0.721875 0.02578125 0.01953125
0 0.63359375 0.70625 0.02578125 0.0171875
0 0.621875 0.6921875 0.0234375 0.01875
0 0.60390625 0.69140625 0.021875 0.01875
0 0.584375 0.690625 0.02578125 0.0203125
0 0.56328125 0.6921875 0.02734375 0.0203125
0 0.55390625 0.6734375 0.025 0.01640625
0 0.53515625 0.67265625 0.021875 0.01796875
0 0.51484375 0.67265625 0.01875 0.01875
0 0.49921875 0.67421875 0.0234375 0.01875
0 0.47890625 0.67421875 0.02421875 0.01796875
0 0.46171875 0.67421875 0.025 0.01640625
0 0.440625 0.6734375 0.0234375 0.0171875
0 0.4109375 0.68984375 0.0234375 0.01875
0 0.43046875 0.68984375 0.02421875 0.01875
0 0.453125 0.68984375 0.021875 0.021875
0 0.46875 0.690625 0.02265625 0.01953125
0 0.48515625 0.68984375 0.0234375 0.0203125
0 0.50703125 0.690625 0.025 0.0203125
0 0.52578125 0.690625 0.01953125 0.01953125
0 0.54296875 0.68984375 0.0234375 0.015625
0 0.4 0.70546875 0.021875 0.01640625
0 0.4203125 0.70546875 0.021875 0.01640625
0 0.4390625 0.70390625 0.021875 0.01875
0 0.46015625 0.70703125 0.0265625 0.01796875
0 0.48046875 0.70625 0.0234375 0.01640625
0 0.49765625 0.70625 0.021875 0.01796875
0 0.51640625 0.70703125 0.021875 0.0203125
0 0.53515625 0.70625 0.02109375 0.021875
0 0.55390625 0.70625 0.02265625 0.01953125
0 0.575 0.70703125 0.02265625 0.01875
0 0.59453125 0.7078125 0.021875 0.01796875
0 0.61328125 0.70859375 0.02109375 0.01796875
0 0.38515625 0.72109375 0.025 0.01640625
0 0.409375 0.72109375 0.02578125 0.01953125
0 0.3953125 0.73359375 0.01953125 0.0171875
0 0.41640625 0.73828125 0.02578125 0.0203125
0 0.428125 0.72109375 0.02109375 0.02109375
0 0.45 0.721875 0.0234375 0.02109375
0 0.43515625 0.73984375 0.02265625 0.01875
0 0.45703125 0.73984375 0.0234375 0.01875
0 0.46796875 0.72265625 0.01953125 0.01796875
0 0.4875 0.72265625 0.02734375 0.01953125
0 0.48046875 0.73828125 0.02578125 0.0171875
0 0.5078125 0.7234375 0.02265625 0.0171875
0 0.521875 0.73828125 0.025 0.01796875
0 0.52890625 0.72265625 0.025 0.0203125
0 0.54921875 0.72421875 0.0203125 0.0203125
0 0.56796875 0.72265625 0.02109375 0.01875
0 0.5671875 0.740625 0.021875 0.0203125
0 0.584375 0.73984375 0.02109375 0.01953125
0 0.5953125 0.75625 0.0234375 0.01796875
0 0.58515625 0.721875 0.0234375 0.02109375
0 0.60703125 0.725 0.02265625 0.01875
0 0.60625 0.740625 0.02578125 0.0203125
0 0.6234375 0.74140625 0.021875 0.01953125
0 0.64296875 0.7421875 0.02421875 0.01875
0 0.62421875 0.7234375 0.02265625 0.02109375
2 0.734375 0.74765625 0.0234375 0.02265625
2 0.75546875 0.74921875 0.0234375 0.021875
2 0.77734375 0.75234375 0.02265625 0.0234375
2 0.79765625 0.75546875 0.0234375 0.01953125
2 0.69453125 0.74765625 0.021875 0.01953125
2 0.7140625 0.74765625 0.021875 0.01875
2 0.66953125 0.7609375 0.025 0.02421875
2 0.6453125 0.7640625 0.025 0.0203125
2 0.62421875 0.7640625 0.021875 0.0203125
2 0.8671875 0.72890625 0.025 0.01875
2 0.85390625 0.74296875 0.0234375 0.01796875
2 0.8703125 0.71171875 0.02734375 0.021875
2 0.86796875 0.6921875 0.02734375 0.021875
2 0.84921875 0.6765625 0.02578125 0.02265625
2 0.84453125 0.6609375 0.028125 0.0203125
2 0.82265625 0.65859375 0.0265625 0.021875
2 0.81171875 0.64375 0.0234375 0.01875
2 0.78203125 0.62265625 0.0234375 0.01875
2 0.7390625 0.61484375 0.02421875 0.01875
2 0.7203125 0.6140625 0.02265625 0.01796875
2 0.66015625 0.61015625 0.0203125 0.0171875
2 0.64453125 0.61015625 0.02109375 0.0171875
2 0.6234375 0.6109375 0.02265625 0.01796875
2 0.603125 0.61015625 0.01875 0.0171875
2 0.584375 0.61015625 0.0234375 0.01875
2 0.56484375 0.609375 0.021875 0.01796875
2 0.5453125 0.6078125 0.01953125 0.0171875
2 0.5265625 0.6078125 0.02109375 0.0203125
2 0.50859375 0.6078125 0.021875 0.0203125
2 0.4890625 0.6078125 0.02109375 0.0203125
2 0.4703125 0.60703125 0.0234375 0.01953125
2 0.4515625 0.60703125 0.0203125 0.0203125
2 0.4421875 0.6234375 0.02265625 0.01875
2 0.43359375 0.60703125 0.02578125 0.01953125
2 0.41171875 0.60859375 0.02109375 0.0171875
2 0.4234375 0.62265625 0.0203125 0.015625
2 0.3921875 0.6078125 0.02265625 0.01875
2 0.36953125 0.60703125 0.02109375 0.0171875
2 0.35078125 0.60703125 0.0203125 0.0203125
2 0.33203125 0.6078125 0.01953125 0.01875
2 0.31328125 0.60390625 0.01875 0.01875
2 0.29296875 0.603125 0.02421875 0.0203125
2 0.27109375 0.603125 0.0234375 0.01953125
2 0.28046875 0.61953125 0.01953125 0.01796875
2 0.29921875 0.61953125 0.02421875 0.0171875
2 0.32109375 0.6203125 0.021875 0.01953125
2 0.2921875 0.6328125 0.0234375 0.01484375
2 0.309375 0.6328125 0.0203125 0.01328125
2 0.259375 0.61796875 0.02578125 0.0171875
2 0.2515625 0.60234375 0.02421875 0.01875
2 0.22890625 0.60234375 0.02578125 0.01875
2 0.2078125 0.6015625 0.021875 0.01875
2 0.1875 0.6015625 0.0234375 0.0171875
2 0.1671875 0.60078125 0.02578125 0.0203125
2 0.1421875 0.60078125 0.02578125 0.01796875
2 0.153125 0.615625 0.02421875 0.01484375
2 0.175 0.61796875 0.0234375 0.015625
2 0.196875 0.61796875 0.02265625 0.015625
2 0.21640625 0.61796875 0.02265625 0.01640625
2 0.23828125 0.61875 0.02109375 0.01484375
2 0.24609375 0.63125 0.0234375 0.0171875
2 0.2671875 0.63359375 0.025 0.015625
2 0.22421875 0.63046875 0.02265625 0.0171875
2 0.20546875 0.6328125 0.0203125 0.01640625
2 0.184375 0.63125 0.0234375 0.015625
2 0.16328125 0.63046875 0.0234375 0.01796875
2 0.1421875 0.6296875 0.02578125 0.0171875
2 0.13046875 0.61640625 0.0265625 0.01953125
2 0.10703125 0.6140625 0.025 0.01875
2 0.096875 0.6296875 0.021875 0.0171875
2 0.11796875 0.63046875 0.02421875 0.01796875
2 0.1078125 0.64375 0.02421875 0.0171875
2 0.13046875 0.64453125 0.0234375 0.0171875
2 0.15 0.64375 0.021875 0.0140625
2 0.171875 0.64375 0.0203125 0.01640625
2 0.15859375 0.65625 0.021875 0.01796875
2 0.13984375 0.65625 0.02109375 0.01640625
2 0.1171875 0.65859375 0.0203125 0.015625
2 0.084375 0.64375 0.028125 0.0203125
2 0.0734375 0.66015625 0.02265625 0.0171875
2 0.09609375 0.659375 0.01953125 0.0171875
2 0.0640625 0.6765625 0.0265625 0.01875
2 0.084375 0.67421875 0.025 0.01796875
2 0.10703125 0.67265625 0.0203125 0.015625
2 0.12890625 0.6734375 0.021875 0.01875
2 0.14453125 0.67109375 0.025 0.0203125
2 0.1140625 0.68671875 0.028125 0.01875
2 0.1375 0.68828125 0.02421875 0.01796875
2 0.1578125 0.68828125 0.02578125 0.01796875
2 0.1796875 0.68828125 0.02578125 0.01875
2 0.19765625 0.68984375 0.02109375 0.01796875
2 0.21875 0.69140625 0.0234375 0.01796875
2 0.23671875 0.69140625 0.02578125 0.01953125
2 0.2609375 0.68984375 0.02578125 0.015625
2 0.2765625 0.690625 0.01875 0.0140625
2 0.26875 0.70390625 0.01953125 0.01171875
2 0.2890625 0.70546875 0.02265625 0.01875
2 0.30703125 0.70390625 0.02578125 0.02109375
2 0.31640625 0.71953125 0.025 0.01875
2 0.3390625 0.7203125 0.0203125 0.0171875
2 0.35546875 0.7203125 0.0234375 0.01875
2 0.3625 0.7375 0.0234375 0.0203125
2 0.3703125 0.75234375 0.02265625 0.021875
2 0.39375 0.75390625 0.02265625 0.01875
2 0.41640625 0.75625 0.02578125 0.01953125
2 0.38359375 0.7375 0.021875 0.0171875
2 0.434375 0.75703125 0.02578125 0.02109375
2 0.45703125 0.7578125 0.0265625 0.0203125
2 0.4796875 0.76015625 0.025 0.0203125
2 0.50234375 0.76171875 0.025 0.02109375
2 0.4953125 0.746875 0.021875 0.01796875
2 0.51953125 0.76015625 0.025 0.021875
2 0.5421875 0.76171875 0.025 0.02265625
2 0.5671875 0.7609375 0.02265625 0.0203125