2 0.2140625 0.7171875 0.03125 0.0234375
2 0.18046875 0.7234375 0.03125 0.025
2 0.1421875 0.72109375 0.034375 0.0265625
2 0.24375 0.71875 0.03125 0.025
2 0.440625 0.6890625 0.0296875 0.0234375
2 0.4984375 0.68515625 0.028125 0.0234375
2 0.55390625 0.6890625 0.028125 0.0234375
2 0.47109375 0.6890625 0.0296875 0.025
2 0.275 0.715625 0.03125 0.021875
2 0.33671875 0.703125 0.0296875 0.021875
2 0.0984375 0.7484375 0.03125 0.025
2 0.39375 0.6953125 0.028125 0.021875
2 0.52578125 0.69609375 0.028125 0.025
2 0.29453125 0.73203125 0.0296875 0.021875
2 0.04921875 0.76953125 0.034375 0.025
2 0.365625 0.7 0.0296875 0.0234375
2 0.18203125 0.7546875 0.0328125 0.025
2 0.540625 0.7125 0.03125 0.025
2 0.08515625 0.76953125 0.03125 0.0234375
2 0.4203125 0.7015625 0.028125 0.025
2 0.13125 0.74375 0.0328125 0.025
2 0.31328125 0.71875 0.0296875 0.021875
2 0.16875 0.7765625 0.03125 0.025
2 0.07734375 0.79453125 0.0328125 0.025
2 0.52734375 0.73359375 0.028125 0.021875
2 0.23046875 0.73828125 0.03125 0.0234375
2 0.3328125 0.73515625 0.0296875 0.0234375
2 0.27890625 0.7515625 0.0296875 0.0234375
2 0.2453125 0.76015625 0.03125 0.025
2 0.3140625 0.75078125 0.0296875 0.0234375
2 0.18671875 0.79140625 0.028125 0.01875
2 0.1171875 0.7671875 0.03125 0.0234375
2 0.1609375 0.7390625 0.03125 0.021875
2 0.2578125 0.73828125 0.0296875 0.0234375
2 0.146875 0.76328125 0.03125 0.025
2 0.34921875 0.75234375 0.028125 0.021875
2 0.12265625 0.80390625 0.0296875 0.021875
2 0.3828125 0.7203125 0.0296875 0.025
2 0.196875 0.775 0.028125 0.021875
2 0.215625 0.7609375 0.0296875 0.025
2 0.5125 0.715625 0.0296875 0.0234375
2 0.13671875 0.784375 0.028125 0.021875
2 0.2015625 0.7375 0.028125 0.0234375
2 0.353125 0.71953125 0.03125 0.025
2 0.36875 0.73984375 0.028125 0.025
2 0.409375 0.721875 0.03125 0.025
2 0.4375 0.72109375 0.028125 0.025
2 0.45625 0.7078125 0.03125 0.0234375
2 0.48515625 0.7078125 0.0296875 0.025
2 0.26875 0.771875 0.028125 0.01875
2 0.1046875 0.78828125 0.03125 0.0234375