2 0.28984375 0.74453125 0.021875 0.03125
2 0.284375 0.7765625 0.025 0.03125
2 0.28671875 0.8140625 0.025 0.0328125
2 0.28828125 0.71484375 0.0234375 0.03125
2 0.31796875 0.52265625 0.0234375 0.028125
2 0.321875 0.465625 0.021875 0.028125
2 0.31796875 0.41171875 0.0234375 0.028125
2 0.31796875 0.49296875 0.0234375 0.028125
2 0.29140625 0.684375 0.021875 0.03125
2 0.30390625 0.62421875 0.021875 0.028125
2 0.26015625 0.85703125 0.025 0.03125
2 0.31171875 0.56875 0.021875 0.028125
2 0.3109375 0.43984375 0.025 0.028125
2 0.27578125 0.665625 0.021875 0.028125
2 0.2390625 0.9046875 0.025 0.034375
2 0.30703125 0.59609375 0.021875 0.028125
2 0.253125 0.775 0.025 0.03125
2 0.29453125 0.425 0.025 0.0296875
2 0.2390625 0.8703125 0.021875 0.0296875
2 0.30546875 0.54296875 0.0234375 0.028125
2 0.2640625 0.825 0.025 0.03125
2 0.2890625 0.646875 0.021875 0.0296875
2 0.2328125 0.78828125 0.025 0.0296875
2 0.21484375 0.878125 0.025 0.03125
2 0.275 0.4375 0.021875 0.028125
2 0.26953125 0.728125 0.021875 0.03125
2 0.2734375 0.62734375 0.021875 0.028125
2 0.25703125 0.68046875 0.021875 0.028125
2 0.2484375 0.71328125 0.0234375 0.03125
2 0.2578125 0.64609375 0.0234375 0.028125
2 0.21796875 0.7703125 0.01875 0.028125
2 0.24140625 0.83828125 0.0234375 0.03125
2 0.26875 0.79609375 0.021875 0.03125
2 0.2703125 0.7015625 0.0234375 0.028125
2 0.2453125 0.81015625 0.0234375 0.0296875
2 0.25625 0.6125 0.0203125 0.028125
2 0.20546875 0.8328125 0.021875 0.028125
2 0.28671875 0.57890625 0.025 0.028125
2 0.234375 0.7609375 0.021875 0.028125
2 0.24765625 0.7421875 0.0234375 0.028125
2 0.29140625 0.45234375 0.021875 0.0296875
2 0.22421875 0.81953125 0.021875 0.028125
2 0.2703125 0.75625 0.021875 0.0265625
2 0.28828125 0.60859375 0.025 0.03125
2 0.26875 0.59296875 0.025 0.028125
2 0.2859375 0.553125 0.025 0.0296875
2 0.28671875 0.52578125 0.0234375 0.028125
2 0.29921875 0.5078125 0.0234375 0.0296875
2 0.3 0.47890625 0.025 0.028125
2 0.23671875 0.690625 0.01875 0.0265625
2 0.22109375 0.8515625 0.0234375 0.03125