2 0.37421875 0.6734375 0.04296875 0.034375
2 0.4453125 0.67109375 0.0375 0.02734375
2 0.5703125 0.72890625 0.03984375 0.03203125
2 0.57734375 0.81640625 0.040625 0.0328125
2 0.4671875 0.74921875 0.0390625 0.0296875
2 0.58984375 0.85 0.04140625 0.03515625
2 0.50234375 0.81875 0.040625 0.03046875
2 0.4125 0.79453125 0.0375 0.03046875
2 0.5328125 0.73828125 0.04296875 0.03125
2 0.48671875 0.77421875 0.03828125 0.02890625
2 0.44765625 0.7234375 0.034375 0.02734375
2 0.55625 0.7890625 0.040625 0.03125
2 0.4390625 0.815625 0.0421875 0.03203125
2 0.47421875 0.84609375 0.0390625 0.0328125
2 0.48515625 0.71796875 0.03359375 0.02890625
2 0.39765625 0.69921875 0.03515625 0.02890625
2 0.41171875 0.675 0.034375 0.0296875
2 0.39609375 0.76171875 0.0359375 0.03046875
2 0.41328125 0.7234375 0.03515625 0.02734375
2 0.509375 0.8546875 0.040625 0.03515625
2 0.465625 0.6953125 0.0328125 0.028125
2 0.5234375 0.76484375 0.03828125 0.0296875
2 0.42734375 0.7484375 0.03515625 0.02734375
2 0.43046875 0.69921875 0.03359375 0.02734375
2 0.55 0.85546875 0.03984375 0.0359375
2 0.4484375 0.775 0.0359375 0.03046875
2 0.54140625 0.821875 0.0375 0.03046875
2 0.5171875 0.79453125 0.03828125 0.0296875
2 0.4984375 0.74453125 0.0296875 0.028125