2 0.29765625 0.71640625 0.01640625 0.0296875
2 0.3109375 0.70625 0.01484375 0.0171875
2 0.3234375 0.71328125 0.01640625 0.01953125
2 0.31171875 0.7265625 0.0125 0.01875
2 0.31484375 0.74609375 0.01484375 0.01796875
2 0.32265625 0.73046875 0.015625 0.021875
2 0.33671875 0.7390625 0.01171875 0.0171875
2 0.3359375 0.71875 0.0125 0.0203125
2 0.3484375 0.7296875 0.015625 0.02265625
2 0.3265625 0.7515625 0.015625 0.01875
2 0.33671875 0.759375 0.01640625 0.02265625
2 0.35078125 0.74921875 0.0140625 0.01875
2 0.34609375 0.77734375 0.01328125 0.01875
2 0.3515625 0.76875 0.0140625 0.02109375
2 0.31953125 0.79609375 0.01796875 0.02109375
2 0.32890625 0.815625 0.01484375 0.021875
2 0.334375 0.79375 0.0125 0.01796875
2 0.34453125 0.8 0.0109375 0.0171875
2 0.33359375 0.846875 0.01640625 0.02578125
2 0.35 0.84453125 0.01484375 0.021875
2 0.3609375 0.83984375 0.01328125 0.01875
2 0.33984375 0.82578125 0.01328125 0.01796875
2 0.35234375 0.81640625 0.015625 0.02265625
2 0.35546875 0.7953125 0.01484375 0.015625
2 0.60859375 0.59140625 0.0171875 0.02265625
2 0.603125 0.6078125 0.01640625 0.02265625
2 0.59921875 0.62890625 0.01484375 0.0265625