2 0.49375 0.6671875 0.0265625 0.034375
2 0.4921875 0.63125 0.025 0.034375
2 0.49140625 0.596875 0.025 0.034375
2 0.459375 0.68046875 0.025 0.034375
2 0.33046875 0.64140625 0.0265625 0.034375
2 0.4328125 0.675 0.028125 0.0359375
2 0.41953125 0.72421875 0.0265625 0.034375
2 0.4078125 0.690625 0.028125 0.034375
2 0.4046875 0.44921875 0.025 0.0328125
2 0.4546875 0.55390625 0.025 0.0359375
2 0.3578125 0.45078125 0.025 0.034375
2 0.2859375 0.5296875 0.0265625 0.0328125
2 0.37109375 0.6015625 0.028125 0.03125
2 0.34375 0.428125 0.0265625 0.0328125
2 0.4484375 0.6484375 0.028125 0.034375
2 0.4578125 0.52109375 0.0234375 0.034375
2 0.3796875 0.6328125 0.028125 0.034375
2 0.3828125 0.69140625 0.025 0.034375
2 0.43515625 0.484375 0.025 0.034375
2 0.27578125 0.5765625 0.0265625 0.034375
2 0.33125 0.459375 0.028125 0.034375
2 0.3984375 0.59375 0.028125 0.034375
2 0.40703125 0.55390625 0.028125 0.034375
2 0.3859375 0.46796875 0.025 0.03125
2 0.39609375 0.72109375 0.025 0.0328125
2 0.31875 0.5359375 0.028125 0.034375
2 0.33046875 0.59921875 0.0265625 0.034375
2 0.29296875 0.60078125 0.025 0.0328125
2 0.43203125 0.54921875 0.0265625 0.034375
2 0.43203125 0.5171875 0.025 0.034375
2 0.3640625 0.4859375 0.025 0.0328125
2 0.4046875 0.6265625 0.028125 0.034375
2 0.40546875 0.6578125 0.025 0.03125
2 0.46875 0.584375 0.025 0.034375
2 0.3140625 0.57421875 0.028125 0.0375
2 0.440625 0.709375 0.0265625 0.0359375
2 0.3640625 0.55078125 0.028125 0.034375
2 0.38828125 0.5015625 0.028125 0.034375
2 0.259375 0.55078125 0.028125 0.0328125
2 0.38828125 0.5359375 0.025 0.0328125
2 0.4234375 0.58203125 0.025 0.034375
2 0.3828125 0.56953125 0.0265625 0.034375
2 0.44765625 0.615625 0.0265625 0.034375
2 0.40859375 0.51796875 0.0265625 0.0328125
2 0.34375 0.52109375 0.0265625 0.034375
2 0.309375 0.6203125 0.028125 0.0359375
2 0.33828125 0.490625 0.025 0.034375
2 0.3546875 0.58125 0.025 0.03125
2 0.33984375 0.55859375 0.0265625 0.034375
2 0.3109375 0.48203125 0.0234375 0.03125
2 0.2578125 0.6015625 0.025 0.0328125
2 0.296875 0.55078125 0.025 0.034375
2 0.475 0.653125 0.0234375 0.034375
2 0.46875 0.61953125 0.025 0.034375
2 0.3671875 0.51640625 0.025 0.034375
2 0.32265625 0.50390625 0.025 0.0328125
2 0.42734375 0.6171875 0.0265625 0.0328125
2 0.4453125 0.584375 0.025 0.0328125
2 0.42890625 0.64375 0.028125 0.03125
2 0.41015625 0.484375 0.0265625 0.034375
2 0.346875 0.6140625 0.021875 0.034375
2 0.30703125 0.5140625 0.025 0.034375