0 0.675 0.428125 0.0234375 0.0375
0 0.65625 0.4359375 0.021875 0.0296875
0 0.63828125 0.4421875 0.025 0.034375
0 0.6359375 0.46796875 0.0234375 0.0296875
0 0.65234375 0.4609375 0.0234375 0.028125
0 0.6640625 0.47890625 0.025 0.034375
0 0.6453125 0.4890625 0.0234375 0.028125
0 0.63984375 0.51171875 0.025 0.0359375
0 0.65703125 0.5046875 0.0234375 0.0375
2 0.62265625 0.41796875 0.025 0.034375
2 0.61875 0.44375 0.025 0.0328125
2 0.615625 0.48203125 0.021875 0.03125
2 0.60546875 0.5046875 0.025 0.034375
2 0.58828125 0.52265625 0.025 0.0375
2 0.6046875 0.53203125 0.0234375 0.0296875
2 0.62265625 0.5203125 0.01875 0.0328125
2 0.63671875 0.53671875 0.021875 0.025
2 0.65625 0.5359375 0.021875 0.028125
2 0.6734375 0.528125 0.01875 0.025
2 0.69140625 0.50546875 0.025 0.0453125
2 0.70078125 0.47734375 0.028125 0.0390625
2 0.68359375 0.46484375 0.021875 0.0296875
2 0.70625 0.4484375 0.025 0.0375
2 0.72421875 0.434375 0.021875 0.0375
2 0.7328125 0.40859375 0.021875 0.034375
2 0.71328125 0.3984375 0.025 0.03125
2 0.7046875 0.4234375 0.0234375 0.034375
2 0.69609375 0.40703125 0.0234375 0.03125
2 0.690625 0.378125 0.0234375 0.034375
2 0.709375 0.37109375 0.025 0.034375
2 0.69921875 0.35234375 0.0265625 0.0375
2 0.67578125 0.3921875 0.021875 0.0328125
2 0.65859375 0.4046875 0.025 0.03125
2 0.640625 0.4109375 0.025 0.034375