0 0.49375 0.690625 0.0375 0.0640625
0 0.52421875 0.678125 0.04375 0.053125
0 0.49921875 0.63671875 0.053125 0.05
0 0.5109375 0.59375 0.0375 0.0515625
0 0.54375 0.64609375 0.0421875 0.0453125
0 0.5421875 0.60390625 0.0375 0.0453125
0 0.5328125 0.55859375 0.0453125 0.05
0 0.55859375 0.6859375 0.040625 0.059375
0 0.58515625 0.65859375 0.040625 0.046875
0 0.57421875 0.61796875 0.0375 0.046875
0 0.56875 0.5765625 0.04375 0.053125
0 0.5671875 0.534375 0.040625 0.05
0 0.57109375 0.49609375 0.0375 0.05625
0 0.63203125 0.66875 0.04375 0.05625
0 0.6109375 0.625 0.0421875 0.053125
0 0.59765625 0.59140625 0.0453125 0.053125
0 0.603125 0.55078125 0.0453125 0.05
0 0.6015625 0.50859375 0.040625 0.046875
0 0.59765625 0.46796875 0.0421875 0.053125
0 0.63984375 0.57734375 0.04375 0.046875
0 0.64765625 0.6203125 0.040625 0.05625
0 0.64296875 0.5390625 0.04375 0.05
0 0.63515625 0.5015625 0.0421875 0.053125
0 0.63359375 0.4640625 0.0375 0.05625
0 0.62265625 0.41484375 0.0375 0.053125
0 0.68046875 0.5546875 0.0375 0.04375
0 0.67890625 0.6 0.0375 0.046875
0 0.709375 0.61875 0.040625 0.0515625
0 0.7125 0.5703125 0.0375 0.05
0 0.7421875 0.59765625 0.0359375 0.053125
0 0.7734375 0.6203125 0.0390625 0.0515625
0 0.76640625 0.571875 0.040625 0.046875
0 0.7390625 0.55 0.040625 0.05
0 0.70546875 0.5265625 0.0375 0.046875
0 0.67109375 0.515625 0.040625 0.053125
0 0.66640625 0.471875 0.040625 0.053125
0 0.703125 0.4890625 0.040625 0.053125
0 0.73671875 0.503125 0.034375 0.05
0 0.76796875 0.515625 0.040625 0.0515625
0 0.7625 0.46875 0.040625 0.05
0 0.73046875 0.4546875 0.040625 0.05
0 0.7265625 0.409375 0.040625 0.05
0 0.69765625 0.44140625 0.040625 0.05
0 0.690625 0.4015625 0.040625 0.0546875
0 0.6640625 0.42734375 0.04375 0.0546875
0 0.6453125 0.3875 0.04375 0.05
2 0.41640625 0.715625 0.040625 0.053125
2 0.4125 0.66953125 0.0359375 0.04375
2 0.45390625 0.7296875 0.040625 0.046875
2 0.45078125 0.68828125 0.040625 0.0453125
2 0.44296875 0.6453125 0.040625 0.05
2 0.459375 0.59765625 0.04375 0.05
2 0.47265625 0.63671875 0.0328125 0.0484375
2 0.60703125 0.7109375 0.040625 0.046875
2 0.64296875 0.7328125 0.040625 0.05
2 0.6671875 0.7046875 0.040625 0.05
2 0.665625 0.6640625 0.0375 0.04375
2 0.70546875 0.73125 0.0375 0.053125
2 0.7 0.68125 0.04375 0.046875
2 0.73671875 0.709375 0.040625 0.05625
2 0.740625 0.6640625 0.0453125 0.046875
2 0.7703125 0.67734375 0.04375 0.05625
2 0.78984375 0.64375 0.040625 0.040625
2 0.78125 0.4171875 0.04375 0.05
2 0.77890625 0.371875 0.0453125 0.046875
2 0.76875 0.3265625 0.04375 0.05625
2 0.74296875 0.359375 0.0484375 0.053125
2 0.73046875 0.32265625 0.040625 0.053125
2 0.71640625 0.2875 0.040625 0.046875
2 0.70078125 0.34765625 0.046875 0.05
2 0.68203125 0.3046875 0.040625 0.05
2 0.653125 0.3140625 0.04375 0.059375
2 0.59296875 0.375 0.04375 0.05
2 0.6203125 0.34921875 0.04375 0.0515625