2 0.4796875 0.46015625 0.0359375 0.03125
2 0.50546875 0.47421875 0.034375 0.025
2 0.4703125 0.48359375 0.0375 0.025
2 0.5375 0.46953125 0.0359375 0.028125
2 0.52890625 0.49375 0.034375 0.025
2 0.496875 0.49765625 0.040625 0.028125
2 0.47265625 0.5171875 0.0375 0.028125
2 0.51640625 0.51796875 0.0359375 0.0265625
2 0.49296875 0.5375 0.034375 0.0265625
2 0.56484375 0.484375 0.0375 0.028125
2 0.55390625 0.5078125 0.034375 0.028125
2 0.54140625 0.53125 0.03125 0.025
2 0.52265625 0.55 0.0328125 0.0234375
2 0.50078125 0.56796875 0.0359375 0.025
2 0.5703125 0.5421875 0.0359375 0.025
2 0.5828125 0.51953125 0.0375 0.028125
2 0.590625 0.496875 0.034375 0.028125
2 0.54765625 0.559375 0.03125 0.025
2 0.53046875 0.5796875 0.034375 0.0234375
2 0.61796875 0.50703125 0.034375 0.025
2 0.61015625 0.53125 0.03125 0.025
2 0.59296875 0.55078125 0.0375 0.028125
2 0.5734375 0.571875 0.0375 0.025
2 0.553125 0.59296875 0.0328125 0.025
2 0.53828125 0.61328125 0.03125 0.0234375
2 0.5125 0.60234375 0.034375 0.025
2 0.53671875 0.63828125 0.0375 0.0265625
2 0.65 0.5125 0.0375 0.025
2 0.64140625 0.5359375 0.0375 0.0234375
2 0.625 0.5546875 0.0328125 0.021875
2 0.60390625 0.57421875 0.034375 0.0265625
2 0.5875 0.59296875 0.034375 0.025
2 0.57265625 0.6140625 0.0359375 0.025
2 0.56953125 0.6375 0.034375 0.0265625
2 0.559375 0.659375 0.034375 0.0234375
2 0.6859375 0.51484375 0.0375 0.0265625
2 0.67578125 0.53828125 0.03125 0.025
2 0.65859375 0.55703125 0.03125 0.025
2 0.6390625 0.5765625 0.034375 0.025
2 0.621875 0.59453125 0.034375 0.025
2 0.60546875 0.6171875 0.03125 0.025
2 0.603125 0.6390625 0.034375 0.025
2 0.59375 0.66171875 0.034375 0.025
2 0.578125 0.6828125 0.0359375 0.025
2 0.7078125 0.5484375 0.0359375 0.025
2 0.690625 0.565625 0.034375 0.021875
2 0.66484375 0.584375 0.03125 0.0234375
2 0.64453125 0.60234375 0.0296875 0.021875
2 0.6359375 0.62265625 0.0328125 0.025
2 0.6328125 0.64609375 0.0328125 0.025
2 0.62734375 0.69375 0.0375 0.021875
2 0.625 0.6703125 0.0375 0.0265625
2 0.72265625 0.56875 0.0375 0.025
2 0.70078125 0.58984375 0.0453125 0.025
2 0.6796875 0.60703125 0.0359375 0.025
2 0.6640625 0.628125 0.034375 0.025
2 0.728125 0.60078125 0.034375 0.0234375
2 0.74765625 0.5828125 0.0375 0.025
2 0.7625 0.60625 0.034375 0.025
2 0.73828125 0.6234375 0.03125 0.021875
2 0.70859375 0.61484375 0.034375 0.025
2 0.69609375 0.6375 0.03125 0.021875
2 0.66640625 0.6515625 0.034375 0.021875
2 0.66328125 0.675 0.034375 0.025
2 0.7 0.66015625 0.0390625 0.025
2 0.69296875 0.684375 0.034375 0.025
2 0.72421875 0.6453125 0.03125 0.025
2 0.77109375 0.63046875 0.040625 0.0234375
2 0.75859375 0.65078125 0.034375 0.025
2 0.7875 0.66328125 0.0359375 0.028125
2 0.7640625 0.67890625 0.0375 0.025
2 0.73515625 0.66796875 0.0328125 0.025