2 0.31640625 0.75234375 0.01640625 0.03046875
2 0.3296875 0.7421875 0.01484375 0.01796875
2 0.34296875 0.7484375 0.0171875 0.01953125
2 0.33046875 0.7625 0.0125 0.01953125
2 0.33359375 0.7828125 0.01484375 0.01796875
2 0.3421875 0.76640625 0.015625 0.02265625
2 0.35625 0.775 0.01171875 0.01796875
2 0.35546875 0.7546875 0.0125 0.0203125
2 0.36796875 0.765625 0.015625 0.0234375
2 0.34609375 0.78828125 0.015625 0.01953125
2 0.35625 0.79609375 0.01640625 0.0234375
2 0.3703125 0.78515625 0.0140625 0.01953125
2 0.365625 0.8140625 0.0140625 0.01953125
2 0.37109375 0.80546875 0.0140625 0.02109375
2 0.3390625 0.8328125 0.01796875 0.02109375
2 0.3484375 0.853125 0.01484375 0.02265625
2 0.35390625 0.83046875 0.0125 0.01796875
2 0.3640625 0.8375 0.0109375 0.0171875
2 0.353125 0.88515625 0.01640625 0.0265625
2 0.36953125 0.8828125 0.01484375 0.021875
2 0.38125 0.87734375 0.01328125 0.01875
2 0.359375 0.86328125 0.01328125 0.01796875
2 0.371875 0.85390625 0.01640625 0.0234375
2 0.37578125 0.8328125 0.01484375 0.01640625
2 0.63359375 0.625 0.0171875 0.0234375
2 0.628125 0.64140625 0.0171875 0.0234375
2 0.62421875 0.66328125 0.01484375 0.0265625