1 0.4734375 0.7203125 0.0234375 0.01796875
1 0.496875 0.71328125 0.02421875 0.01875
0 0.53125 0.8015625 0.02734375 0.01875
0 0.50859375 0.80625 0.02578125 0.01796875
0 0.4828125 0.80703125 0.025 0.01875
0 0.47265625 0.79453125 0.0265625 0.01796875
0 0.4484375 0.7921875 0.02890625 0.01875
0 0.434375 0.7796875 0.02578125 0.01875
0 0.4203125 0.76875 0.0234375 0.01796875
0 0.42890625 0.753125 0.02421875 0.01953125
0 0.44140625 0.765625 0.025 0.01953125
0 0.4546875 0.77734375 0.0203125 0.01875
0 0.47421875 0.778125 0.0203125 0.0203125
0 0.49453125 0.79140625 0.025 0.01875
0 0.49453125 0.77578125 0.02578125 0.01953125
0 0.5171875 0.7875 0.02578125 0.0171875
0 0.51953125 0.77109375 0.02578125 0.0171875
0 0.51015625 0.75859375 0.0265625 0.0203125
0 0.48515625 0.76328125 0.028125 0.0171875
0 0.4640625 0.7640625 0.02265625 0.01796875
0 0.453125 0.74921875 0.02265625 0.02109375
0 0.4390625 0.7390625 0.028125 0.01875
0 0.4609375 0.73515625 0.025 0.01875
0 0.47421875 0.7484375 0.0265625 0.01875
0 0.48203125 0.73515625 0.0234375 0.01796875
0 0.496875 0.746875 0.0234375 0.02265625
0 0.51796875 0.73984375 0.0296875 0.01875
0 0.5328125 0.75234375 0.02578125 0.0203125
0 0.50703125 0.73125 0.028125 0.01953125
0 0.45078125 0.70703125 0.025 0.01796875
0 0.490625 0.68671875 0.0265625 0.0171875
0 0.5234375 0.71796875 0.021875 0.0171875
0 0.5375 0.73046875 0.0234375 0.01875
0 0.54140625 0.709375 0.025 0.01875
0 0.52734375 0.6984375 0.02578125 0.01796875
0 0.50859375 0.6984375 0.021875 0.015625
0 0.51015625 0.6828125 0.02109375 0.01796875
0 0.52890625 0.68203125 0.0234375 0.01953125
0 0.5515625 0.69296875 0.025 0.01796875
0 0.51640625 0.66875 0.0265625 0.01875
0 0.534375 0.6640625 0.02265625 0.01953125
0 0.55078125 0.67421875 0.025 0.02109375
0 0.56796875 0.6640625 0.02734375 0.01953125
0 0.55703125 0.65234375 0.025 0.01953125
2 0.53046875 0.8390625 0.0265625 0.01796875
2 0.49921875 0.8359375 0.0265625 0.01875
2 0.50625 0.821875 0.025 0.01875
2 0.52265625 0.828125 0.01875 0.0171875
2 0.54375 0.8203125 0.02578125 0.01796875
2 0.46328125 0.8296875 0.028125 0.02109375
2 0.48359375 0.82734375 0.02265625 0.01875
2 0.4484375 0.81875 0.0265625 0.0203125
2 0.4265625 0.81171875 0.0234375 0.01953125
2 0.4109375 0.740625 0.0234375 0.01875
2 0.4203125 0.72734375 0.02265625 0.01640625
2 0.54765625 0.78828125 0.02265625 0.01640625
2 0.54609375 0.775 0.021875 0.01875
2 0.56328125 0.7453125 0.02265625 0.01875
2 0.5671875 0.73046875 0.0234375 0.01953125
2 0.48203125 0.66875 0.02109375 0.01484375
2 0.57109375 0.696875 0.021875 0.0203125
2 0.5875 0.68828125 0.02109375 0.0203125
2 0.60234375 0.6734375 0.025 0.01953125
2 0.58671875 0.65859375 0.02265625 0.01953125
2 0.53671875 0.62734375 0.025 0.01796875
2 0.56015625 0.625 0.02265625 0.01796875
2 0.5296875 0.64375 0.0234375 0.01875
2 0.51015625 0.6484375 0.025 0.01953125
2 0.50078125 0.6625 0.0203125 0.01640625
2 0.5484375 0.63984375 0.021875 0.0171875
2 0.56875 0.6390625 0.02265625 0.0171875
2 0.58203125 0.628125 0.021875 0.01953125
2 0.609375 0.63046875 0.0234375 0.01796875
2 0.5921875 0.61484375 0.0203125 0.0234375
2 0.61015625 0.6140625 0.0265625 0.02109375
2 0.6359375 0.6203125 0.02421875 0.021875
2 0.60703125 0.59765625 0.025 0.01640625
2 0.6265625 0.60078125 0.02421875 0.01640625
2 0.65078125 0.60859375 0.0234375 0.01875
2 0.67734375 0.60625 0.02734375 0.01796875
2 0.65859375 0.5890625 0.028125 0.02109375
2 0.68125 0.5859375 0.0265625 0.01875
2 0.66953125 0.5734375 0.0265625 0.01796875
2 0.6953125 0.57109375 0.025 0.0203125
2 0.64765625 0.5765625 0.02421875 0.01796875
0 0.63203125 0.5734375 0.025 0.015625
0 0.6171875 0.54296875 0.02421875 0.0171875
0 0.634375 0.55234375 0.0234375 0.015625
0 0.64140625 0.53828125 0.0234375 0.0171875
0 0.659375 0.54765625 0.0203125 0.01640625
0 0.58671875 0.54453125 0.0265625 0.0171875
0 0.6 0.534375 0.021875 0.01640625
0 0.5796875 0.52890625 0.0265625 0.01875
0 0.5671875 0.515625 0.0234375 0.01796875
0 0.55625 0.5015625 0.0234375 0.0171875
0 0.52890625 0.503125 0.02421875 0.0171875
0 0.54453125 0.51328125 0.02578125 0.015625
0 0.55234375 0.52890625 0.025 0.01796875
0 0.59765625 0.5015625 0.025 0.0171875
0 0.6125 0.5125 0.0234375 0.01796875
0 0.6328125 0.51171875 0.02421875 0.01796875
0 0.646875 0.52265625 0.0234375 0.01796875
0 0.6640625 0.509375 0.02578125 0.01875
0 0.671875 0.4953125 0.025 0.01953125
0 0.646875 0.49921875 0.02578125 0.01953125
0 0.63046875 0.49296875 0.028125 0.01953125
0 0.61171875 0.48828125 0.025 0.01796875
2 0.6015625 0.58203125 0.025 0.015625
2 0.5984375 0.5640625 0.02421875 0.01796875
2 0.70078125 0.54453125 0.0265625 0.01640625
2 0.54609375 0.56640625 0.025 0.0171875
2 0.57421875 0.56171875 0.0265625 0.01796875
2 0.546875 0.5484375 0.02109375 0.015625
2 0.56484375 0.5484375 0.01953125 0.015625
2 0.521875 0.54375 0.02109375 0.01796875
2 0.50625 0.534375 0.0234375 0.02109375
2 0.52265625 0.5234375 0.02109375 0.01953125
2 0.50859375 0.51640625 0.021875 0.01875
2 0.49453125 0.5078125 0.02109375 0.01796875
2 0.50625 0.49453125 0.021875 0.01953125
2 0.52109375 0.4859375 0.01875 0.015625
2 0.5453125 0.48359375 0.02265625 0.0171875
2 0.57734375 0.4984375 0.021875 0.01875
2 0.58203125 0.484375 0.0234375 0.01640625
2 0.56640625 0.47578125 0.021875 0.01796875
2 0.68515625 0.52890625 0.0234375 0.01875
2 0.67265625 0.55703125 0.02265625 0.01796875
2 0.709375 0.52890625 0.0234375 0.01640625
2 0.89453125 0.5375 0.03046875 0.0203125
2 0.70390625 0.51484375 0.02578125 0.01640625
2 0.684375 0.51015625 0.021875 0.01875
2 0.7 0.4984375 0.0234375 0.01953125
2 0.703125 0.48203125 0.025 0.01875
2 0.68125 0.47890625 0.0234375 0.01796875
0 0.58828125 0.4609375 0.02421875 0.01875
2 0.67734375 0.46328125 0.02421875 0.01796875
2 0.66328125 0.4515625 0.021875 0.0203125
2 0.6609375 0.46953125 0.02265625 0.021875
2 0.64140625 0.47578125 0.0234375 0.01796875
2 0.63046875 0.46640625 0.02265625 0.0140625
2 0.6234375 0.4515625 0.02421875 0.01953125
2 0.61015625 0.46171875 0.01953125 0.01640625
2 0.596875 0.47578125 0.0203125 0.015625
2 0.6171875 0.47578125 0.021875 0.01796875
2 0.6453125 0.4578125 0.01953125 0.01484375
2 0.64296875 0.4453125 0.02265625 0.01796875
2 0.628125 0.4359375 0.025 0.0171875
2 0.60546875 0.4390625 0.01875 0.01796875
2 0.62265625 0.40546875 0.0234375 0.01953125
2 0.5984375 0.41640625 0.02578125 0.02109375
2 0.58828125 0.4390625 0.025 0.0203125
2 0.578125 0.4234375 0.025 0.01796875
2 0.5421875 0.4125 0.021875 0.015625
2 0.5578125 0.425 0.025 0.01953125
2 0.5640625 0.440625 0.021875 0.01796875
2 0.5734375 0.4546875 0.01640625 0.015625
2 0.55390625 0.45390625 0.0234375 0.01484375
2 0.55 0.46953125 0.0234375 0.015625
2 0.53046875 0.4703125 0.01953125 0.01640625
2 0.5109375 0.47109375 0.02265625 0.01640625
2 0.503125 0.4625 0.025 0.01875
2 0.51796875 0.45625 0.021875 0.0171875
2 0.53828125 0.45546875 0.021875 0.0171875
2 0.52578125 0.44296875 0.021875 0.01875
2 0.51171875 0.44453125 0.0234375 0.01796875
2 0.546875 0.440625 0.0203125 0.0171875
2 0.53828125 0.42734375 0.02265625 0.0171875
2 0.52421875 0.4171875 0.01953125 0.01953125
2 0.5078125 0.4171875 0.02265625 0.01796875
2 0.5171875 0.4296875 0.021875 0.01796875