0 0.68984375 0.69140625 0.021875 0.015625
0 0.67421875 0.69296875 0.01875 0.0140625
0 0.69765625 0.6765625 0.021875 0.015625
0 0.68203125 0.6796875 0.0203125 0.015625
0 0.66484375 0.68125 0.021875 0.01875
0 0.68828125 0.66484375 0.021875 0.0140625
0 0.70625 0.66484375 0.0203125 0.0140625
0 0.7125 0.653125 0.0203125 0.015625
0 0.69375 0.653125 0.021875 0.015625
0 0.67890625 0.6546875 0.021875 0.015625
0 0.671875 0.6671875 0.01875 0.015625
0 0.653125 0.671875 0.01875 0.0140625
0 0.63828125 0.67265625 0.021875 0.0171875
0 0.64296875 0.6609375 0.0203125 0.015625
0 0.66015625 0.65859375 0.021875 0.015625
0 0.66484375 0.64609375 0.01875 0.015625
0 0.68046875 0.64296875 0.021875 0.015625
0 0.69765625 0.64375 0.0234375 0.015625
0 0.6890625 0.63125 0.0234375 0.015625
0 0.67109375 0.6328125 0.01875 0.0140625
0 0.65390625 0.63515625 0.021875 0.0140625
0 0.64765625 0.64609375 0.021875 0.015625
0 0.63046875 0.64921875 0.021875 0.0171875
0 0.6359375 0.6359375 0.021875 0.015625
0 0.64140625 0.62578125 0.021875 0.0140625
0 0.6578125 0.621875 0.021875 0.0140625
0 0.6765625 0.62109375 0.025 0.0140625
0 0.67890625 0.60859375 0.021875 0.015625
0 0.66015625 0.61015625 0.021875 0.015625
0 0.64453125 0.60546875 0.021875 0.015625
0 0.64765625 0.59296875 0.021875 0.015625
0 0.66640625 0.596875 0.0203125 0.015625
0 0.6828125 0.59609375 0.021875 0.0140625
0 0.6953125 0.584375 0.021875 0.015625
0 0.67890625 0.584375 0.021875 0.015625
0 0.6625 0.5859375 0.01875 0.0125
0 0.67265625 0.57265625 0.021875 0.015625
0 0.6890625 0.57109375 0.021875 0.015625
0 0.70625 0.56875 0.021875 0.015625
0 0.6953125 0.5578125 0.01875 0.015625
0 0.7109375 0.5546875 0.0203125 0.015625
0 0.72109375 0.56328125 0.01875 0.0125
0 0.77265625 0.56640625 0.01875 0.0125
0 0.76015625 0.57421875 0.021875 0.015625
0 0.78125 0.5765625 0.0203125 0.0140625
0 0.790625 0.5875 0.01875 0.015625
2 0.721875 0.721875 0.0265625 0.01875
2 0.73125 0.70859375 0.01875 0.0125
2 0.71171875 0.70859375 0.01875 0.015625
2 0.69296875 0.71015625 0.021875 0.0140625
2 0.73515625 0.69765625 0.021875 0.015625
2 0.71796875 0.69453125 0.021875 0.015625
2 0.7265625 0.68359375 0.021875 0.015625
2 0.74609375 0.6875 0.021875 0.015625
2 0.7546875 0.6734375 0.021875 0.015625
2 0.73515625 0.6734375 0.021875 0.015625
2 0.74375 0.66015625 0.01875 0.0171875
2 0.734375 0.6453125 0.021875 0.0125
2 0.7265625 0.6546875 0.01875 0.015625
2 0.72109375 0.6671875 0.01875 0.0140625
2 0.7171875 0.6375 0.0203125 0.015625
2 0.640625 0.68984375 0.021875 0.015625
2 0.7234375 0.625 0.025 0.015625
2 0.70546875 0.625 0.01875 0.015625
2 0.71328125 0.61484375 0.01875 0.0125
2 0.69296875 0.6140625 0.01875 0.0125
2 0.70078125 0.6046875 0.021875 0.01875
2 0.72109375 0.60234375 0.021875 0.015625
2 0.71171875 0.5875 0.01875 0.01875
2 0.7296875 0.5890625 0.021875 0.0171875
2 0.7390625 0.58046875 0.01875 0.0140625
2 0.7484375 0.5921875 0.01875 0.0140625
2 0.76875 0.59609375 0.021875 0.0140625
2 0.81328125 0.5828125 0.021875 0.015625
2 0.83203125 0.58984375 0.021875 0.015625
2 0.81953125 0.5984375 0.021875 0.01875
2 0.80625 0.60625 0.01875 0.0140625
2 0.83671875 0.60546875 0.021875 0.015625
2 0.8234375 0.6140625 0.01875 0.015625
2 0.809375 0.621875 0.021875 0.015625
2 0.8265625 0.628125 0.0203125 0.0140625
2 0.8484375 0.61953125 0.021875 0.015625
2 0.84453125 0.63203125 0.0234375 0.015625
2 0.86875 0.62890625 0.025 0.015625
2 0.871875 0.64375 0.0234375 0.0171875
2 0.85 0.64609375 0.0234375 0.015625
2 0.8546875 0.65859375 0.0234375 0.0171875
2 0.615625 0.66875 0.01875 0.01875
2 0.60390625 0.6578125 0.021875 0.015625
2 0.596875 0.66796875 0.021875 0.015625
2 0.61328125 0.64609375 0.01875 0.015625
2 0.60234375 0.63671875 0.021875 0.015625
2 0.59453125 0.625 0.021875 0.015625
2 0.5875 0.6125 0.021875 0.015625
2 0.603125 0.6140625 0.0203125 0.015625
2 0.609375 0.625 0.021875 0.0140625
2 0.62734375 0.621875 0.021875 0.015625
2 0.61953125 0.6109375 0.01875 0.0140625
2 0.6125 0.6 0.01875 0.015625
2 0.60234375 0.5890625 0.021875 0.015625
2 0.5953125 0.60078125 0.021875 0.015625
2 0.61953125 0.5875 0.0203125 0.015625
2 0.628125 0.5984375 0.01875 0.015625
2 0.6359375 0.58515625 0.021875 0.0140625
2 0.80546875 0.56796875 0.0234375 0.015625
2 0.7953125 0.55625 0.021875 0.0140625
2 0.75546875 0.5484375 0.01875 0.0140625
2 0.74296875 0.55703125 0.01875 0.015625
2 0.76171875 0.53828125 0.021875 0.015625
2 0.74375 0.53828125 0.01875 0.0125
2 0.74296875 0.52578125 0.01875 0.015625
2 0.72734375 0.53125 0.021875 0.0125
2 0.73203125 0.5453125 0.01875 0.0125
2 0.715625 0.5421875 0.0203125 0.0140625
2 0.69921875 0.53828125 0.0203125 0.015625
2 0.68125 0.5375 0.0203125 0.015625
2 0.665625 0.5375 0.01875 0.015625
2 0.67734375 0.5484375 0.021875 0.0140625
2 0.659375 0.54921875 0.021875 0.015625
2 0.64296875 0.54609375 0.021875 0.015625
2 0.62734375 0.55078125 0.021875 0.015625
2 0.64921875 0.55703125 0.021875 0.015625
2 0.67109375 0.55859375 0.01875 0.0125
2 0.64296875 0.5703125 0.0203125 0.0125
2 0.6171875 0.56328125 0.0203125 0.0140625
2 0.63359375 0.56015625 0.0203125 0.0125
2 0.628125 0.5734375 0.01875 0.0140625
2 0.61171875 0.57734375 0.025 0.0140625
2 0.7234375 0.575 0.021875 0.015625
2 0.7328125 0.56796875 0.015625 0.0140625