2 0.49375 0.59296875 0.0328125 0.025
2 0.6734375 0.7578125 0.034375 0.028125
2 0.64375 0.7515625 0.034375 0.028125
2 0.51796875 0.62578125 0.0328125 0.025
2 0.64296875 0.77421875 0.034375 0.0265625
2 0.5375 0.63984375 0.034375 0.025
2 0.49140625 0.61640625 0.03125 0.0234375
2 0.59609375 0.70234375 0.0359375 0.028125
2 0.575 0.68515625 0.034375 0.025
2 0.5421875 0.6890625 0.03125 0.025
2 0.56328125 0.70625 0.03125 0.025
2 0.50625 0.64140625 0.034375 0.028125
2 0.55234375 0.66484375 0.03125 0.025
2 0.5203125 0.6625 0.03125 0.021875