0 0.67734375 0.74921875 0.0203125 0.015625
0 0.66171875 0.74375 0.0171875 0.0171875
0 0.64453125 0.73828125 0.025 0.0171875
2 0.68046875 0.70859375 0.021875 0.0140625
2 0.66484375 0.71484375 0.021875 0.0140625
2 0.68515625 0.721875 0.021875 0.0125
2 0.6671875 0.72734375 0.0171875 0.0140625
2 0.6828125 0.73359375 0.021875 0.0125
2 0.64921875 0.70625 0.0234375 0.0125
2 0.64765625 0.71796875 0.01875 0.015625
2 0.63515625 0.71171875 0.01875 0.015625
2 0.6203125 0.70859375 0.0203125 0.0140625
2 0.63671875 0.72421875 0.021875 0.0125
2 0.62109375 0.7203125 0.015625 0.0125
2 0.60703125 0.71171875 0.01875 0.015625
2 0.5921875 0.70625 0.0203125 0.015625
2 0.59140625 0.72109375 0.021875 0.015625
2 0.609375 0.725 0.0203125 0.015625
2 0.6234375 0.73359375 0.01875 0.015625
2 0.621875 0.7484375 0.01875 0.015625
2 0.6078125 0.73828125 0.01875 0.015625
2 0.59375 0.73359375 0.021875 0.015625
2 0.65078125 0.75703125 0.0203125 0.0125
2 0.6359375 0.753125 0.025 0.015625
2 0.703125 0.74296875 0.0265625 0.015625
2 0.6984375 0.75546875 0.025 0.015625
2 0.696875 0.7671875 0.0203125 0.015625
2 0.68203125 0.771875 0.01875 0.015625
2 0.68359375 0.7625 0.015625 0.0109375
2 0.66796875 0.7625 0.015625 0.0125
2 0.64765625 0.81484375 0.025 0.01875
2 0.62890625 0.8109375 0.021875 0.015625
2 0.61171875 0.8109375 0.021875 0.01875
2 0.59609375 0.81640625 0.025 0.01875
2 0.6078125 0.8234375 0.0203125 0.01875
2 0.6265625 0.82421875 0.025 0.015625
2 0.64296875 0.8265625 0.021875 0.0125
2 0.65859375 0.825 0.025 0.0171875
2 0.66796875 0.8359375 0.01875 0.0171875
2 0.65234375 0.8375 0.021875 0.0171875
2 0.6359375 0.83828125 0.0234375 0.015625
2 0.62109375 0.834375 0.01875 0.0140625
2 0.60078125 0.834375 0.01875 0.0171875
2 0.6109375 0.84296875 0.0171875 0.0140625
2 0.62578125 0.84921875 0.021875 0.0125
2 0.64609375 0.85234375 0.025 0.015625
2 0.659375 0.85 0.0203125 0.0125