0 0.3640625 0.27578125 0.021875 0.0296875
0 0.3796875 0.284375 0.021875 0.025
0 0.38125 0.309375 0.021875 0.025
0 0.390625 0.3296875 0.021875 0.03125
0 0.371875 0.328125 0.0203125 0.028125
0 0.36953125 0.353125 0.0234375 0.0296875
0 0.359375 0.31640625 0.0203125 0.028125
0 0.3515625 0.3390625 0.021875 0.034375
0 0.3328125 0.32890625 0.0203125 0.03125
2 0.3921875 0.22265625 0.0234375 0.03125
2 0.40234375 0.2453125 0.021875 0.0265625
2 0.41171875 0.2671875 0.021875 0.028125
2 0.39375 0.26640625 0.01875 0.028125
2 0.38046875 0.24921875 0.021875 0.0265625
2 0.371875 0.2234375 0.0234375 0.03125
2 0.35234375 0.228125 0.021875 0.025
2 0.3625 0.25 0.0203125 0.025
2 0.34296875 0.2546875 0.021875 0.0296875
2 0.33046875 0.2765625 0.021875 0.028125
2 0.321875 0.25625 0.0234375 0.025
2 0.30625 0.26171875 0.025 0.0265625
2 0.31640625 0.27890625 0.025 0.025
2 0.29375 0.2828125 0.021875 0.0328125
2 0.309375 0.30078125 0.0234375 0.0234375
2 0.30625 0.32578125 0.021875 0.03125
2 0.328125 0.3046875 0.0234375 0.028125
2 0.3484375 0.29296875 0.021875 0.025
2 0.40546875 0.29453125 0.0234375 0.025
2 0.41328125 0.31796875 0.0234375 0.03125
2 0.415625 0.340625 0.025 0.028125
2 0.4109375 0.36484375 0.025 0.025
2 0.390625 0.3578125 0.0234375 0.028125
2 0.396875 0.378125 0.0234375 0.028125
2 0.40625 0.40078125 0.0234375 0.0265625
2 0.375 0.37890625 0.021875 0.03125
2 0.38828125 0.40390625 0.0234375 0.028125
2 0.3671875 0.3984375 0.0234375 0.03125
2 0.35546875 0.37890625 0.0203125 0.0296875
2 0.33046875 0.365625 0.021875 0.034375
2 0.31796875 0.346875 0.0234375 0.028125
2 0.3390625 0.38984375 0.0203125 0.03125
2 0.440625 0.44609375 0.025 0.0359375
2 0.353125 0.48046875 0.028125 0.034375
2 0.3078125 0.44453125 0.025 0.034375
2 0.23203125 0.62265625 0.021875 0.0359375