0 0.321875 0.29375 0.025 0.03125
0 0.31171875 0.31484375 0.0234375 0.025
0 0.30625 0.3421875 0.0265625 0.028125
0 0.3015625 0.36796875 0.028125 0.03125
0 0.2953125 0.39375 0.0265625 0.034375
2 0.41484375 0.1140625 0.028125 0.040625
2 0.40859375 0.1421875 0.0234375 0.034375
2 0.390625 0.11796875 0.0234375 0.0328125
2 0.384375 0.14375 0.0265625 0.03125
2 0.3640625 0.13515625 0.028125 0.0328125
2 0.35390625 0.1578125 0.021875 0.0265625
2 0.3375 0.17734375 0.0265625 0.0296875
2 0.375 0.1640625 0.021875 0.0296875
2 0.39765625 0.16875 0.0265625 0.03125
2 0.4046875 0.19296875 0.0265625 0.034375
2 0.39375 0.21796875 0.021875 0.0359375
2 0.384375 0.19140625 0.021875 0.034375
2 0.371875 0.21171875 0.025 0.03125
2 0.3609375 0.18359375 0.028125 0.034375
2 0.34453125 0.2015625 0.021875 0.0328125
2 0.3546875 0.228125 0.025 0.03125
2 0.3671875 0.25 0.028125 0.0375
2 0.384375 0.26328125 0.025 0.0296875
2 0.35859375 0.27734375 0.025 0.0328125
2 0.37578125 0.29609375 0.025 0.034375
2 0.3453125 0.2546875 0.025 0.0328125
2 0.33671875 0.28046875 0.0265625 0.028125
2 0.32421875 0.25078125 0.025 0.0328125
2 0.334375 0.23125 0.028125 0.0328125
2 0.32265625 0.20390625 0.0265625 0.0375
2 0.31640625 0.178125 0.025 0.034375
2 0.3015625 0.1984375 0.025 0.0375
2 0.31171875 0.228125 0.025 0.034375
2 0.29296875 0.234375 0.028125 0.0359375
2 0.28359375 0.26015625 0.03125 0.0375
2 0.30390625 0.25859375 0.03125 0.0328125
2 0.29296875 0.2859375 0.028125 0.028125
2 0.34921875 0.303125 0.0265625 0.03125
2 0.36328125 0.32265625 0.021875 0.03125
2 0.35703125 0.34765625 0.0265625 0.03125
2 0.340625 0.32734375 0.028125 0.034375
2 0.33671875 0.3546875 0.028125 0.0328125
2 0.34921875 0.3734375 0.025 0.03125
2 0.32890625 0.375 0.0265625 0.034375
2 0.3421875 0.4 0.0265625 0.03125
2 0.31953125 0.40078125 0.025 0.0328125
2 0.34765625 0.42421875 0.0265625 0.0328125
2 0.328125 0.4265625 0.0265625 0.0359375
2 0.3078125 0.43046875 0.025 0.034375
2 0.34140625 0.4484375 0.028125 0.03125
2 0.32109375 0.45078125 0.028125 0.0375
2 0.33828125 0.4734375 0.028125 0.03125
2 0.3515625 0.4953125 0.025 0.03125
2 0.3296875 0.49609375 0.025 0.0328125
2 0.33828125 0.51875 0.0265625 0.0328125
2 0.3140625 0.48046875 0.028125 0.0328125
2 0.2984375 0.45625 0.03125 0.0375
2 0.28671875 0.4359375 0.0234375 0.0296875
2 0.278125 0.415625 0.025 0.034375
2 0.26328125 0.39609375 0.025 0.03125
2 0.27109375 0.36875 0.028125 0.034375
2 0.27734375 0.3375 0.025 0.03125
2 0.284375 0.31171875 0.028125 0.0328125
2 0.26015625 0.31953125 0.028125 0.034375
2 0.253125 0.346875 0.0296875 0.040625
2 0.2484375 0.3734375 0.028125 0.0375
2 0.25078125 0.41953125 0.028125 0.028125
2 0.26328125 0.440625 0.0265625 0.0375
2 0.24296875 0.446875 0.0265625 0.034375
2 0.259375 0.465625 0.021875 0.03125
2 0.27890625 0.46171875 0.0265625 0.0296875
2 0.29296875 0.4859375 0.028125 0.034375
2 0.27265625 0.48984375 0.0265625 0.034375
2 0.2515625 0.49375 0.0265625 0.034375
2 0.234375 0.47890625 0.0265625 0.0375
2 0.23125 0.5046875 0.0265625 0.034375
2 0.30625 0.50390625 0.0265625 0.0359375
2 0.31875 0.52265625 0.021875 0.0296875
2 0.2984375 0.53046875 0.025 0.03125
2 0.30859375 0.55390625 0.025 0.03125
2 0.28984375 0.55546875 0.025 0.0359375
2 0.278125 0.53359375 0.021875 0.034375
2 0.28671875 0.5109375 0.0234375 0.03125
2 0.265625 0.5140625 0.0265625 0.0328125
2 0.2453125 0.5234375 0.0265625 0.034375
2 0.259375 0.54453125 0.025 0.0328125
2 0.2703125 0.56484375 0.0265625 0.0359375
2 0.25078125 0.565625 0.028125 0.040625
2 0.23984375 0.5484375 0.025 0.0265625
2 0.22421875 0.5296875 0.025 0.03125
2 0.21328125 0.5515625 0.021875 0.03125
2 0.228125 0.571875 0.025 0.03125
2 0.23828125 0.5890625 0.025 0.028125
2 0.26015625 0.590625 0.025 0.034375
2 0.27421875 0.61484375 0.028125 0.034375
2 0.2484375 0.615625 0.028125 0.034375
2 0.22890625 0.61484375 0.028125 0.040625
2 0.21640625 0.5921875 0.025 0.0328125
2 0.20234375 0.5734375 0.025 0.034375
2 0.19453125 0.59765625 0.0265625 0.0328125
2 0.20703125 0.6171875 0.0265625 0.034375
2 0.2171875 0.640625 0.021875 0.03125
2 0.23828125 0.63359375 0.028125 0.0375