2 0.3875 0.49921875 0.0171875 0.01875
2 0.4 0.49140625 0.01875 0.0171875
2 0.41328125 0.48359375 0.021875 0.01328125
2 0.4171875 0.49453125 0.02265625 0.01484375
2 0.40625 0.50390625 0.01953125 0.015625
2 0.43359375 0.48828125 0.01640625 0.01640625
2 0.44609375 0.47734375 0.0171875 0.015625
2 0.4640625 0.48046875 0.0203125 0.015625
2 0.40234375 0.51875 0.021875 0.015625
2 0.43203125 0.509375 0.015625 0.015625
2 0.42109375 0.5203125 0.0171875 0.0125
2 0.4046875 0.53046875 0.02265625 0.01328125
2 0.40859375 0.54375 0.01796875 0.01640625
2 0.475 0.48515625 0.01796875 0.0125
2 0.49765625 0.49921875 0.015625 0.0125
2 0.50703125 0.51015625 0.0171875 0.0140625
2 0.5125 0.52109375 0.0203125 0.0140625
2 0.51640625 0.53515625 0.0203125 0.0140625
2 0.5234375 0.55 0.021875 0.015625
2 0.4390625 0.6046875 0.01796875 0.0140625
2 0.43359375 0.59296875 0.01796875 0.0140625
2 0.428125 0.58125 0.0203125 0.01796875
2 0.43828125 0.57109375 0.01484375 0.0109375
2 0.4296875 0.5609375 0.01796875 0.01171875
2 0.4265625 0.553125 0.0171875 0.0125
2 0.42265625 0.54140625 0.015625 0.0125
2 0.41875 0.53203125 0.0171875 0.0109375
2 0.45078125 0.4890625 0.0140625 0.0125
2 0.53984375 0.5625 0.01875 0.0140625
2 0.52890625 0.57265625 0.01796875 0.01328125
2 0.51875 0.5625 0.0203125 0.0125
2 0.54609375 0.575 0.015625 0.01171875
2 0.55625 0.58359375 0.0203125 0.015625
2 0.46796875 0.63671875 0.02421875 0.015625
2 0.45546875 0.621875 0.021875 0.01484375
2 0.45546875 0.61015625 0.015625 0.0109375
0 0.45625 0.57421875 0.02265625 0.015625
0 0.45 0.56171875 0.01328125 0.01015625
0 0.46171875 0.55 0.01640625 0.0140625
0 0.44609375 0.55078125 0.0171875 0.01328125
0 0.440625 0.5390625 0.015625 0.0140625
0 0.44375 0.521875 0.0140625 0.01015625
0 0.45234375 0.51328125 0.015625 0.01328125
0 0.44453125 0.50078125 0.01328125 0.0125
0 0.46015625 0.50390625 0.01796875 0.0140625
0 0.47421875 0.50859375 0.01640625 0.01328125
0 0.4640625 0.51875 0.01875 0.0109375
0 0.48046875 0.51875 0.01875 0.0140625
0 0.4578125 0.53671875 0.0171875 0.01484375
0 0.47578125 0.540625 0.0203125 0.01328125
0 0.48984375 0.53203125 0.01875 0.01171875
0 0.471875 0.53046875 0.01875 0.0140625
0 0.478125 0.553125 0.01953125 0.01640625
0 0.496875 0.5578125 0.015625 0.01171875
0 0.4984375 0.54375 0.015625 0.015625
0 0.465625 0.5609375 0.01953125 0.01015625
0 0.4703125 0.575 0.015625 0.01171875
0 0.465625 0.590625 0.01953125 0.01484375
0 0.471875 0.60625 0.0203125 0.01484375
0 0.48359375 0.590625 0.0171875 0.0140625
0 0.51015625 0.58359375 0.015625 0.0140625
0 0.5078125 0.56953125 0.01875 0.01328125
0 0.48671875 0.571875 0.01875 0.01328125
0 0.50859375 0.60390625 0.01796875 0.01171875
0 0.48984375 0.603125 0.01875 0.0140625
0 0.49765625 0.61484375 0.0203125 0.0140625
0 0.5125 0.61875 0.01796875 0.0125
0 0.515625 0.5953125 0.021875 0.0171875
0 0.5265625 0.5859375 0.01953125 0.0125
0 0.5375 0.596875 0.01796875 0.01328125
0 0.525 0.60625 0.0203125 0.0109375
0 0.52890625 0.61796875 0.01875 0.01328125
0 0.5484375 0.60703125 0.01875 0.01328125
0 0.553125 0.62109375 0.01796875 0.0140625
0 0.534375 0.63046875 0.02265625 0.0140625
0 0.553125 0.6328125 0.0203125 0.0140625
0 0.56875 0.62421875 0.02109375 0.0125
0 0.57421875 0.63671875 0.02109375 0.0140625
0 0.56640625 0.65859375 0.021875 0.01640625
0 0.5765625 0.64921875 0.0234375 0.0140625
0 0.59140625 0.65546875 0.02109375 0.0140625
0 0.58359375 0.665625 0.0234375 0.01484375
0 0.56953125 0.675 0.01953125 0.0125
0 0.60078125 0.6640625 0.01640625 0.0125
0 0.58984375 0.67421875 0.01953125 0.0140625
0 0.5796875 0.6828125 0.02109375 0.009375
0 0.5984375 0.6859375 0.02265625 0.01796875
0 0.6109375 0.678125 0.01953125 0.015625
0 0.62578125 0.6828125 0.01875 0.0125
0 0.68984375 0.7828125 0.02265625 0.01328125
0 0.69921875 0.7703125 0.02109375 0.01015625
0 0.68671875 0.7578125 0.025 0.0203125
0 0.67890625 0.771875 0.02578125 0.015625
0 0.671875 0.78359375 0.02265625 0.01484375
0 0.6765625 0.79765625 0.02578125 0.015625
0 0.64375 0.77734375 0.02578125 0.01640625
0 0.6234375 0.78046875 0.02578125 0.01640625
0 0.61953125 0.76640625 0.02890625 0.0171875
0 0.6265625 0.75390625 0.02265625 0.01953125
0 0.64375 0.75 0.0171875 0.01875
0 0.659375 0.73984375 0.021875 0.0171875
0 0.64765625 0.725 0.01953125 0.0125
0 0.634375 0.715625 0.0234375 0.01484375
0 0.62421875 0.70625 0.0234375 0.01484375
0 0.6046875 0.70078125 0.01640625 0.01328125
0 0.61796875 0.6921875 0.021875 0.0125
0 0.5875 0.69921875 0.0203125 0.01640625
0 0.596875 0.71328125 0.021875 0.01953125
0 0.6078125 0.725 0.02265625 0.0171875
0 0.6140625 0.740625 0.02265625 0.01796875
0 0.590625 0.73828125 0.0203125 0.0140625
0 0.56171875 0.6875 0.02265625 0.0140625
0 0.5546875 0.67578125 0.02109375 0.01875
0 0.5625 0.7078125 0.02265625 0.01796875
0 0.5546875 0.65703125 0.02265625 0.01796875
0 0.55703125 0.64375 0.01953125 0.01484375
0 0.53984375 0.64140625 0.0203125 0.01796875
2 0.5 0.62890625 0.0234375 0.01640625
2 0.4765625 0.62109375 0.02109375 0.015625
2 0.50546875 0.64140625 0.015625 0.0140625
2 0.5234375 0.64375 0.01953125 0.015625
2 0.5125 0.65234375 0.021875 0.0140625
2 0.53359375 0.65546875 0.0171875 0.01171875
2 0.52109375 0.665625 0.0234375 0.015625
2 0.53125 0.67734375 0.02265625 0.0171875
2 0.53046875 0.69765625 0.021875 0.01640625
2 0.54375 0.68828125 0.015625 0.0125
2 0.54140625 0.66484375 0.015625 0.01328125
2 0.5359375 0.70859375 0.025 0.01640625
2 0.54921875 0.72109375 0.02265625 0.01796875
2 0.56171875 0.73984375 0.0234375 0.01796875
2 0.5703125 0.725 0.0171875 0.0140625
2 0.58671875 0.7234375 0.015625 0.01328125
2 0.5703125 0.765625 0.02421875 0.01875
2 0.5890625 0.75625 0.01875 0.015625
2 0.5984375 0.76875 0.01796875 0.0171875
2 0.61953125 0.79453125 0.025 0.0171875
2 0.634375 0.8046875 0.02265625 0.0171875
2 0.6390625 0.7921875 0.015625 0.0140625
2 0.6515625 0.8109375 0.01953125 0.01796875
2 0.67109375 0.81484375 0.025 0.01796875
2 0.6578125 0.79375 0.015625 0.0171875
2 0.6953125 0.81171875 0.02265625 0.015625
2 0.71015625 0.81796875 0.02109375 0.015625
2 0.703125 0.7984375 0.01875 0.0171875
2 0.72421875 0.81015625 0.02734375 0.02109375
2 0.728125 0.79765625 0.025 0.015625
2 0.72578125 0.775 0.02265625 0.01640625
2 0.71484375 0.76015625 0.01875 0.0171875
2 0.71875 0.74453125 0.0203125 0.01484375
2 0.7296875 0.75625 0.0234375 0.01796875
2 0.7046875 0.78125 0.01875 0.01640625
2 0.68671875 0.73984375 0.02265625 0.015625
2 0.68125 0.72421875 0.0265625 0.01796875
2 0.65546875 0.71328125 0.01875 0.0140625
2 0.64609375 0.70234375 0.021875 0.015625
2 0.64375 0.67734375 0.02265625 0.0171875
2 0.63359375 0.66953125 0.01953125 0.01953125
2 0.625 0.659375 0.0265625 0.01796875
2 0.61484375 0.6484375 0.02578125 0.01328125
2 0.60625 0.6359375 0.01796875 0.015625
2 0.58671875 0.63515625 0.01640625 0.0140625
2 0.60625 0.61953125 0.02265625 0.01640625
2 0.5984375 0.61015625 0.01875 0.01484375
2 0.5875 0.6015625 0.02265625 0.0140625
2 0.57265625 0.61015625 0.02109375 0.0140625