2 0.6453125 0.54453125 0.025 0.028125
2 0.646875 0.57265625 0.028125 0.03125
2 0.64609375 0.603125 0.0265625 0.03125
2 0.62890625 0.5859375 0.0234375 0.0296875
2 0.61484375 0.60703125 0.028125 0.03125
2 0.59765625 0.59453125 0.025 0.0265625
2 0.61015625 0.57734375 0.021875 0.0234375
2 0.6265625 0.559375 0.0203125 0.021875
2 0.628125 0.5328125 0.021875 0.03125
2 0.6109375 0.54765625 0.0234375 0.0296875
2 0.59375 0.56484375 0.021875 0.0265625
2 0.578125 0.5796875 0.025 0.028125
2 0.565625 0.60078125 0.021875 0.0296875
2 0.5609375 0.571875 0.021875 0.028125
2 0.54765625 0.590625 0.025 0.0296875
2 0.53203125 0.60859375 0.028125 0.028125
2 0.503125 0.61484375 0.028125 0.03125
2 0.51328125 0.59453125 0.021875 0.0234375
2 0.52890625 0.58359375 0.025 0.0296875
2 0.5453125 0.56328125 0.025 0.0265625
2 0.5609375 0.54453125 0.01875 0.0234375
2 0.5765625 0.55390625 0.021875 0.028125
2 0.59140625 0.540625 0.025 0.0296875
2 0.6078125 0.52109375 0.025 0.025
2 0.59375 0.51171875 0.028125 0.028125
2 0.5796875 0.4953125 0.0234375 0.0265625
2 0.57578125 0.5265625 0.0265625 0.03125
2 0.56328125 0.5109375 0.0234375 0.028125
2 0.5640625 0.48203125 0.021875 0.025
2 0.54453125 0.49921875 0.025 0.028125
2 0.5484375 0.528125 0.021875 0.028125
2 0.53359375 0.54609375 0.025 0.0265625
2 0.51875 0.56484375 0.025 0.0265625
2 0.4859375 0.6 0.021875 0.0328125
2 0.46796875 0.5875 0.025 0.0296875
2 0.4546875 0.565625 0.0265625 0.028125
2 0.4546875 0.5375 0.0265625 0.028125
2 0.4953125 0.55703125 0.0265625 0.025
2 0.48515625 0.5390625 0.021875 0.025
2 0.45703125 0.51171875 0.025 0.025
2 0.48359375 0.51328125 0.021875 0.0265625
2 0.47109375 0.49375 0.028125 0.025
2 0.48671875 0.47109375 0.01875 0.0265625
2 0.4703125 0.46953125 0.021875 0.025
2 0.46796875 0.43984375 0.025 0.0265625
2 0.48515625 0.45078125 0.01875 0.025
2 0.50078125 0.49375 0.021875 0.028125
2 0.5015625 0.5203125 0.0203125 0.028125
2 0.51328125 0.53671875 0.0203125 0.0265625
2 0.525 0.5203125 0.0203125 0.0234375
2 0.51875 0.503125 0.0203125 0.025
2 0.53125 0.48203125 0.021875 0.025
2 0.51328125 0.47265625 0.025 0.025
2 0.50078125 0.4578125 0.021875 0.025
2 0.51640625 0.446875 0.021875 0.028125
2 0.534375 0.4546875 0.0234375 0.025
2 0.55 0.46953125 0.0234375 0.0296875
2 0.5546875 0.43984375 0.028125 0.028125
2 0.53671875 0.42890625 0.0265625 0.025
2 0.51875 0.41796875 0.021875 0.025
2 0.49921875 0.4046875 0.0234375 0.025
2 0.48125 0.3984375 0.0234375 0.025
2 0.4828125 0.4265625 0.021875 0.03125
2 0.50078125 0.4296875 0.021875 0.03125
2 0.5 0.58515625 0.021875 0.034375
2 0.48203125 0.56953125 0.021875 0.028125