2 0.33984375 0.2984375 0.0296875 0.040625
2 0.31953125 0.2953125 0.028125 0.034375
2 0.32890625 0.31875 0.021875 0.028125
2 0.33125 0.346875 0.028125 0.0375
2 0.334375 0.37890625 0.0296875 0.034375
2 0.340625 0.409375 0.028125 0.0375
2 0.3203125 0.4046875 0.025 0.0375
2 0.30859375 0.4296875 0.028125 0.034375
2 0.29453125 0.45078125 0.028125 0.034375
2 0.296875 0.28828125 0.025 0.0390625
2 0.2859375 0.2671875 0.025 0.034375
2 0.2703125 0.2875 0.028125 0.034375
2 0.2625 0.2625 0.0296875 0.0375
2 0.24921875 0.28046875 0.0296875 0.040625
2 0.2578125 0.3078125 0.0328125 0.034375
2 0.24375 0.33359375 0.028125 0.040625
2 0.2375 0.38359375 0.028125 0.034375
2 0.23203125 0.43515625 0.0296875 0.0375
2 0.27734375 0.4453125 0.028125 0.040625
2 0.253125 0.44609375 0.0265625 0.0390625
0 0.30078125 0.31875 0.025 0.0390625
0 0.28125 0.315625 0.025 0.034375
0 0.3078125 0.34921875 0.028125 0.040625
0 0.30625 0.38125 0.0296875 0.03125
0 0.2984375 0.40859375 0.028125 0.034375
0 0.28203125 0.42421875 0.025 0.0359375
0 0.259375 0.42421875 0.0296875 0.0375
0 0.27265625 0.4015625 0.0265625 0.0328125
0 0.28515625 0.375 0.021875 0.034375
0 0.28671875 0.346875 0.021875 0.0375
0 0.2671875 0.3390625 0.0265625 0.0375
0 0.26484375 0.3671875 0.028125 0.0375