0 0.20078125 0.7046875 0.028125 0.021875
2 0.19921875 0.63671875 0.025 0.021875
2 0.19140625 0.653125 0.0265625 0.0203125
2 0.2171875 0.64765625 0.028125 0.021875
2 0.21015625 0.66328125 0.0296875 0.01875
2 0.18125 0.66875 0.0265625 0.0203125
2 0.19765625 0.67890625 0.025 0.01875
2 0.22890625 0.675 0.028125 0.0203125
2 0.21328125 0.68828125 0.028125 0.0203125
2 0.16953125 0.68359375 0.028125 0.01875
2 0.16640625 0.7 0.028125 0.01875
2 0.16640625 0.71953125 0.03125 0.0203125
2 0.1828125 0.73125 0.028125 0.021875
2 0.20390625 0.73828125 0.0296875 0.01875
2 0.2078125 0.72265625 0.025 0.0203125
2 0.22890625 0.715625 0.03125 0.021875
2 0.23359375 0.6984375 0.03125 0.0203125
1 0.50390625 0.5234375 0.025 0.01875
1 0.51875 0.51328125 0.0234375 0.01875
1 0.540625 0.5171875 0.0265625 0.01875
1 0.5234375 0.5296875 0.0265625 0.0171875
0 0.35625 0.5234375 0.025 0.01875
0 0.375 0.525 0.025 0.0203125
0 0.39453125 0.5265625 0.021875 0.01875
0 0.37734375 0.54375 0.0265625 0.01875
0 0.38984375 0.5578125 0.021875 0.0171875
0 0.4078125 0.56328125 0.025 0.0171875
0 0.4046875 0.54375 0.025 0.01875
0 0.4234375 0.5453125 0.021875 0.0203125
0 0.44296875 0.546875 0.025 0.0203125
0 0.4171875 0.52890625 0.025 0.0203125
0 0.43671875 0.5328125 0.021875 0.01875
0 0.4546875 0.5296875 0.025 0.01875
0 0.446875 0.51640625 0.025 0.01875
0 0.428125 0.51484375 0.0203125 0.0171875
0 0.409375 0.5109375 0.025 0.0203125
0 0.41796875 0.49296875 0.025 0.01875
0 0.4359375 0.5 0.025 0.0203125
0 0.44921875 0.4859375 0.025 0.015625
0 0.4671875 0.48046875 0.021875 0.015625
0 0.4578125 0.50078125 0.0265625 0.01875
0 0.475 0.4953125 0.0203125 0.015625
0 0.48671875 0.48203125 0.021875 0.0171875
0 0.5078125 0.48203125 0.025 0.015625
0 0.49609375 0.49609375 0.025 0.015625
0 0.515625 0.4953125 0.025 0.01875
0 0.48515625 0.5078125 0.021875 0.015625
0 0.46640625 0.5140625 0.021875 0.01875
0 0.475 0.5296875 0.021875 0.01875
0 0.46640625 0.54765625 0.028125 0.01875
0 0.48671875 0.5453125 0.025 0.01875
0 0.4921875 0.56171875 0.0265625 0.0203125
0 0.50859375 0.55078125 0.025 0.01875
0 0.521875 0.5625 0.0265625 0.021875
0 0.5078125 0.57265625 0.025 0.015625
0 0.5390625 0.57265625 0.025 0.015625
0 0.53515625 0.54921875 0.028125 0.0203125
0 0.55234375 0.55625 0.025 0.01875
0 0.57265625 0.55390625 0.0265625 0.021875
0 0.56328125 0.5421875 0.025 0.01875
0 0.54609375 0.53671875 0.0265625 0.01875
0 0.57265625 0.51640625 0.021875 0.0171875
0 0.55546875 0.5234375 0.025 0.0171875
0 0.5359375 0.4953125 0.025 0.0203125
0 0.55390625 0.4875 0.028125 0.01875
0 0.56171875 0.50390625 0.028125 0.0203125
0 0.57421875 0.4890625 0.025 0.01875
0 0.58671875 0.50234375 0.025 0.0171875
0 0.59453125 0.51796875 0.025 0.01875
0 0.578125 0.53046875 0.0265625 0.015625
0 0.590625 0.54375 0.0265625 0.01875
0 0.59921875 0.55859375 0.0265625 0.01875
2 0.403125 0.484375 0.0296875 0.01875
2 0.42265625 0.475 0.028125 0.01875
2 0.453125 0.4703125 0.025 0.015625
2 0.509375 0.465625 0.028125 0.021875
2 0.534375 0.4625 0.025 0.021875
2 0.5203125 0.4765625 0.021875 0.01875
2 0.5421875 0.478125 0.0234375 0.01875
2 0.55546875 0.46640625 0.0265625 0.0203125
2 0.57734375 0.46640625 0.021875 0.0203125
2 0.5953125 0.4703125 0.0265625 0.021875
2 0.61484375 0.471875 0.0265625 0.021875
2 0.603125 0.48671875 0.025 0.01875
2 0.609375 0.50234375 0.028125 0.01875
2 0.6171875 0.515625 0.025 0.01875
2 0.60546875 0.5296875 0.0265625 0.01875
2 0.6171875 0.54140625 0.028125 0.021875
2 0.6265625 0.55390625 0.0265625 0.01875
2 0.575 0.5765625 0.028125 0.0203125
2 0.59921875 0.58125 0.028125 0.01875
2 0.6140625 0.56640625 0.025 0.0125
2 0.56484375 0.5875 0.025 0.01875
2 0.5859375 0.59140625 0.028125 0.01875
2 0.5546875 0.603125 0.028125 0.0203125
2 0.540625 0.58984375 0.025 0.01875
2 0.38125 0.503125 0.025 0.0203125
2 0.3421875 0.52890625 0.021875 0.015625
2 0.34453125 0.5453125 0.025 0.0203125
2 0.3546875 0.5609375 0.028125 0.01875
2 0.3640625 0.5765625 0.025 0.01875
2 0.38125 0.58046875 0.028125 0.0234375
2 0.40078125 0.58515625 0.025 0.021875
2 0.42109375 0.5890625 0.025 0.021875
2 0.43515625 0.57421875 0.021875 0.01875
2 0.44609375 0.56015625 0.025 0.015625
2 0.465625 0.5609375 0.025 0.015625
2 0.45625 0.575 0.025 0.01875
2 0.475 0.578125 0.025 0.01875
2 0.44140625 0.58984375 0.025 0.021875
2 0.46328125 0.5921875 0.025 0.021875
2 0.48203125 0.5953125 0.025 0.01875
2 0.5 0.5890625 0.025 0.021875
2 0.5203125 0.5921875 0.025 0.021875