0 0.6703125 0.46875 0.03125 0.0375
0 0.68828125 0.4625 0.028125 0.040625
0 0.67734375 0.49921875 0.0296875 0.0390625
0 0.67734375 0.42734375 0.0328125 0.046875
0 0.6671875 0.3875 0.03125 0.040625
0 0.6515625 0.3546875 0.03125 0.0453125
2 0.59296875 0.2796875 0.034375 0.04375
2 0.61640625 0.26328125 0.03125 0.04375
2 0.63046875 0.29609375 0.0328125 0.04375
2 0.609375 0.3203125 0.0296875 0.04375
2 0.60546875 0.3546875 0.03125 0.040625
2 0.6328125 0.34609375 0.03125 0.0421875
2 0.62421875 0.3828125 0.0296875 0.040625
2 0.65078125 0.3203125 0.0328125 0.0421875
2 0.70390625 0.3484375 0.0359375 0.0453125
2 0.71796875 0.3890625 0.034375 0.0375
2 0.72578125 0.41953125 0.0328125 0.034375
2 0.7421875 0.45078125 0.0359375 0.0421875
2 0.72109375 0.46640625 0.0296875 0.040625
2 0.69375 0.40546875 0.03125 0.04375
2 0.63984375 0.4109375 0.034375 0.040625
2 0.63046875 0.4484375 0.03125 0.040625
2 0.64375 0.4828125 0.03125 0.04375
2 0.7203125 0.50859375 0.03125 0.05
2 0.7109375 0.546875 0.034375 0.04375
2 0.6828125 0.55234375 0.034375 0.046875