0 0.4921875 0.39375 0.0484375 0.03125
0 0.49765625 0.4203125 0.046875 0.028125
0 0.53125 0.40703125 0.04375 0.0328125
0 0.55234375 0.42734375 0.046875 0.034375
0 0.59453125 0.42734375 0.04375 0.034375
0 0.525 0.44140625 0.040625 0.0296875
0 0.45546875 0.42890625 0.0453125 0.0296875
0 0.42109375 0.43671875 0.0359375 0.0296875
0 0.45078125 0.453125 0.046875 0.034375
0 0.48359375 0.44765625 0.04375 0.034375
0 0.440625 0.4765625 0.04375 0.034375
0 0.47734375 0.471875 0.05 0.034375
0 0.51875 0.4640625 0.0421875 0.034375
0 0.5578125 0.453125 0.0453125 0.034375
0 0.55390625 0.48046875 0.05 0.0359375
0 0.59765625 0.47734375 0.0421875 0.034375
0 0.48984375 0.49921875 0.04375 0.0296875
0 0.52734375 0.48984375 0.0484375 0.028125
0 0.4546875 0.5046875 0.0421875 0.03125
0 0.4546875 0.5328125 0.046875 0.028125
0 0.48984375 0.5234375 0.05 0.034375
0 0.5453125 0.5109375 0.046875 0.03125
0 0.5828125 0.50234375 0.0484375 0.034375
0 0.6203125 0.50234375 0.0484375 0.03125
0 0.63671875 0.5265625 0.05 0.034375
0 0.59140625 0.528125 0.0484375 0.0296875
0 0.52890625 0.5328125 0.0484375 0.028125
0 0.5609375 0.54609375 0.0453125 0.03125
0 0.59375 0.56171875 0.046875 0.03125
0 0.6203125 0.54921875 0.05 0.028125
0 0.6453125 0.57265625 0.046875 0.0359375
0 0.4234375 0.5640625 0.0390625 0.034375
0 0.4546875 0.559375 0.04375 0.034375
0 0.4484375 0.584375 0.0375 0.034375
0 0.49296875 0.5484375 0.0421875 0.03125
0 0.4953125 0.57421875 0.040625 0.0328125
0 0.53125 0.56015625 0.04375 0.03125
0 0.528125 0.584375 0.04375 0.034375
0 0.5609375 0.57421875 0.0375 0.03125
0 0.5671875 0.60078125 0.0375 0.034375
0 0.5984375 0.5875 0.04375 0.03125
0 0.6015625 0.61484375 0.04375 0.03125
0 0.63359375 0.6 0.04375 0.034375
0 0.6671875 0.6171875 0.04375 0.03125
0 0.63359375 0.6296875 0.046875 0.03125
0 0.60390625 0.6421875 0.0484375 0.0296875
0 0.56328125 0.62734375 0.046875 0.03125
0 0.5296875 0.61484375 0.046875 0.028125
0 0.48671875 0.6 0.0453125 0.034375
0 0.459375 0.6234375 0.040625 0.0328125
0 0.49453125 0.625 0.04375 0.0296875
0 0.45546875 0.65 0.0484375 0.03125
0 0.490625 0.6484375 0.046875 0.0328125
0 0.4828125 0.671875 0.0453125 0.0328125
0 0.5328125 0.64296875 0.046875 0.03125
0 0.52578125 0.66796875 0.0453125 0.028125
0 0.56796875 0.653125 0.040625 0.034375
0 0.5578125 0.68046875 0.05 0.03125
0 0.5265625 0.69140625 0.04375 0.03125
0 0.5546875 0.70390625 0.05 0.03125
0 0.59296875 0.6953125 0.046875 0.03125
0 0.6 0.67109375 0.0421875 0.034375
0 0.6265625 0.6578125 0.0421875 0.0296875
0 0.6625 0.646875 0.05 0.0359375
0 0.625 0.6859375 0.05 0.0359375
0 0.6609375 0.67734375 0.04375 0.03125
2 0.428125 0.36953125 0.0453125 0.034375
2 0.46328125 0.36015625 0.04375 0.03125
2 0.4296875 0.39921875 0.053125 0.034375
2 0.39609375 0.40859375 0.04375 0.028125
2 0.35625 0.41015625 0.0453125 0.034375
2 0.36015625 0.43671875 0.0421875 0.03125
2 0.39296875 0.434375 0.040625 0.034375
2 0.3875 0.46015625 0.05 0.0296875
2 0.38359375 0.48203125 0.04375 0.03125
2 0.371875 0.5109375 0.0375 0.034375
2 0.40859375 0.50625 0.0421875 0.03125
2 0.40625 0.528125 0.040625 0.0296875
2 0.359375 0.5359375 0.05 0.03125
2 0.3609375 0.5671875 0.04375 0.0375
2 0.39140625 0.58359375 0.04375 0.03125
2 0.3953125 0.55703125 0.040625 0.028125
2 0.3765625 0.609375 0.04375 0.03125
2 0.41484375 0.60625 0.040625 0.0328125
2 0.4015625 0.63046875 0.04375 0.0328125
2 0.3984375 0.659375 0.053125 0.0375
2 0.42421875 0.67578125 0.040625 0.0296875
2 0.4203125 0.7015625 0.05 0.0375
2 0.45703125 0.69453125 0.0375 0.034375
2 0.484375 0.71015625 0.046875 0.0328125
2 0.6671875 0.70078125 0.04375 0.0328125
2 0.70234375 0.69609375 0.040625 0.03125
2 0.6953125 0.7203125 0.040625 0.03125
2 0.734375 0.72890625 0.05625 0.034375
2 0.71328125 0.6734375 0.05 0.034375
2 0.71875 0.63671875 0.046875 0.0359375
2 0.6859375 0.596875 0.04375 0.03125
2 0.7078125 0.57421875 0.04375 0.034375
2 0.6796875 0.5578125 0.04375 0.0328125
2 0.58046875 0.39296875 0.040625 0.03125
2 0.62109375 0.41015625 0.0375 0.0359375
2 0.63828125 0.45859375 0.040625 0.028125
2 0.6625 0.4765625 0.053125 0.03125
2 0.653125 0.4984375 0.04375 0.03125
2 0.66796875 0.52421875 0.046875 0.03125
2 0.54453125 0.39140625 0.040625 0.0375