1 0.53828125 0.6828125 0.0375 0.025
1 0.51640625 0.70703125 0.03359375 0.028125
1 0.53828125 0.71875 0.034375 0.0234375
1 0.56171875 0.70078125 0.0296875 0.02109375
1 0.5921875 0.709375 0.0296875 0.021875
1 0.57109375 0.728125 0.03046875 0.02265625
1 0.55078125 0.75078125 0.03203125 0.021875
1 0.52578125 0.74296875 0.03125 0.021875
1 0.51796875 0.77421875 0.03359375 0.0234375
1 0.54140625 0.78203125 0.0328125 0.01953125
1 0.5671875 0.7734375 0.02734375 0.0234375
1 0.625 0.7171875 0.03359375 0.0203125
1 0.64765625 0.7359375 0.03671875 0.0203125
1 0.6265625 0.75703125 0.034375 0.0234375
1 0.6609375 0.7578125 0.034375 0.02421875
1 0.68125 0.73515625 0.03515625 0.02578125
1 0.68125 0.7109375 0.0296875 0.02109375
1 0.5984375 0.77265625 0.034375 0.025
1 0.68359375 0.7921875 0.03359375 0.02578125
1 0.696875 0.75859375 0.02890625 0.025
1 0.71328125 0.73515625 0.034375 0.02734375
1 0.58828125 0.75078125 0.03046875 0.02109375
1 0.6 0.72890625 0.034375 0.0171875
0 0.54296875 0.625 0.0375 0.02421875
0 0.5546875 0.6484375 0.0296875 0.02421875
0 0.52734375 0.6515625 0.03359375 0.025
0 0.4953125 0.6515625 0.03359375 0.02578125
0 0.5140625 0.67421875 0.03046875 0.0265625
0 0.45546875 0.67421875 0.03359375 0.028125
0 0.48125 0.67421875 0.040625 0.02421875
0 0.46875 0.69765625 0.03125 0.02578125
0 0.49765625 0.69609375 0.0296875 0.0234375
0 0.48515625 0.72109375 0.0359375 0.02265625
0 0.57890625 0.6796875 0.03515625 0.0265625
0 0.653125 0.709375 0.03125 0.025
0 0.6234375 0.69921875 0.0265625 0.021875
2 0.603125 0.640625 0.04140625 0.0265625
2 0.61640625 0.6625 0.03515625 0.0265625
2 0.64296875 0.675 0.03359375 0.02578125
2 0.66953125 0.66484375 0.0375 0.028125
2 0.69375 0.6828125 0.0390625 0.0265625
2 0.753125 0.75859375 0.04140625 0.034375
2 0.7390625 0.7875 0.0375 0.034375
2 0.41875 0.6859375 0.03984375 0.02890625
2 0.4515625 0.64453125 0.0375 0.028125
2 0.434375 0.7140625 0.03515625 0.0375
2 0.4546875 0.73984375 0.034375 0.03046875
2 0.71328125 0.81796875 0.0375 0.0328125
2 0.66328125 0.83203125 0.04296875 0.0375
2 0.6328125 0.80703125 0.0390625 0.03203125
2 0.59453125 0.80390625 0.0359375 0.0265625
2 0.7296875 0.7203125 0.03671875 0.03046875
2 0.55234375 0.7984375 0.0359375 0.02578125
2 0.49609375 0.6203125 0.03671875 0.028125
2 0.528125 0.59921875 0.03515625 0.02734375
2 0.55390625 0.60703125 0.0296875 0.025
2 0.5671875 0.58984375 0.03359375 0.028125
2 0.53515625 0.578125 0.040625 0.028125
2 0.56015625 0.56640625 0.03671875 0.0234375