1 0.7015625 0.49375 0.034375 0.025
0 0.73203125 0.4265625 0.0328125 0.021875
0 0.759375 0.440625 0.034375 0.025
0 0.73203125 0.446875 0.034375 0.025
0 0.70859375 0.43671875 0.03125 0.0234375
0 0.68671875 0.4515625 0.0375 0.025
0 0.7109375 0.459375 0.034375 0.0234375
0 0.73515625 0.46875 0.034375 0.021875
0 0.759375 0.46171875 0.034375 0.0234375
0 0.76640625 0.48359375 0.034375 0.0234375
0 0.73828125 0.48671875 0.0296875 0.0234375
0 0.7109375 0.47734375 0.03125 0.021875
0 0.6796875 0.4703125 0.0359375 0.0234375
0 0.6640625 0.48359375 0.0375 0.021875
0 0.63359375 0.48125 0.034375 0.0234375
0 0.67265625 0.503125 0.0296875 0.025
0 0.70078125 0.51171875 0.034375 0.021875
0 0.68046875 0.525 0.03125 0.021875
0 0.6546875 0.51875 0.028125 0.0234375
0 0.665625 0.5375 0.0375 0.01875
0 0.64609375 0.50078125 0.0328125 0.025
0 0.6203125 0.496875 0.034375 0.021875
0 0.6265625 0.515625 0.0328125 0.021875
0 0.6296875 0.5359375 0.0375 0.025
0 0.6390625 0.55546875 0.034375 0.021875
0 0.70703125 0.5359375 0.03125 0.021875
0 0.734375 0.53671875 0.0328125 0.0234375
0 0.71484375 0.54921875 0.0328125 0.015625
1 0.71796875 0.5640625 0.0328125 0.0203125
0 0.75625 0.5796875 0.0359375 0.025
0 0.68515625 0.60078125 0.03125 0.025
0 0.65703125 0.59453125 0.034375 0.0234375
0 0.65234375 0.57265625 0.03125 0.021875
0 0.6421875 0.6109375 0.0375 0.025
0 0.62734375 0.59296875 0.03125 0.025
0 0.6203125 0.5734375 0.034375 0.0234375
0 0.61328125 0.5546875 0.0296875 0.025
0 0.6015625 0.534375 0.034375 0.025
0 0.59453125 0.5140625 0.0359375 0.0234375
0 0.57265625 0.528125 0.0328125 0.021875
0 0.5875 0.54921875 0.0359375 0.025
0 0.59296875 0.5703125 0.034375 0.021875
0 0.6015625 0.59140625 0.028125 0.025
0 0.60859375 0.61484375 0.0359375 0.025
0 0.58359375 0.6046875 0.0328125 0.025
0 0.5734375 0.58359375 0.0359375 0.021875
0 0.56328125 0.5640625 0.03125 0.025
0 0.5578125 0.5421875 0.0328125 0.025
0 0.54453125 0.51875 0.0328125 0.021875
0 0.50859375 0.5171875 0.034375 0.021875
0 0.5203125 0.5359375 0.034375 0.025
0 0.496875 0.53359375 0.03125 0.025
0 0.55546875 0.59765625 0.03125 0.021875
0 0.5453125 0.5765625 0.03125 0.0265625
0 0.53359375 0.55546875 0.034375 0.0265625
0 0.5171875 0.57109375 0.03125 0.021875
0 0.503125 0.55546875 0.034375 0.0234375
0 0.47578125 0.54765625 0.0328125 0.025
0 0.46640625 0.5296875 0.034375 0.0265625
0 0.44921875 0.55 0.03125 0.021875
0 0.46328125 0.5671875 0.034375 0.0234375
0 0.490625 0.5734375 0.034375 0.0265625
0 0.47109375 0.5890625 0.034375 0.025
0 0.528125 0.5921875 0.034375 0.025
0 0.50078125 0.5984375 0.03125 0.025
0 0.54296875 0.61171875 0.034375 0.025
0 0.50078125 0.61875 0.034375 0.0265625
0 0.475 0.61171875 0.028125 0.0265625
2 0.75703125 0.3859375 0.034375 0.025
2 0.7671875 0.4046875 0.03125 0.025
2 0.7390625 0.3984375 0.0328125 0.025
2 0.75078125 0.41953125 0.0296875 0.0234375
2 0.79375 0.4109375 0.034375 0.025
2 0.77734375 0.42578125 0.034375 0.025
2 0.80625 0.42890625 0.034375 0.025
2 0.78828125 0.4453125 0.03125 0.0234375
2 0.81875 0.4515625 0.0328125 0.025
2 0.79921875 0.465625 0.03125 0.0234375
2 0.83046875 0.4734375 0.0375 0.025
2 0.8109375 0.4859375 0.034375 0.021875
2 0.7953125 0.49765625 0.034375 0.025
2 0.6921875 0.4078125 0.0328125 0.025
2 0.671875 0.42109375 0.03125 0.025
2 0.6578125 0.4375 0.0296875 0.0234375
2 0.64375 0.453125 0.0359375 0.025
2 0.78046875 0.515625 0.03125 0.025
2 0.7578125 0.5265625 0.03125 0.0265625
2 0.74609375 0.50703125 0.03125 0.025
2 0.7265625 0.52109375 0.03125 0.0234375
2 0.81015625 0.5203125 0.0375 0.0234375
2 0.79453125 0.534375 0.0375 0.025
2 0.8203125 0.54609375 0.0359375 0.025
2 0.8015625 0.5609375 0.0375 0.028125
2 0.78203125 0.5734375 0.034375 0.0234375
2 0.7734375 0.5484375 0.03125 0.025
2 0.75234375 0.56171875 0.03125 0.0234375
2 0.75 0.596875 0.0359375 0.021875
2 0.7359375 0.6109375 0.0375 0.0265625
2 0.7171875 0.6265625 0.0375 0.025
2 0.71875 0.59140625 0.034375 0.025
2 0.70625 0.60703125 0.028125 0.025
2 0.6859375 0.6234375 0.034375 0.025
2 0.6703125 0.6375 0.040625 0.028125
2 0.65703125 0.65546875 0.0359375 0.025
2 0.6421875 0.63671875 0.0359375 0.025
2 0.628125 0.6546875 0.0359375 0.028125
2 0.6125 0.63125 0.034375 0.021875
2 0.59921875 0.646875 0.0359375 0.025
2 0.5765625 0.66015625 0.03125 0.0265625
2 0.571875 0.640625 0.03125 0.0234375
2 0.58359375 0.62421875 0.034375 0.021875
2 0.54453125 0.63828125 0.040625 0.025
2 0.54921875 0.65859375 0.0375 0.0265625
2 0.52109375 0.653125 0.03125 0.028125
2 0.4953125 0.6453125 0.0375 0.025
2 0.4671875 0.63828125 0.0375 0.028125
2 0.43828125 0.628125 0.0375 0.025
2 0.4578125 0.6109375 0.03125 0.025
2 0.42421875 0.60625 0.040625 0.025
2 0.44453125 0.59140625 0.034375 0.025
2 0.428125 0.5734375 0.03125 0.028125
2 0.43046875 0.540625 0.034375 0.028125
2 0.43515625 0.50703125 0.0359375 0.025
2 0.428125 0.4859375 0.0359375 0.025
2 0.4578125 0.48828125 0.0375 0.028125
2 0.46328125 0.50859375 0.0328125 0.021875
2 0.4859375 0.49453125 0.0375 0.03125
2 0.5140625 0.4984375 0.0328125 0.0234375
2 0.53125 0.48515625 0.034375 0.025
2 0.55703125 0.49296875 0.034375 0.025
2 0.5671875 0.5109375 0.0328125 0.0234375
2 0.54375 0.5046875 0.0328125 0.0203125
2 0.5890625 0.4984375 0.034375 0.0265625
2 0.67578125 0.56875 0.0328125 0.021875
2 0.58125 0.48046875 0.0328125 0.021875
2 0.55234375 0.475 0.034375 0.025
2 0.56796875 0.459375 0.034375 0.025
2 0.59765625 0.465625 0.0375 0.021875