0 0.53046875 0.54296875 0.02734375 0.025
2 0.54765625 0.5328125 0.028125 0.021875
2 0.57421875 0.54140625 0.028125 0.0234375
2 0.57890625 0.559375 0.03359375 0.02421875
2 0.5515625 0.55546875 0.0296875 0.02109375
2 0.48671875 0.58046875 0.034375 0.0265625
2 0.5109375 0.59296875 0.03125 0.025
2 0.53828125 0.584375 0.03203125 0.0234375
2 0.5390625 0.60546875 0.034375 0.02421875
2 0.534375 0.62890625 0.03359375 0.0265625
2 0.56171875 0.6296875 0.03359375 0.028125
2 0.50859375 0.6171875 0.03203125 0.02421875
2 0.50859375 0.6375 0.03203125 0.02109375
2 0.4828125 0.62265625 0.0296875 0.02109375
2 0.34140625 0.59921875 0.03203125 0.025
2 0.3484375 0.57578125 0.034375 0.025
2 0.36796875 0.559375 0.03671875 0.02421875
2 0.3921875 0.5703125 0.0296875 0.025
2 0.4609375 0.58984375 0.03203125 0.0265625
0 0.42109375 0.584375 0.03359375 0.02421875
0 0.37421875 0.5796875 0.03203125 0.02265625
0 0.3953125 0.59765625 0.0390625 0.02734375
0 0.44375 0.60234375 0.03125 0.02421875
0 0.45078125 0.62421875 0.03828125 0.025
0 0.47109375 0.640625 0.0375 0.0234375
0 0.4421875 0.646875 0.03515625 0.02578125
0 0.4171875 0.6328125 0.0390625 0.02421875
0 0.38984375 0.65078125 0.03984375 0.0265625
0 0.41796875 0.65390625 0.0421875 0.02421875
1 0.409375 0.67265625 0.03671875 0.0234375
1 0.41640625 0.7265625 0.03671875 0.02734375
1 0.434375 0.7421875 0.03203125 0.025
1 0.46328125 0.73515625 0.03671875 0.02734375
1 0.4421875 0.71953125 0.03671875 0.025
1 0.515625 0.74921875 0.03984375 0.02734375
1 0.4484375 0.78359375 0.03828125 0.02734375
1 0.41640625 0.78671875 0.0390625 0.0265625
1 0.38359375 0.771875 0.0359375 0.03046875
0 0.37421875 0.6859375 0.03828125 0.0265625
0 0.43671875 0.6765625 0.0328125 0.02265625
0 0.4375 0.6984375 0.04140625 0.021875
0 0.4109375 0.70625 0.0390625 0.02421875
0 0.4703125 0.70703125 0.03359375 0.0265625
0 0.50625 0.7234375 0.0390625 0.028125
0 0.52578125 0.77265625 0.0421875 0.02578125
0 0.490625 0.76640625 0.03828125 0.02265625
0 0.5015625 0.78984375 0.03984375 0.0265625
0 0.53125 0.79609375 0.04296875 0.028125
0 0.50625 0.82109375 0.034375 0.03046875
0 0.534375 0.8265625 0.03828125 0.03515625
2 0.490625 0.875 0.0390625 0.0296875
2 0.4578125 0.865625 0.03125 0.02734375
2 0.42890625 0.85625 0.0375 0.03046875
2 0.42578125 0.83359375 0.0359375 0.03046875
2 0.45234375 0.8421875 0.03671875 0.02734375
2 0.45078125 0.82265625 0.034375 0.0265625
2 0.47890625 0.8296875 0.0421875 0.0265625
2 0.48359375 0.8515625 0.0453125 0.0296875
2 0.51953125 0.86328125 0.0453125 0.03046875
2 0.5625 0.83203125 0.03125 0.0296875
2 0.5796875 0.81328125 0.040625 0.02890625
2 0.56875 0.78828125 0.0375 0.0265625
2 0.56171875 0.76484375 0.03515625 0.02890625
2 0.58828125 0.76484375 0.03125 0.0296875
2 0.6046875 0.74296875 0.0359375 0.0296875
2 0.55078125 0.746875 0.03671875 0.02890625
2 0.57578125 0.74375 0.0359375 0.028125
2 0.56171875 0.7234375 0.0359375 0.02734375
2 0.53984375 0.7234375 0.03359375 0.02265625
2 0.37734375 0.80859375 0.03203125 0.03046875
2 0.39453125 0.83203125 0.03671875 0.028125
0 0.41015625 0.8125 0.0390625 0.0296875
0 0.4375 0.8046875 0.03515625 0.028125
0 0.36640625 0.75078125 0.03203125 0.025
2 0.33671875 0.7140625 0.0375 0.03203125
2 0.36484375 0.7140625 0.03515625 0.025
2 0.31875 0.69375 0.04375 0.028125
2 0.32890625 0.671875 0.03515625 0.025
2 0.3484375 0.6890625 0.03203125 0.0234375
2 0.3515625 0.66875 0.03359375 0.0234375
2 0.46015625 0.67265625 0.03125 0.02734375
2 0.46953125 0.690625 0.0359375 0.02265625
2 0.49609375 0.68671875 0.03828125 0.025
2 0.48125 0.6640625 0.03359375 0.02734375
2 0.31796875 0.63125 0.0390625 0.03046875
2 0.34375 0.65 0.03828125 0.0265625
2 0.35546875 0.6328125 0.034375 0.02734375
0 0.38515625 0.628125 0.03515625 0.0265625
2 0.36328125 0.6140625 0.0375 0.021875
2 0.36015625 0.5984375 0.03984375 0.02890625