2 0.26875 0.4859375 0.05 0.03125
2 0.26796875 0.5125 0.04375 0.028125
2 0.30234375 0.5 0.0390625 0.03125
2 0.2953125 0.53046875 0.04375 0.028125
2 0.32421875 0.51640625 0.0359375 0.028125
2 0.35234375 0.50234375 0.04375 0.034375
2 0.35546875 0.528125 0.0421875 0.034375
2 0.32421875 0.54375 0.046875 0.025
2 0.29765625 0.5578125 0.04375 0.034375
2 0.309375 0.578125 0.0375 0.03125
2 0.3359375 0.5625 0.040625 0.0296875
2 0.3859375 0.515625 0.0375 0.03125
2 0.41796875 0.51875 0.034375 0.03125
2 0.45234375 0.525 0.0421875 0.028125
2 0.39453125 0.540625 0.04375 0.028125
2 0.31484375 0.6078125 0.0375 0.0328125
2 0.34375 0.59140625 0.034375 0.025
2 0.34375 0.61484375 0.034375 0.03125
2 0.33515625 0.64296875 0.046875 0.034375
2 0.3609375 0.6671875 0.040625 0.0359375
2 0.37578125 0.68984375 0.0421875 0.03125
2 0.38984375 0.71640625 0.046875 0.0375
2 0.409375 0.74296875 0.0453125 0.0328125
2 0.44453125 0.740625 0.0421875 0.0296875
2 0.51875 0.68515625 0.04375 0.03125
2 0.46875 0.72109375 0.053125 0.034375
2 0.49921875 0.7046875 0.0421875 0.028125
2 0.50859375 0.56015625 0.0390625 0.0328125
2 0.46328125 0.5515625 0.0453125 0.028125
2 0.53125 0.59453125 0.04375 0.0359375
0 0.38203125 0.5625 0.04375 0.034375
0 0.4265625 0.56015625 0.04375 0.03125
0 0.40390625 0.5796875 0.0375 0.028125
0 0.375 0.5953125 0.0375 0.03125
0 0.37578125 0.62265625 0.040625 0.03125
0 0.40390625 0.603125 0.0390625 0.03125
0 0.43359375 0.58828125 0.034375 0.03125
0 0.45859375 0.57265625 0.034375 0.034375
0 0.48671875 0.5859375 0.0375 0.03125
0 0.459375 0.6078125 0.0390625 0.03125
0 0.49296875 0.61015625 0.034375 0.03125
0 0.48125 0.634375 0.0375 0.028125
0 0.43671875 0.6203125 0.0375 0.028125
0 0.40703125 0.63671875 0.0375 0.0328125
0 0.44453125 0.64609375 0.04375 0.028125
0 0.4171875 0.665625 0.040625 0.034375
0 0.45234375 0.67109375 0.04375 0.03125
0 0.48203125 0.66171875 0.0375 0.03125
0 0.471875 0.690625 0.04375 0.028125
0 0.4484375 0.7140625 0.0421875 0.0296875