2 0.465625 0.4375 0.0125 0.0171875
2 0.4453125 0.50078125 0.0140625 0.01875
2 0.42578125 0.475 0.0125 0.01875
2 0.45546875 0.4515625 0.0125 0.0171875
2 0.46328125 0.4609375 0.0125 0.015625
2 0.45390625 0.43203125 0.0125 0.0171875
2 0.44453125 0.4421875 0.0140625 0.015625
2 0.4453125 0.45703125 0.0125 0.015625
2 0.453125 0.4703125 0.0125 0.0171875
2 0.453125 0.48671875 0.0140625 0.0171875
2 0.440625 0.47421875 0.0140625 0.01875
2 0.43125 0.46015625 0.0125 0.0171875
2 0.43203125 0.44453125 0.0125 0.0171875
2 0.41875 0.46015625 0.015625 0.01875
2 0.41484375 0.47578125 0.0125 0.01875
2 0.40625 0.4578125 0.0125 0.01875
2 0.42265625 0.48984375 0.0140625 0.0171875
2 0.434375 0.48671875 0.0125 0.015625
2 0.4328125 0.50234375 0.0125 0.0171875
2 0.44296875 0.51640625 0.0140625 0.0171875
2 0.4515625 0.52578125 0.0140625 0.015625
2 0.44140625 0.5328125 0.015625 0.0203125
2 0.4328125 0.52109375 0.009375 0.01875
2 0.42265625 0.509375 0.0125 0.01875
2 0.42265625 0.5265625 0.0125 0.01875
2 0.43046875 0.53828125 0.0125 0.01875
2 0.41875 0.54453125 0.0125 0.0171875
2 0.409375 0.53203125 0.015625 0.01875
2 0.41171875 0.51640625 0.0125 0.0171875
2 0.4125 0.50078125 0.0109375 0.0171875
2 0.40234375 0.4921875 0.0125 0.015625
2 0.40234375 0.47578125 0.0125 0.0171875
2 0.39453125 0.46171875 0.015625 0.01875
2 0.39140625 0.47734375 0.0125 0.0171875
2 0.38984375 0.4953125 0.015625 0.015625
2 0.4 0.50703125 0.0140625 0.0171875
2 0.3984375 0.52265625 0.0140625 0.015625
2 0.396875 0.53671875 0.0140625 0.015625
2 0.38671875 0.509375 0.0125 0.01875
2 0.3859375 0.5265625 0.015625 0.01875
2 0.3765625 0.4984375 0.0125 0.0171875
2 0.37890625 0.4828125 0.0140625 0.01875
2 0.38046875 0.46640625 0.0125 0.01875
2 0.36640625 0.48359375 0.015625 0.0234375
2 0.3640625 0.50234375 0.015625 0.01875
2 0.37421875 0.515625 0.015625 0.021875