2 0.7078125 0.40078125 0.025 0.01875
2 0.690625 0.390625 0.021875 0.0203125
2 0.67265625 0.3875 0.0265625 0.01875
2 0.66484375 0.4015625 0.021875 0.01875
2 0.6828125 0.41015625 0.0234375 0.021875
2 0.6453125 0.3953125 0.025 0.01875
2 0.63125 0.38671875 0.025 0.01875
2 0.6125 0.3890625 0.025 0.01875
2 0.59609375 0.3953125 0.021875 0.021875
2 0.61015625 0.4046875 0.0234375 0.0171875
2 0.625 0.40078125 0.021875 0.01875
2 0.6421875 0.41015625 0.021875 0.015625
2 0.66015625 0.41640625 0.0203125 0.01875
2 0.640625 0.42421875 0.021875 0.015625
2 0.66171875 0.43671875 0.021875 0.015625
2 0.55703125 0.3953125 0.0203125 0.021875
2 0.57734375 0.40078125 0.01875 0.0171875
2 0.65625 0.44921875 0.021875 0.01875
2 0.6515625 0.4625 0.021875 0.0140625
2 0.64140625 0.47109375 0.021875 0.01875
2 0.65703125 0.48125 0.025 0.021875
2 0.63828125 0.48515625 0.0234375 0.015625
2 0.62734375 0.49296875 0.021875 0.015625
2 0.62109375 0.48359375 0.0234375 0.015625
2 0.5359375 0.39921875 0.0203125 0.01875
2 0.54921875 0.40859375 0.0203125 0.0171875
2 0.56875 0.41484375 0.01875 0.0171875
2 0.515625 0.39375 0.025 0.021875
2 0.6375 0.43671875 0.0203125 0.015625
1 0.29921875 0.54375 0.0234375 0.01875
1 0.29765625 0.56015625 0.0265625 0.01875
1 0.31796875 0.5640625 0.021875 0.01875
1 0.23984375 0.5796875 0.028125 0.01875
1 0.23828125 0.59609375 0.025 0.01875
1 0.25859375 0.58984375 0.021875 0.015625
1 0.21640625 0.5859375 0.028125 0.01875
1 0.228125 0.609375 0.0234375 0.015625
1 0.14453125 0.56953125 0.025 0.01875
1 0.14609375 0.58671875 0.025 0.01875
1 0.13359375 0.59921875 0.0265625 0.01875
1 0.15390625 0.6171875 0.025 0.01875
0 0.609375 0.41953125 0.0203125 0.01875
0 0.59140625 0.42421875 0.01875 0.01875
0 0.6078125 0.43359375 0.021875 0.0171875
0 0.57421875 0.42734375 0.021875 0.01875
0 0.57421875 0.4421875 0.0234375 0.015625
0 0.59140625 0.4390625 0.01875 0.0171875
0 0.5734375 0.45625 0.021875 0.015625
0 0.58984375 0.45546875 0.021875 0.015625
0 0.60703125 0.44921875 0.021875 0.015625
0 0.6234375 0.44921875 0.01875 0.0171875
0 0.5890625 0.46953125 0.021875 0.015625
0 0.60859375 0.46171875 0.021875 0.015625
0 0.57265625 0.47109375 0.0234375 0.015625
0 0.5390625 0.42265625 0.025 0.015625
0 0.5421875 0.4375 0.0234375 0.0171875
0 0.5578125 0.446875 0.01875 0.01875
0 0.52109375 0.415625 0.021875 0.015625
0 0.51953125 0.4296875 0.025 0.015625
0 0.50234375 0.42109375 0.021875 0.015625
0 0.50390625 0.43515625 0.021875 0.0140625
0 0.52109375 0.44453125 0.021875 0.015625
0 0.5359375 0.453125 0.0234375 0.01875
0 0.553125 0.4625 0.025 0.0171875
0 0.53671875 0.46796875 0.0203125 0.015625
0 0.55390625 0.47578125 0.0203125 0.015625
0 0.48828125 0.44296875 0.021875 0.015625
0 0.5046875 0.4515625 0.01875 0.0171875
0 0.51953125 0.4609375 0.021875 0.0171875
0 0.51875 0.47578125 0.021875 0.015625
0 0.53515625 0.4828125 0.0203125 0.015625
0 0.55078125 0.4921875 0.021875 0.015625
0 0.53515625 0.496875 0.01875 0.015625
0 0.5515625 0.50546875 0.0203125 0.0140625
0 0.503125 0.4671875 0.021875 0.0171875
0 0.4875 0.459375 0.0203125 0.015625
0 0.46953125 0.44609375 0.0234375 0.015625
0 0.4515625 0.4515625 0.021875 0.0171875
0 0.4703125 0.46171875 0.0234375 0.015625
0 0.4859375 0.4734375 0.021875 0.015625
0 0.5015625 0.48203125 0.021875 0.015625
0 0.51640625 0.48984375 0.01875 0.015625
0 0.48515625 0.4890625 0.0203125 0.015625
0 0.47109375 0.47890625 0.028125 0.0171875
0 0.4515625 0.4671875 0.021875 0.015625
0 0.50078125 0.4953125 0.01875 0.015625
0 0.51640625 0.50546875 0.021875 0.01875
0 0.534375 0.5109375 0.0203125 0.01875
0 0.43359375 0.4578125 0.021875 0.015625
0 0.43359375 0.47421875 0.021875 0.01875
0 0.4359375 0.48671875 0.021875 0.0140625
0 0.45390625 0.48203125 0.0203125 0.015625
0 0.4515625 0.49765625 0.021875 0.0171875
0 0.46875 0.4953125 0.01875 0.0171875
0 0.48515625 0.5046875 0.0203125 0.015625
0 0.5015625 0.51171875 0.0203125 0.0171875
0 0.46875 0.51015625 0.021875 0.01875
0 0.48515625 0.51796875 0.01875 0.015625
0 0.50078125 0.528125 0.021875 0.0171875
0 0.51640625 0.51953125 0.021875 0.0171875
0 0.4390625 0.509375 0.025 0.015625
0 0.4546875 0.51953125 0.0234375 0.01875
0 0.47109375 0.52734375 0.021875 0.015625
0 0.4875 0.53515625 0.021875 0.0171875
0 0.44140625 0.52890625 0.0234375 0.015625
0 0.428125 0.52109375 0.021875 0.01875
0 0.415625 0.49921875 0.021875 0.01875
0 0.39375 0.49609375 0.025 0.01875
0 0.40859375 0.51328125 0.025 0.015625
0 0.409375 0.52734375 0.021875 0.015625
0 0.42578125 0.5359375 0.0203125 0.015625
0 0.45390625 0.5359375 0.021875 0.01875
0 0.440625 0.54453125 0.021875 0.015625
0 0.4546875 0.553125 0.021875 0.015625
0 0.4375 0.5578125 0.021875 0.015625
0 0.45234375 0.56640625 0.021875 0.015625
0 0.434375 0.57109375 0.021875 0.0140625
0 0.421875 0.55078125 0.021875 0.015625
0 0.40703125 0.5421875 0.0234375 0.015625
0 0.4015625 0.55546875 0.021875 0.015625
0 0.41875 0.5625 0.0203125 0.015625
0 0.4015625 0.56953125 0.021875 0.015625
0 0.41875 0.57578125 0.0203125 0.015625
0 0.375 0.4890625 0.021875 0.0171875
0 0.3578125 0.48359375 0.021875 0.015625
0 0.35625 0.49921875 0.0203125 0.0171875
0 0.371875 0.50390625 0.021875 0.015625
0 0.38828125 0.509375 0.021875 0.015625
0 0.33515625 0.4953125 0.021875 0.01875
0 0.353125 0.51328125 0.0234375 0.0171875
0 0.3703125 0.51796875 0.0203125 0.015625
0 0.38984375 0.52421875 0.021875 0.015625
0 0.3859375 0.53671875 0.021875 0.015625
0 0.384375 0.55078125 0.021875 0.015625
0 0.3703125 0.5328125 0.021875 0.01875
0 0.35078125 0.52890625 0.021875 0.015625
0 0.3046875 0.490625 0.021875 0.015625
0 0.31953125 0.5 0.021875 0.015625
1 0.31171875 0.51796875 0.0265625 0.01875
0 0.3328125 0.50859375 0.021875 0.0171875
0 0.3328125 0.52265625 0.01875 0.015625
0 0.34765625 0.54140625 0.0203125 0.0140625
0 0.36484375 0.54453125 0.01875 0.015625
0 0.3328125 0.5375 0.025 0.015625
0 0.3140625 0.5296875 0.025 0.015625
0 0.32578125 0.55078125 0.021875 0.015625
0 0.34453125 0.5546875 0.0203125 0.015625
0 0.3625 0.55859375 0.025 0.0171875
0 0.38125 0.5625 0.0203125 0.015625
0 0.38359375 0.57890625 0.021875 0.01875
0 0.4015625 0.58515625 0.025 0.015625
0 0.3453125 0.56953125 0.0234375 0.015625
0 0.36484375 0.57265625 0.0234375 0.01875
0 0.35546875 0.58515625 0.025 0.01875
0 0.37421875 0.5890625 0.021875 0.015625
0 0.34296875 0.5953125 0.025 0.015625
0 0.3328125 0.58046875 0.025 0.0171875
0 0.3203125 0.58984375 0.0265625 0.015625
0 0.325 0.603125 0.025 0.0140625
0 0.3078125 0.6015625 0.0234375 0.01875
0 0.30390625 0.58671875 0.0234375 0.0140625
0 0.30234375 0.57265625 0.0203125 0.015625
0 0.2859375 0.5765625 0.021875 0.015625
0 0.2875 0.59375 0.025 0.01875
0 0.2703125 0.60078125 0.021875 0.0140625
0 0.27109375 0.615625 0.0234375 0.015625
0 0.28828125 0.609375 0.0203125 0.0140625
0 0.25234375 0.6109375 0.025 0.015625
0 0.2515625 0.625 0.025 0.015625
0 0.27109375 0.62890625 0.021875 0.015625
0 0.26796875 0.571875 0.025 0.0171875
1 0.26953125 0.5578125 0.025 0.0171875
0 0.2546875 0.54609375 0.025 0.01875
0 0.27578125 0.54140625 0.021875 0.01875
0 0.2765625 0.525 0.021875 0.0171875
0 0.26015625 0.53203125 0.0234375 0.01875
0 0.23984375 0.53125 0.0234375 0.0171875
0 0.26171875 0.51484375 0.021875 0.01875
0 0.28203125 0.5109375 0.01875 0.01875
0 0.271875 0.50078125 0.021875 0.01875
0 0.2890625 0.49765625 0.021875 0.01875
0 0.15 0.52734375 0.025 0.01875
0 0.134375 0.53828125 0.025 0.01875
0 0.11875 0.5453125 0.021875 0.01875
0 0.1328125 0.5546875 0.0234375 0.015625
0 0.15390625 0.5515625 0.025 0.0171875
0 0.20703125 0.53203125 0.021875 0.015625
0 0.2203125 0.54296875 0.0234375 0.01875
0 0.234375 0.55390625 0.021875 0.015625
0 0.1984375 0.54921875 0.0234375 0.015625
0 0.1828125 0.55625 0.0234375 0.01875
0 0.165625 0.56171875 0.021875 0.015625
0 0.16328125 0.578125 0.025 0.0171875
0 0.1828125 0.57109375 0.0234375 0.015625
0 0.1984375 0.5640625 0.0234375 0.0171875
0 0.215625 0.55703125 0.021875 0.015625
0 0.2171875 0.57265625 0.0234375 0.015625
0 0.234375 0.56796875 0.021875 0.015625
0 0.25 0.56171875 0.01875 0.0171875
0 0.19765625 0.57890625 0.021875 0.015625
0 0.1828125 0.5859375 0.021875 0.01875
0 0.1640625 0.5921875 0.0234375 0.015625
0 0.16484375 0.60859375 0.021875 0.015625
0 0.1828125 0.60234375 0.021875 0.0171875
0 0.19765625 0.59375 0.021875 0.015625
0 0.19765625 0.61015625 0.021875 0.015625
0 0.1984375 0.6234375 0.021875 0.015625
0 0.1796875 0.61640625 0.0203125 0.015625
0 0.2171875 0.6296875 0.0265625 0.01875
0 0.22890625 0.640625 0.0203125 0.0171875
0 0.19375 0.6375 0.021875 0.015625
0 0.17734375 0.6296875 0.025 0.015625
0 0.16015625 0.63828125 0.025 0.0171875
0 0.14375 0.64609375 0.025 0.01875
0 0.125 0.6390625 0.0234375 0.01875
0 0.10703125 0.63203125 0.025 0.01875
0 0.14375 0.63203125 0.021875 0.015625
0 0.11015625 0.6125 0.0265625 0.021875
0 0.1234375 0.6234375 0.025 0.01875
0 0.09140625 0.5984375 0.0234375 0.01875
0 0.11171875 0.59453125 0.021875 0.01875
0 0.1109375 0.57890625 0.021875 0.01875
0 0.12734375 0.58359375 0.0203125 0.01875
0 0.12109375 0.5640625 0.0234375 0.01875
0 0.05078125 0.60234375 0.021875 0.015625
0 0.0375 0.6203125 0.021875 0.01875
0 0.05703125 0.61953125 0.021875 0.015625
0 0.07109375 0.628125 0.025 0.015625
0 0.06328125 0.64296875 0.0203125 0.015625
2 0.49296875 0.41015625 0.021875 0.0171875
2 0.47265625 0.4203125 0.021875 0.01875
2 0.60234375 0.4796875 0.01875 0.015625
2 0.603125 0.49140625 0.021875 0.015625
2 0.60078125 0.50390625 0.021875 0.0140625
2 0.5828125 0.48984375 0.0234375 0.0140625
2 0.58125 0.503125 0.0234375 0.015625
2 0.5828125 0.5171875 0.021875 0.015625
2 0.56015625 0.51484375 0.021875 0.0140625
2 0.54921875 0.52109375 0.021875 0.015625
2 0.45625 0.42734375 0.021875 0.015625
2 0.43984375 0.4375 0.0234375 0.01875
2 0.4234375 0.4453125 0.0203125 0.015625
2 0.40546875 0.45234375 0.0203125 0.015625
2 0.3875 0.45625 0.0234375 0.015625
2 0.3671875 0.46015625 0.021875 0.015625
2 0.3828125 0.4703125 0.0234375 0.015625
2 0.3984375 0.47890625 0.021875 0.015625
2 0.40390625 0.4671875 0.01875 0.015625
2 0.41953125 0.48828125 0.01875 0.0125
2 0.34296875 0.47734375 0.01875 0.015625
2 0.3109375 0.47734375 0.021875 0.0171875
2 0.2921875 0.47421875 0.0234375 0.015625
2 0.26875 0.48203125 0.021875 0.015625
2 0.5125 0.54921875 0.021875 0.01875
2 0.48359375 0.553125 0.025 0.01875
2 0.47265625 0.56171875 0.021875 0.015625
2 0.44453125 0.58125 0.0203125 0.015625
2 0.30390625 0.62265625 0.0234375 0.0140625
2 0.3203125 0.61328125 0.0234375 0.015625
2 0.25625 0.6421875 0.025 0.015625
2 0.2 0.64921875 0.021875 0.015625
2 0.21328125 0.65390625 0.021875 0.015625
2 0.1828125 0.65625 0.025 0.015625
2 0.1984375 0.6640625 0.025 0.015625
2 0.18125 0.6421875 0.0203125 0.015625
2 0.16171875 0.66328125 0.021875 0.015625
2 0.14296875 0.6703125 0.028125 0.0125
2 0.12421875 0.66328125 0.025 0.015625
2 0.1078125 0.671875 0.028125 0.01875
2 0.1171875 0.67890625 0.025 0.015625
2 0.0734375 0.6796875 0.025 0.0171875
2 0.04375 0.65703125 0.021875 0.01875
2 0.0625 0.65859375 0.021875 0.01875
2 0.07734375 0.65390625 0.0203125 0.01875
2 0.09453125 0.65859375 0.021875 0.01875
2 0.11171875 0.6515625 0.0203125 0.015625
2 0.0953125 0.64453125 0.021875 0.0140625
2 0.034375 0.63125 0.0234375 0.015625
2 0.0375 0.5953125 0.0234375 0.015625
2 0.03359375 0.6109375 0.025 0.015625
2 0.08046875 0.61875 0.0203125 0.015625
2 0.0515625 0.58203125 0.021875 0.01875
2 0.0625 0.59375 0.0203125 0.0171875
2 0.06875 0.57734375 0.021875 0.0171875
2 0.08125 0.584375 0.0234375 0.015625
2 0.11640625 0.48984375 0.028125 0.01875
2 0.09765625 0.5234375 0.0234375 0.0171875
2 0.08671875 0.5359375 0.028125 0.015625
2 0.08984375 0.55 0.0234375 0.015625
2 0.07578125 0.55546875 0.025 0.015625
2 0.08359375 0.56796875 0.025 0.01875
2 0.1015625 0.56171875 0.021875 0.0171875
2 0.1140625 0.5296875 0.021875 0.015625
2 0.11875 0.515625 0.021875 0.0171875
2 0.13125 0.50234375 0.025 0.0171875
2 0.15078125 0.49609375 0.0234375 0.01875
2 0.14609375 0.5125 0.021875 0.0171875
2 0.1625 0.509375 0.021875 0.01875
2 0.18125 0.50546875 0.021875 0.0171875
2 0.19609375 0.5 0.021875 0.01875
2 0.17578125 0.52265625 0.025 0.015625
2 0.1671875 0.5359375 0.025 0.015625
2 0.196875 0.51796875 0.0234375 0.015625
2 0.1890625 0.53359375 0.0203125 0.015625
2 0.21640625 0.5125 0.021875 0.01875
2 0.2359375 0.5046875 0.025 0.01875
2 0.23203125 0.51875 0.025 0.015625