2 0.4953125 0.4875 0.0125 0.015625
2 0.49375 0.503125 0.0125 0.015625
2 0.496875 0.51796875 0.0125 0.015625
2 0.4890625 0.5328125 0.0125 0.0203125
2 0.4828125 0.5484375 0.0125 0.0171875
2 0.47890625 0.5328125 0.0125 0.015625
2 0.48671875 0.51796875 0.0125 0.0171875
2 0.4765625 0.5109375 0.0109375 0.015625
2 0.48359375 0.496875 0.0125 0.01875
2 0.478125 0.48359375 0.0125 0.015625
2 0.47421875 0.49765625 0.0109375 0.01875
2 0.4703125 0.52421875 0.0125 0.0171875
2 0.4703125 0.5484375 0.0125 0.015625
2 0.46328125 0.5375 0.0125 0.015625
2 0.45703125 0.52578125 0.0125 0.0171875
2 0.46484375 0.51171875 0.0109375 0.0140625
2 0.4625 0.4984375 0.0125 0.01875
2 0.45390625 0.509375 0.0140625 0.01875
2 0.45390625 0.49296875 0.0125 0.01875
2 0.44453125 0.5 0.015625 0.01875
2 0.46171875 0.57265625 0.0125 0.01875
2 0.45703125 0.559375 0.0109375 0.0171875
2 0.4515625 0.5484375 0.0140625 0.015625
2 0.44921875 0.56640625 0.0125 0.01875
2 0.44609375 0.53046875 0.0125 0.0171875
2 0.4390625 0.51875 0.0125 0.015625
2 0.4296875 0.50859375 0.0125 0.0171875
2 0.440625 0.55703125 0.009375 0.01875
2 0.43203125 0.55859375 0.0125 0.01875
2 0.43515625 0.54375 0.0125 0.0171875
2 0.425 0.5453125 0.0125 0.01875
2 0.428125 0.5296875 0.0140625 0.015625
2 0.415625 0.53359375 0.0125 0.0203125
2 0.41328125 0.54921875 0.0125 0.01875
2 0.41875 0.515625 0.0140625 0.01875
2 0.40625 0.521875 0.0125 0.0203125
2 0.403125 0.540625 0.015625 0.021875