2 0.3421875 0.3984375 0.034375 0.025
2 0.37734375 0.41328125 0.0296875 0.025
2 0.32890625 0.41796875 0.0328125 0.0234375
2 0.35390625 0.41875 0.028125 0.0203125
2 0.34375 0.434375 0.03125 0.0234375
2 0.36953125 0.434375 0.028125 0.021875
2 0.365625 0.45 0.03125 0.0234375
2 0.340625 0.45390625 0.03125 0.0203125
2 0.32578125 0.46796875 0.0359375 0.0234375
2 0.34921875 0.46875 0.03125 0.021875
2 0.38125 0.46328125 0.03125 0.0203125
2 0.359375 0.48515625 0.028125 0.021875
2 0.384375 0.4828125 0.034375 0.025
2 0.40859375 0.484375 0.028125 0.025
2 0.39453125 0.5 0.0359375 0.021875
2 0.4203125 0.5015625 0.03125 0.021875
2 0.4328125 0.51796875 0.034375 0.025
2 0.43984375 0.5328125 0.0375 0.021875
2 0.41953125 0.546875 0.03125 0.0234375
2 0.44375 0.55078125 0.0328125 0.025
2 0.46875 0.565625 0.034375 0.0265625
2 0.4453125 0.57578125 0.03125 0.0265625
2 0.475 0.58125 0.03125 0.0265625
2 0.5078125 0.58125 0.0375 0.028125
2 0.4546875 0.5921875 0.034375 0.021875
2 0.43359375 0.60390625 0.03125 0.0234375
2 0.41796875 0.6203125 0.03125 0.025
2 0.4375 0.63125 0.028125 0.025
2 0.45703125 0.6125 0.03125 0.025
2 0.47734375 0.59921875 0.028125 0.021875
2 0.5125 0.59921875 0.0296875 0.021875
2 0.53125 0.61171875 0.034375 0.025
2 0.47109375 0.64921875 0.03125 0.0296875
0 0.4671875 0.62265625 0.03125 0.025
0 0.48828125 0.6109375 0.03125 0.01875
0 0.4953125 0.62734375 0.0296875 0.025
0 0.51640625 0.6171875 0.028125 0.021875
0 0.52265625 0.63125 0.0359375 0.021875
0 0.5078125 0.646875 0.025 0.021875
0 0.56796875 0.66796875 0.03125 0.01875
0 0.57265625 0.68671875 0.034375 0.021875
0 0.575 0.7046875 0.03125 0.021875
2 0.49609375 0.67421875 0.0375 0.025
2 0.525 0.6625 0.034375 0.0234375
2 0.546875 0.6453125 0.03125 0.025
2 0.565625 0.65703125 0.03125 0.01875
2 0.5234375 0.68125 0.03125 0.021875
2 0.5453125 0.6703125 0.025 0.021875
2 0.50546875 0.69375 0.03125 0.021875
2 0.52890625 0.7 0.0328125 0.01875
2 0.50859375 0.71328125 0.0375 0.0203125
2 0.54921875 0.6875 0.028125 0.021875
2 0.5515625 0.70546875 0.028125 0.021875
2 0.53125 0.71875 0.034375 0.021875
2 0.55390625 0.7265625 0.03125 0.021875
2 0.528125 0.73671875 0.0359375 0.025
2 0.5984375 0.70546875 0.03125 0.025
2 0.58203125 0.7296875 0.034375 0.0265625
2 0.6109375 0.72109375 0.03125 0.021875
2 0.6203125 0.73671875 0.034375 0.021875
2 0.6296875 0.75078125 0.0390625 0.025
2 0.6453125 0.76640625 0.034375 0.021875
2 0.65703125 0.78359375 0.03125 0.0234375
2 0.66875 0.79765625 0.03125 0.025
2 0.6828125 0.815625 0.03125 0.01875
2 0.68828125 0.83359375 0.0359375 0.025
2 0.59453125 0.7453125 0.0328125 0.021875
2 0.6015625 0.7625 0.03125 0.0234375
2 0.621875 0.771875 0.0375 0.021875
2 0.63125 0.78984375 0.0375 0.025
2 0.64375 0.80703125 0.03125 0.021875
2 0.646875 0.8234375 0.034375 0.021875
2 0.65546875 0.840625 0.03125 0.025
2 0.55703125 0.74375 0.034375 0.021875
2 0.5734375 0.7578125 0.034375 0.021875
2 0.57734375 0.77734375 0.028125 0.025
2 0.6015625 0.78515625 0.0375 0.0234375
2 0.60703125 0.80078125 0.0359375 0.025
2 0.61875 0.81953125 0.034375 0.025
2 0.625 0.8375 0.034375 0.025
2 0.63125 0.85546875 0.034375 0.021875
2 0.5359375 0.7609375 0.034375 0.021875
2 0.55234375 0.7734375 0.034375 0.025
2 0.55703125 0.79140625 0.034375 0.021875
2 0.5796875 0.796875 0.034375 0.025
2 0.559375 0.81328125 0.034375 0.025
2 0.584375 0.81796875 0.0375 0.025
2 0.59765625 0.83359375 0.0421875 0.0265625
2 0.6078125 0.853125 0.034375 0.021875
2 0.61171875 0.871875 0.0359375 0.025
2 0.65703125 0.86328125 0.03125 0.025
2 0.678125 0.84765625 0.034375 0.0265625
2 0.7046875 0.84453125 0.03125 0.025
2 0.71328125 0.86015625 0.03125 0.021875
2 0.684375 0.86640625 0.034375 0.025
2 0.63828125 0.87890625 0.034375 0.0265625
2 0.6234375 0.89453125 0.0375 0.021875
2 0.628125 0.9140625 0.0375 0.0265625
2 0.65234375 0.89921875 0.03125 0.025
2 0.66640625 0.8828125 0.028125 0.0234375
2 0.67890625 0.8984375 0.034375 0.025
2 0.659375 0.91796875 0.0359375 0.025
2 0.70234375 0.87734375 0.034375 0.021875
2 0.73125 0.88125 0.0375 0.028125
2 0.70703125 0.89609375 0.034375 0.025
2 0.69453125 0.91953125 0.040625 0.025
2 0.67890625 0.9375 0.0375 0.0234375
2 0.7078125 0.93359375 0.034375 0.025
2 0.7265625 0.953125 0.0375 0.0234375
2 0.721875 0.915625 0.0375 0.021875
2 0.7359375 0.93203125 0.034375 0.0265625
2 0.753125 0.94765625 0.0390625 0.025
2 0.74609375 0.9046875 0.034375 0.0234375
2 0.76171875 0.92109375 0.0421875 0.021875
2 0.78125 0.9390625 0.034375 0.025