2 0.6171875 0.44375 0.025 0.034375
2 0.6390625 0.45703125 0.0265625 0.034375
2 0.653125 0.40703125 0.028125 0.03125
2 0.6828125 0.41796875 0.028125 0.0328125
2 0.7265625 0.51953125 0.028125 0.034375
2 0.6640625 0.43671875 0.0265625 0.03125
2 0.66484375 0.46484375 0.0265625 0.034375
2 0.74921875 0.5328125 0.028125 0.03125
2 0.70234375 0.50234375 0.025 0.0328125
2 0.6359375 0.4265625 0.025 0.034375
2 0.6859375 0.48046875 0.0265625 0.034375
2 0.70625 0.4359375 0.025 0.03125
2 0.7546875 0.44296875 0.028125 0.03125
2 0.725 0.45390625 0.028125 0.03125
2 0.7453125 0.47265625 0.028125 0.0328125
2 0.721875 0.4875 0.025 0.03125
2 0.6890625 0.4546875 0.01875 0.03125
2 0.70390625 0.46796875 0.021875 0.03125