2 0.50859375 0.6265625 0.034375 0.0328125
2 0.51171875 0.47890625 0.0328125 0.0421875
2 0.421875 0.5953125 0.03125 0.0375
2 0.4359375 0.5765625 0.028125 0.0359375
2 0.44921875 0.559375 0.0296875 0.0359375
2 0.48125 0.42890625 0.028125 0.0375
2 0.4578125 0.41796875 0.03125 0.0390625
2 0.434375 0.409375 0.03125 0.0375
2 0.41796875 0.42890625 0.028125 0.0375
2 0.39921875 0.44765625 0.028125 0.0328125
2 0.38515625 0.4703125 0.028125 0.0328125
2 0.3703125 0.49140625 0.025 0.040625
2 0.35703125 0.51015625 0.0234375 0.0359375
2 0.34140625 0.5296875 0.025 0.0375
2 0.328125 0.5515625 0.028125 0.034375
2 0.3125 0.571875 0.028125 0.04375
2 0.2953125 0.58984375 0.025 0.0421875
2 0.27890625 0.60625 0.03125 0.04375
2 0.26328125 0.6453125 0.0296875 0.04375
2 0.25546875 0.67265625 0.025 0.034375
2 0.25546875 0.70859375 0.028125 0.040625
2 0.27265625 0.72890625 0.028125 0.0375
2 0.275 0.7 0.03125 0.040625
2 0.2515625 0.7390625 0.0296875 0.04375
2 0.26640625 0.7578125 0.028125 0.0421875
2 0.26796875 0.7890625 0.025 0.0390625
2 0.2515625 0.77265625 0.0296875 0.0390625
2 0.25390625 0.809375 0.03125 0.04375
2 0.275 0.82265625 0.03125 0.0453125
2 0.25703125 0.84140625 0.0328125 0.0421875
2 0.2734375 0.86875 0.0265625 0.034375
2 0.29140625 0.87890625 0.03125 0.0375
2 0.27890625 0.89609375 0.028125 0.04375
2 0.30078125 0.91171875 0.0265625 0.04375
2 0.31640625 0.890625 0.0265625 0.034375
2 0.31328125 0.85859375 0.025 0.0390625
2 0.33515625 0.8703125 0.03125 0.0375
2 0.34375 0.84375 0.028125 0.0375
2 0.3609375 0.82578125 0.0296875 0.0375
2 0.38359375 0.80625 0.0296875 0.040625
2 0.365625 0.76328125 0.028125 0.0375
2 0.3859375 0.746875 0.028125 0.040625
2 0.3640625 0.7953125 0.0234375 0.0375
2 0.38046875 0.71015625 0.0296875 0.034375
2 0.39453125 0.6890625 0.0296875 0.03125
2 0.39453125 0.6671875 0.0265625 0.0375
2 0.3734375 0.6796875 0.025 0.034375
2 0.3703125 0.6546875 0.025 0.0359375
2 0.41171875 0.64609375 0.028125 0.0328125
2 0.3875 0.63515625 0.028125 0.028125
2 0.40234375 0.6171875 0.028125 0.03125
0 0.30234375 0.8390625 0.028125 0.0375
0 0.3234375 0.82109375 0.028125 0.0328125
0 0.34765625 0.8 0.028125 0.034375
0 0.32265625 0.790625 0.0296875 0.034375
0 0.29921875 0.80625 0.0296875 0.0359375
0 0.30078125 0.77265625 0.028125 0.0375
0 0.30625 0.74375 0.0328125 0.040625
0 0.2828125 0.75078125 0.025 0.040625
0 0.32734375 0.7578125 0.0296875 0.0375
0 0.34765625 0.76640625 0.03125 0.0359375
0 0.3484375 0.7390625 0.025 0.0359375
0 0.36328125 0.7171875 0.025 0.034375
0 0.35625 0.6859375 0.0265625 0.0359375
0 0.33984375 0.70703125 0.025 0.034375
0 0.325 0.7296875 0.028125 0.040625
0 0.30234375 0.71953125 0.0296875 0.034375
0 0.31953125 0.6953125 0.028125 0.0359375
0 0.2953125 0.690625 0.028125 0.034375
0 0.2734375 0.68046875 0.025 0.0375
0 0.2890625 0.6609375 0.025 0.0328125
0 0.31171875 0.6671875 0.025 0.0375
0 0.33515625 0.67265625 0.03125 0.034375
0 0.34609375 0.6515625 0.03125 0.034375
0 0.36015625 0.63359375 0.028125 0.034375
0 0.37890625 0.6171875 0.028125 0.034375
0 0.39140625 0.58828125 0.028125 0.03125
0 0.3984375 0.56875 0.028125 0.040625
0 0.4140625 0.54921875 0.025 0.034375
0 0.428125 0.52578125 0.028125 0.0375
0 0.44375 0.50234375 0.0296875 0.0375
0 0.4625 0.51015625 0.03125 0.0375
0 0.478125 0.4875 0.03125 0.040625
0 0.47265625 0.46015625 0.028125 0.0375
0 0.45859375 0.4796875 0.0265625 0.03125
0 0.4484375 0.45234375 0.028125 0.034375
0 0.4359375 0.47265625 0.028125 0.0359375
0 0.42109375 0.4921875 0.025 0.040625
0 0.40703125 0.515625 0.025 0.040625
0 0.39375 0.53515625 0.0296875 0.03125
0 0.378125 0.5578125 0.0265625 0.0375
0 0.36796875 0.58515625 0.025 0.0421875
0 0.353125 0.60234375 0.0296875 0.04375
0 0.3359375 0.6234375 0.028125 0.0375
0 0.3234375 0.64765625 0.028125 0.0359375
0 0.29765625 0.6375 0.028125 0.0421875
0 0.31484375 0.6140625 0.0296875 0.034375
0 0.33125 0.5890625 0.03125 0.034375
0 0.34765625 0.5734375 0.0328125 0.0390625
0 0.353125 0.54453125 0.0296875 0.034375
0 0.375 0.52421875 0.0328125 0.034375
0 0.3859375 0.50234375 0.025 0.0390625
0 0.4 0.484375 0.034375 0.04375
0 0.41484375 0.46484375 0.028125 0.034375