2 0.46328125 0.30703125 0.034375 0.04375
2 0.39765625 0.315625 0.0390625 0.059375
2 0.42421875 0.3375 0.03125 0.04375
2 0.421875 0.3765625 0.0328125 0.040625
2 0.44140625 0.3828125 0.034375 0.040625
2 0.4671875 0.3734375 0.034375 0.034375
2 0.4765625 0.40703125 0.0328125 0.0484375
2 0.5046875 0.40625 0.03125 0.046875
2 0.503125 0.44296875 0.03125 0.040625
2 0.4796875 0.45078125 0.0296875 0.04375
2 0.4578125 0.43125 0.03125 0.04375
2 0.396875 0.39296875 0.0328125 0.0453125
2 0.40234375 0.43203125 0.028125 0.0375
2 0.37578125 0.4203125 0.03125 0.046875
2 0.3484375 0.4171875 0.03125 0.046875
2 0.3765625 0.45390625 0.034375 0.034375
2 0.40703125 0.45390625 0.028125 0.0328125
0 0.3953125 0.4734375 0.03125 0.040625
0 0.40703125 0.5046875 0.028125 0.04375
0 0.42578125 0.478125 0.028125 0.040625
2 0.37734375 0.5015625 0.028125 0.04375
2 0.378125 0.54140625 0.034375 0.04375
2 0.43125 0.5234375 0.034375 0.03125
0 0.49453125 0.49765625 0.034375 0.0453125
0 0.478125 0.54921875 0.03125 0.0375
0 0.4921875 0.6046875 0.0265625 0.0375
0 0.47421875 0.5859375 0.025 0.034375
0 0.46015625 0.61171875 0.028125 0.0375
0 0.4359375 0.59609375 0.0265625 0.040625
0 0.415625 0.55703125 0.028125 0.04375
0 0.409375 0.590625 0.0296875 0.046875
0 0.41875 0.63671875 0.03125 0.046875
1 0.43984375 0.553125 0.028125 0.0421875
1 0.4578125 0.5359375 0.0296875 0.0390625
1 0.453125 0.57421875 0.028125 0.0375
0 0.36796875 0.59453125 0.0328125 0.05
0 0.33359375 0.584375 0.03125 0.0421875
0 0.34375 0.62109375 0.03125 0.0390625
0 0.31484375 0.60859375 0.0375 0.040625
0 0.28125 0.5953125 0.034375 0.053125
0 0.2609375 0.553125 0.034375 0.046875
0 0.37109375 0.634375 0.03125 0.0375
0 0.35859375 0.66015625 0.03125 0.046875
0 0.309375 0.65078125 0.028125 0.04375
0 0.2953125 0.6828125 0.034375 0.040625
1 0.33359375 0.6515625 0.034375 0.04375
0 0.3328125 0.68125 0.0328125 0.0359375
1 0.353125 0.7421875 0.0375 0.0453125
0 0.340625 0.77421875 0.028125 0.0375
0 0.3140625 0.74453125 0.034375 0.05625
0 0.28671875 0.76953125 0.0375 0.040625
0 0.3078125 0.82890625 0.0328125 0.0453125
0 0.28125 0.8375 0.028125 0.0515625
0 0.26015625 0.85234375 0.034375 0.046875
2 0.34140625 0.8625 0.0296875 0.046875
2 0.3109375 0.87265625 0.0328125 0.040625
2 0.2453125 0.69296875 0.04375 0.046875
2 0.24140625 0.646875 0.0375 0.053125
2 0.26796875 0.63359375 0.034375 0.040625
2 0.26875 0.7296875 0.034375 0.0390625
2 0.25703125 0.7609375 0.0375 0.0421875
2 0.2796875 0.49921875 0.034375 0.046875
2 0.31171875 0.4359375 0.0265625 0.040625
2 0.33359375 0.459375 0.028125 0.0421875
2 0.28359375 0.4390625 0.03125 0.0453125
2 0.259375 0.48984375 0.034375 0.040625
2 0.22265625 0.49921875 0.0390625 0.05
2 0.2265625 0.5578125 0.04375 0.05
2 0.25625 0.521875 0.034375 0.0375
2 0.28828125 0.54921875 0.0328125 0.0453125
2 0.30859375 0.56953125 0.028125 0.046875
2 0.32109375 0.52890625 0.0375 0.05625
2 0.3515625 0.53046875 0.0296875 0.04375
2 0.33984375 0.559375 0.034375 0.03125