1 0.31796875 0.4984375 0.0328125 0.0234375
0 0.28984375 0.43515625 0.03046875 0.02109375
0 0.2640625 0.4484375 0.0328125 0.02421875
0 0.2890625 0.4546875 0.03203125 0.02265625
0 0.3109375 0.4453125 0.02890625 0.021875
0 0.33203125 0.459375 0.034375 0.0234375
0 0.30859375 0.46640625 0.03203125 0.021875
0 0.28671875 0.475 0.03203125 0.021875
0 0.26328125 0.46796875 0.03203125 0.021875
0 0.25703125 0.4890625 0.03203125 0.02265625
0 0.28359375 0.4921875 0.028125 0.021875
0 0.309375 0.4828125 0.0296875 0.0203125
0 0.33828125 0.4765625 0.03359375 0.021875
0 0.353125 0.4890625 0.034375 0.021875
0 0.38125 0.48671875 0.03203125 0.02265625
0 0.3453125 0.5078125 0.028125 0.0234375
0 0.31875 0.51484375 0.03125 0.02109375
0 0.3375 0.52734375 0.0296875 0.0203125
0 0.36171875 0.521875 0.02734375 0.02265625
0 0.3515625 0.53984375 0.034375 0.01796875
0 0.36953125 0.50546875 0.03046875 0.02421875
0 0.39375 0.5015625 0.03203125 0.021875
0 0.38828125 0.51953125 0.03046875 0.0203125
0 0.38515625 0.53828125 0.03515625 0.02265625
0 0.3765625 0.55625 0.03125 0.02109375
0 0.31328125 0.5375 0.0296875 0.0203125
0 0.28671875 0.5390625 0.03046875 0.021875
0 0.30546875 0.55078125 0.03046875 0.015625
1 0.30234375 0.5640625 0.03046875 0.01953125
0 0.26640625 0.57890625 0.03359375 0.0234375
0 0.3328125 0.5984375 0.03046875 0.0234375
0 0.36015625 0.59296875 0.03203125 0.02265625
0 0.3640625 0.57265625 0.03046875 0.02109375
0 0.3734375 0.60859375 0.03515625 0.0234375
0 0.3875 0.59140625 0.02890625 0.02421875
0 0.39453125 0.5734375 0.03203125 0.02265625
0 0.40078125 0.55625 0.028125 0.0234375
0 0.41171875 0.53671875 0.03203125 0.0234375
0 0.41796875 0.5171875 0.03359375 0.02265625
0 0.43828125 0.53046875 0.03046875 0.021875
0 0.42421875 0.55078125 0.03359375 0.0234375
0 0.41953125 0.5703125 0.0328125 0.02109375
0 0.41171875 0.58984375 0.02734375 0.0234375
0 0.4046875 0.61171875 0.03359375 0.02265625
0 0.42890625 0.60234375 0.03046875 0.02265625
0 0.43828125 0.5828125 0.03359375 0.02109375
0 0.446875 0.56484375 0.03046875 0.02421875
0 0.45234375 0.54375 0.03046875 0.0234375
0 0.46484375 0.521875 0.03046875 0.01953125
0 0.4984375 0.5203125 0.03203125 0.021875
0 0.4875 0.5375 0.03203125 0.0234375
0 0.509375 0.5359375 0.03046875 0.0234375
0 0.4546875 0.5953125 0.03046875 0.0203125
0 0.4640625 0.57578125 0.03046875 0.025
0 0.475 0.55703125 0.03203125 0.025
0 0.48984375 0.57109375 0.0296875 0.021875
0 0.50390625 0.55625 0.03125 0.02265625
0 0.5296875 0.54921875 0.03046875 0.02421875
0 0.53828125 0.53203125 0.03203125 0.025
0 0.55390625 0.55078125 0.02890625 0.02109375
0 0.540625 0.5671875 0.0328125 0.02265625
0 0.515625 0.5734375 0.03203125 0.025
0 0.53359375 0.5875 0.0328125 0.0234375
0 0.4796875 0.590625 0.03125 0.02421875
0 0.50625 0.596875 0.03046875 0.0234375
0 0.46640625 0.609375 0.03203125 0.0234375
0 0.50546875 0.615625 0.03125 0.025
0 0.5296875 0.609375 0.02578125 0.025
2 0.26640625 0.39765625 0.03203125 0.0234375
2 0.25625 0.41484375 0.02890625 0.02421875
2 0.2828125 0.409375 0.03046875 0.0234375
2 0.271875 0.42890625 0.028125 0.021875
2 0.23203125 0.42109375 0.03203125 0.02421875
2 0.246875 0.434375 0.03125 0.02265625
2 0.21953125 0.4375 0.0328125 0.02265625
2 0.23671875 0.453125 0.03046875 0.02265625
2 0.20859375 0.459375 0.03046875 0.02265625
2 0.2265625 0.471875 0.0296875 0.021875
2 0.196875 0.4796875 0.03515625 0.02421875
2 0.215625 0.49140625 0.03125 0.021875
2 0.23046875 0.5015625 0.03203125 0.02265625
2 0.3265625 0.41796875 0.03046875 0.02421875
2 0.3453125 0.43046875 0.02890625 0.02421875
2 0.35859375 0.4453125 0.028125 0.021875
2 0.371875 0.46015625 0.03359375 0.02265625
2 0.24375 0.51953125 0.02890625 0.0234375
2 0.26484375 0.52890625 0.02890625 0.025
2 0.27578125 0.5109375 0.0296875 0.0234375
2 0.29453125 0.52421875 0.03046875 0.02265625
2 0.21640625 0.5234375 0.034375 0.02265625
2 0.23125 0.53671875 0.034375 0.02421875
2 0.20625 0.54765625 0.03359375 0.0234375
2 0.22421875 0.56171875 0.0359375 0.0265625
2 0.2421875 0.5734375 0.03125 0.021875
2 0.25 0.55 0.02890625 0.0234375
2 0.2703125 0.56171875 0.0296875 0.02265625
2 0.27265625 0.5953125 0.03359375 0.02109375
2 0.2859375 0.60859375 0.03515625 0.025
2 0.303125 0.62265625 0.03515625 0.0234375
2 0.3015625 0.58984375 0.03203125 0.02265625
2 0.3140625 0.6046875 0.02578125 0.0234375
2 0.3328125 0.61953125 0.03125 0.0234375
2 0.34765625 0.63359375 0.03828125 0.02578125
2 0.359375 0.65 0.03359375 0.0234375
2 0.3734375 0.6328125 0.03359375 0.0234375
2 0.38671875 0.64921875 0.03359375 0.02578125
2 0.4015625 0.62734375 0.03203125 0.02109375
2 0.41328125 0.6421875 0.03359375 0.0234375
2 0.434375 0.6546875 0.02890625 0.025
2 0.4390625 0.6359375 0.02890625 0.02265625
2 0.428125 0.62109375 0.03125 0.02109375
2 0.46484375 0.63359375 0.0390625 0.0234375
2 0.4609375 0.653125 0.03515625 0.025
2 0.48671875 0.6484375 0.0296875 0.02578125
2 0.5109375 0.640625 0.034375 0.0234375
2 0.5375 0.63359375 0.03515625 0.0265625
2 0.56484375 0.62421875 0.034375 0.02265625
2 0.54609375 0.60859375 0.0296875 0.02421875
2 0.578125 0.60390625 0.03828125 0.02421875
2 0.55859375 0.58984375 0.03203125 0.02421875
2 0.57421875 0.57265625 0.03046875 0.02578125
2 0.571875 0.54296875 0.03203125 0.0265625
2 0.56796875 0.5109375 0.03359375 0.0234375
2 0.57421875 0.490625 0.03359375 0.0234375
2 0.54609375 0.49296875 0.03515625 0.02578125
2 0.54140625 0.5125 0.03046875 0.02109375
2 0.51953125 0.49921875 0.034375 0.02890625
2 0.49296875 0.503125 0.03046875 0.021875
2 0.47734375 0.490625 0.0328125 0.02421875
2 0.453125 0.49765625 0.0328125 0.0234375
2 0.44375 0.51484375 0.03046875 0.021875
2 0.465625 0.50859375 0.03046875 0.01953125
2 0.42265625 0.503125 0.0328125 0.025
2 0.34140625 0.56875 0.03046875 0.021875
2 0.43046875 0.4859375 0.03046875 0.021875
2 0.4578125 0.48046875 0.0328125 0.0234375
2 0.44296875 0.46640625 0.0328125 0.02421875
2 0.415625 0.471875 0.03515625 0.02109375