2 0.57109375 0.4453125 0.040625 0.034375
2 0.5359375 0.4515625 0.034375 0.0296875
2 0.65078125 0.48125 0.0375 0.028125
2 0.51328125 0.4890625 0.0375 0.028125
2 0.609375 0.47421875 0.0359375 0.028125
2 0.52109375 0.584375 0.0375 0.028125
2 0.65078125 0.51640625 0.0375 0.028125
2 0.575 0.47109375 0.0359375 0.028125
2 0.54453125 0.47734375 0.034375 0.025
2 0.49765625 0.61171875 0.0359375 0.0296875
2 0.4953125 0.5328125 0.0375 0.028125
2 0.6546875 0.5515625 0.034375 0.028125
2 0.521875 0.51796875 0.034375 0.0265625
2 0.5328125 0.61796875 0.0375 0.0296875
2 0.55 0.50546875 0.034375 0.025
2 0.51171875 0.64375 0.0375 0.0296875
2 0.55625 0.59453125 0.034375 0.028125
2 0.6171875 0.59375 0.034375 0.028125
2 0.54140625 0.54296875 0.0375 0.0296875
2 0.58515625 0.6109375 0.034375 0.0296875
2 0.571875 0.52578125 0.0359375 0.028125
2 0.5484375 0.66015625 0.0375 0.03125
2 0.621875 0.62578125 0.0375 0.0265625
2 0.65390625 0.58125 0.034375 0.0296875
2 0.62109375 0.53359375 0.0359375 0.0265625
2 0.646875 0.609375 0.034375 0.028125
2 0.62109375 0.56484375 0.0375 0.028125
2 0.59765625 0.5109375 0.0328125 0.025
2 0.62109375 0.49609375 0.034375 0.025
2 0.59296875 0.5515625 0.034375 0.0265625
2 0.58828125 0.5796875 0.0328125 0.025
2 0.5578125 0.63046875 0.034375 0.0265625
2 0.57890625 0.4953125 0.0359375 0.025