2 0.80546875 0.7015625 0.01953125 0.015625
2 0.59921875 0.38515625 0.01484375 0.01328125
2 0.57265625 0.4265625 0.015625 0.0125
2 0.6328125 0.44375 0.02109375 0.015625
2 0.61953125 0.45 0.01640625 0.0125
2 0.60859375 0.459375 0.01875 0.01484375
2 0.62578125 0.4578125 0.0171875 0.01328125
2 0.62109375 0.46953125 0.01796875 0.01171875
2 0.60546875 0.471875 0.01640625 0.01171875
2 0.6875 0.440625 0.01953125 0.01640625
2 0.70546875 0.4375 0.01640625 0.0125
2 0.7171875 0.428125 0.0203125 0.01328125
2 0.72265625 0.43671875 0.01796875 0.0125
2 0.7125 0.44921875 0.01953125 0.01640625
2 0.728125 0.4546875 0.02109375 0.0140625
2 0.715625 0.46484375 0.01640625 0.0125
2 0.73203125 0.46796875 0.0171875 0.01484375
2 0.7125 0.47890625 0.02109375 0.0140625
2 0.72734375 0.48125 0.0171875 0.015625
2 0.7109375 0.490625 0.01640625 0.01328125
2 0.6953125 0.49453125 0.02109375 0.0140625
2 0.728125 0.49609375 0.01953125 0.0125
2 0.71015625 0.50234375 0.01640625 0.01328125
2 0.72265625 0.51015625 0.01640625 0.01171875
2 0.70078125 0.51484375 0.02265625 0.01328125
2 0.6734375 0.515625 0.02265625 0.0140625
2 0.62421875 0.49609375 0.01953125 0.0125
2 0.6109375 0.5015625 0.01953125 0.015625
2 0.7234375 0.52265625 0.021875 0.0140625
2 0.70546875 0.528125 0.01796875 0.01484375
2 0.690625 0.52890625 0.01953125 0.01640625
2 0.671875 0.52890625 0.025 0.01484375
2 0.66484375 0.5390625 0.01796875 0.0140625
2 0.68046875 0.54296875 0.01640625 0.0140625
2 0.69765625 0.54140625 0.01875 0.0125
2 0.6625 0.5515625 0.01953125 0.01328125
2 0.6875 0.55546875 0.021875 0.01328125
2 0.66328125 0.565625 0.0265625 0.0140625
2 0.6875 0.56640625 0.0203125 0.0125
2 0.66328125 0.57734375 0.021875 0.0140625
2 0.6796875 0.578125 0.015625 0.0125
2 0.69609375 0.57890625 0.015625 0.0125
2 0.66875 0.58984375 0.01875 0.01328125
2 0.68828125 0.59140625 0.01875 0.01328125
2 0.6453125 0.60078125 0.01796875 0.01171875
2 0.67734375 0.603125 0.0234375 0.0125
2 0.71015625 0.5875 0.01875 0.0140625
2 0.728125 0.5859375 0.01796875 0.01484375
2 0.73671875 0.57421875 0.0203125 0.01640625
2 0.70234375 0.5984375 0.01640625 0.0140625
2 0.71328125 0.60546875 0.01875 0.0171875
2 0.73984375 0.59296875 0.01953125 0.0140625
2 0.73125 0.60625 0.01796875 0.0140625
2 0.746875 0.60859375 0.01953125 0.0140625
2 0.7421875 0.6203125 0.02109375 0.01484375
2 0.7265625 0.61953125 0.01953125 0.0140625
2 0.70625 0.61953125 0.01875 0.01171875
2 0.69375 0.6109375 0.02109375 0.01328125
2 0.675 0.61640625 0.02109375 0.01484375
2 0.68984375 0.6265625 0.021875 0.01484375
2 0.69765625 0.6375 0.02109375 0.0140625
2 0.715625 0.6296875 0.0203125 0.0125
2 0.7171875 0.64140625 0.01875 0.01328125
2 0.73359375 0.634375 0.01875 0.0140625
2 0.7484375 0.63515625 0.01796875 0.0140625
2 0.70390625 0.6515625 0.021875 0.01484375
2 0.73203125 0.65 0.01953125 0.015625
2 0.7484375 0.65078125 0.02109375 0.01484375
2 0.5875 0.3953125 0.01953125 0.0140625