0 0.37578125 0.35 0.03125 0.0515625
2 0.5390625 0.325 0.04375 0.046875
2 0.54609375 0.36640625 0.040625 0.04375
2 0.51484375 0.35546875 0.0359375 0.05
2 0.50703125 0.3953125 0.03125 0.04375
2 0.5 0.315625 0.0359375 0.0546875
2 0.48203125 0.34453125 0.0375 0.0453125
2 0.47421875 0.390625 0.034375 0.053125
2 0.46484375 0.31171875 0.03125 0.05
2 0.44921875 0.36015625 0.03125 0.046875
2 0.4609375 0.2796875 0.034375 0.05
2 0.4296875 0.2828125 0.034375 0.040625
2 0.43671875 0.32109375 0.03125 0.05
2 0.41015625 0.33671875 0.034375 0.05
2 0.4234375 0.37265625 0.0296875 0.0375
2 0.4046875 0.39921875 0.03125 0.053125
2 0.375 0.41875 0.0375 0.05625
2 0.365625 0.3890625 0.034375 0.053125
2 0.39921875 0.29453125 0.0359375 0.046875
2 0.39140625 0.25546875 0.0359375 0.04375
2 0.3609375 0.2796875 0.0375 0.0515625
2 0.37109375 0.3140625 0.03125 0.04375
2 0.353125 0.23359375 0.0375 0.0546875
2 0.33125 0.2671875 0.034375 0.046875
2 0.34296875 0.3078125 0.040625 0.053125
2 0.30859375 0.29140625 0.0390625 0.0515625
2 0.315625 0.33046875 0.0359375 0.053125
2 0.34921875 0.34140625 0.040625 0.053125
2 0.33359375 0.37734375 0.034375 0.046875
2 0.34140625 0.41015625 0.0375 0.0515625
2 0.3328125 0.44921875 0.0375 0.053125
2 0.3015625 0.36953125 0.040625 0.053125
2 0.30390625 0.40390625 0.0375 0.05
2 0.29140625 0.446875 0.040625 0.053125
2 0.271875 0.38515625 0.04375 0.053125
2 0.26484375 0.425 0.0375 0.053125
2 0.23515625 0.40390625 0.0390625 0.065625