2 0.54140625 0.85546875 0.0265625 0.040625
2 0.54375 0.89296875 0.028125 0.040625
2 0.51875 0.86875 0.03125 0.0453125
2 0.5359375 0.8171875 0.028125 0.040625
2 0.51328125 0.83671875 0.03125 0.04375
2 0.48828125 0.62734375 0.028125 0.0375
2 0.52890625 0.7828125 0.028125 0.0375
2 0.5078125 0.90625 0.028125 0.040625
2 0.35625 0.27734375 0.028125 0.0375
2 0.32265625 0.265625 0.028125 0.0359375
2 0.484375 0.92578125 0.028125 0.0359375
2 0.49296875 0.66328125 0.0265625 0.0359375
2 0.48046875 0.88984375 0.028125 0.0421875
2 0.3828125 0.284375 0.028125 0.0375
2 0.24609375 0.45 0.028125 0.0375
2 0.45 0.47421875 0.028125 0.0390625
2 0.4703125 0.421875 0.025 0.0375
2 0.49765625 0.73125 0.0265625 0.040625
2 0.29921875 0.28359375 0.028125 0.0390625
2 0.259375 0.5546875 0.025 0.0375
2 0.49296875 0.6984375 0.028125 0.040625
2 0.25703125 0.721875 0.028125 0.034375
2 0.4765625 0.45703125 0.025 0.034375
2 0.26484375 0.6265625 0.0265625 0.0375
2 0.24296875 0.68828125 0.025 0.0359375
2 0.271875 0.92109375 0.028125 0.0375
2 0.34609375 0.246875 0.028125 0.034375
2 0.48125 0.559375 0.025 0.034375
2 0.478125 0.5296875 0.025 0.0359375
2 0.24296875 0.41328125 0.025 0.034375
2 0.4234375 0.3203125 0.028125 0.0375
2 0.2859375 0.36953125 0.028125 0.0375
2 0.45078125 0.39921875 0.028125 0.0375
2 0.2609375 0.66484375 0.028125 0.0375
2 0.45625 0.53828125 0.028125 0.04375
2 0.4125 0.92109375 0.028125 0.040625
2 0.36640625 0.9375 0.028125 0.0359375
2 0.4546875 0.77109375 0.0296875 0.04375
2 0.4328125 0.896875 0.0296875 0.04375
2 0.2703125 0.7484375 0.028125 0.0375
2 0.4375 0.92578125 0.0296875 0.0421875
2 0.3265625 0.3 0.028125 0.0359375
2 0.43125 0.4203125 0.028125 0.040625
2 0.446875 0.66796875 0.028125 0.040625
2 0.36875 0.51484375 0.0296875 0.040625
2 0.290625 0.6859375 0.028125 0.040625
2 0.4 0.30546875 0.028125 0.040625
2 0.340625 0.43515625 0.0296875 0.0421875
2 0.29609375 0.75546875 0.028125 0.0375
2 0.35078125 0.30859375 0.028125 0.0375
2 0.27421875 0.46328125 0.028125 0.0375
2 0.25859375 0.359375 0.0265625 0.0359375
2 0.25625 0.7734375 0.028125 0.0375
2 0.28984375 0.40546875 0.028125 0.0359375
2 0.303125 0.7953125 0.03125 0.0390625
2 0.43125 0.796875 0.0296875 0.04375
2 0.43046875 0.45703125 0.028125 0.040625
2 0.3421875 0.925 0.028125 0.0375
2 0.45234375 0.87265625 0.028125 0.040625
2 0.28828125 0.71328125 0.025 0.040625
2 0.2546875 0.4859375 0.0265625 0.0359375
2 0.28984375 0.60703125 0.028125 0.0421875
2 0.446875 0.3640625 0.025 0.034375
2 0.2515625 0.5203125 0.025 0.034375
2 0.28828125 0.85859375 0.028125 0.0375
2 0.30859375 0.5828125 0.0296875 0.04375
2 0.2765625 0.33828125 0.028125 0.034375
2 0.42734375 0.8640625 0.028125 0.04375
2 0.3734375 0.559375 0.028125 0.040625
2 0.33828125 0.39765625 0.028125 0.040625
2 0.3015625 0.47421875 0.028125 0.0390625
2 0.33828125 0.89140625 0.028125 0.0390625
2 0.4140625 0.8234375 0.0296875 0.0453125
2 0.27265625 0.8828125 0.028125 0.0390625
2 0.36171875 0.41015625 0.028125 0.040625
2 0.334375 0.67265625 0.028125 0.040625
2 0.3828125 0.91015625 0.028125 0.0421875
2 0.27578125 0.5 0.025 0.0375
2 0.38828125 0.76640625 0.0296875 0.040625
2 0.34609375 0.778125 0.028125 0.0390625
2 0.45078125 0.70078125 0.028125 0.040625
2 0.32109375 0.45234375 0.0265625 0.040625
2 0.47109375 0.68359375 0.025 0.0359375
2 0.29375 0.89765625 0.028125 0.034375
2 0.2625 0.390625 0.028125 0.034375
2 0.26171875 0.85 0.025 0.034375
2 0.40859375 0.5125 0.028125 0.040625
2 0.35625 0.3796875 0.0296875 0.040625
2 0.3546875 0.3421875 0.028125 0.0375
2 0.36875 0.784375 0.0296875 0.0453125
2 0.365625 0.75 0.0296875 0.040625
2 0.35703125 0.8609375 0.028125 0.03125
2 0.31640625 0.91484375 0.028125 0.04375
2 0.40703125 0.88828125 0.025 0.0375
2 0.45859375 0.9109375 0.021875 0.04375
2 0.4921875 0.86015625 0.0296875 0.034375
2 0.48828125 0.82578125 0.025 0.034375
2 0.5109375 0.803125 0.025 0.0359375
2 0.50546875 0.76640625 0.025 0.0421875
2 0.48671875 0.78984375 0.028125 0.0375
2 0.48046875 0.75703125 0.028125 0.0375
2 0.46328125 0.81015625 0.028125 0.040625
2 0.46953125 0.8453125 0.028125 0.0390625
2 0.44453125 0.83203125 0.03125 0.0421875
2 0.40390625 0.853125 0.0265625 0.0375
2 0.38359375 0.87421875 0.028125 0.03125
2 0.378125 0.8375 0.0265625 0.0375
2 0.359375 0.89609375 0.025 0.0390625
2 0.3125 0.871875 0.028125 0.040625
2 0.3359375 0.8453125 0.0265625 0.034375
2 0.353125 0.8265625 0.028125 0.04375
2 0.3890625 0.80625 0.025 0.034375
2 0.40859375 0.7828125 0.0265625 0.0375
2 0.43203125 0.76328125 0.025 0.034375
2 0.453125 0.74609375 0.025 0.03125
2 0.471875 0.72421875 0.0234375 0.0375
2 0.43046875 0.72734375 0.025 0.0375
2 0.41171875 0.7484375 0.025 0.0375
2 0.3875 0.73515625 0.0296875 0.0328125
2 0.40703125 0.7109375 0.028125 0.0359375
2 0.428125 0.69140625 0.028125 0.0375
2 0.42265625 0.6546875 0.028125 0.034375
2 0.44296875 0.63046875 0.025 0.034375
2 0.46796875 0.6484375 0.0265625 0.0359375
2 0.4640625 0.615625 0.025 0.0375
2 0.4859375 0.5953125 0.034375 0.040625
2 0.46171875 0.578125 0.025 0.034375
2 0.43984375 0.6046875 0.025 0.0421875
2 0.43671875 0.5671875 0.028125 0.034375
2 0.41875 0.61796875 0.025 0.040625
2 0.41953125 0.590625 0.028125 0.034375
2 0.40546875 0.6796875 0.0234375 0.040625
2 0.39765625 0.6421875 0.021875 0.0375
2 0.39296875 0.60625 0.0234375 0.0375
2 0.3796875 0.6640625 0.025 0.0375
2 0.38203125 0.6984375 0.025 0.04375
2 0.36171875 0.71953125 0.0265625 0.03125
2 0.35859375 0.6859375 0.0265625 0.040625
2 0.3375 0.7046875 0.025 0.0359375
2 0.33984375 0.74140625 0.021875 0.034375
2 0.321875 0.7640625 0.0234375 0.0359375
2 0.32890625 0.80546875 0.021875 0.0390625
2 0.3125 0.8328125 0.0234375 0.0359375
2 0.2875 0.8234375 0.025 0.034375
2 0.2609375 0.815625 0.028125 0.0375
2 0.27578125 0.78515625 0.0265625 0.0390625
2 0.28828125 0.64609375 0.025 0.034375
2 0.30859375 0.65703125 0.028125 0.03125
2 0.31171875 0.69375 0.028125 0.0390625
2 0.31328125 0.71953125 0.0296875 0.0375
2 0.33046875 0.63125 0.025 0.034375
2 0.35546875 0.6484375 0.0265625 0.034375
2 0.37265625 0.6265625 0.0265625 0.034375
2 0.353125 0.61328125 0.0296875 0.0375
2 0.33203125 0.6 0.025 0.04375
2 0.3109375 0.621875 0.025 0.040625
2 0.26640625 0.58828125 0.028125 0.040625
2 0.284375 0.56796875 0.025 0.03125
2 0.28046875 0.534375 0.0234375 0.0359375
2 0.30390625 0.54375 0.028125 0.0375
2 0.3046875 0.5078125 0.0296875 0.0359375
2 0.3265625 0.55859375 0.028125 0.040625
2 0.35 0.57734375 0.03125 0.0375
2 0.35078125 0.540625 0.028125 0.040625
2 0.3296875 0.5234375 0.0265625 0.03125
2 0.34921875 0.50234375 0.025 0.034375
2 0.32578125 0.4875 0.0265625 0.028125
2 0.34609375 0.4640625 0.025 0.0359375
2 0.36796875 0.47578125 0.025 0.034375
2 0.3890625 0.49296875 0.0234375 0.034375
2 0.41484375 0.55078125 0.025 0.0421875
2 0.39375 0.57109375 0.025 0.034375
2 0.37578125 0.59296875 0.034375 0.040625
2 0.3921875 0.53671875 0.025 0.04375
2 0.43203125 0.53046875 0.03125 0.0421875
2 0.43046875 0.49375 0.03125 0.0390625
2 0.45546875 0.5078125 0.028125 0.0390625
2 0.4765625 0.49375 0.028125 0.0375
2 0.45390625 0.44140625 0.021875 0.0375
2 0.4140625 0.475 0.025 0.034375
2 0.41171875 0.44296875 0.025 0.034375
2 0.390625 0.4609375 0.028125 0.034375
2 0.38515625 0.428125 0.028125 0.0375
2 0.36640625 0.44453125 0.0296875 0.0390625
2 0.4109375 0.4078125 0.03125 0.0375
2 0.42734375 0.38671875 0.028125 0.03125
2 0.4203125 0.35546875 0.0234375 0.0359375
2 0.4046875 0.37578125 0.025 0.04375
2 0.3859375 0.39140625 0.028125 0.0375
2 0.38203125 0.35859375 0.025 0.040625
2 0.4 0.3375 0.028125 0.0359375
2 0.3796875 0.31953125 0.028125 0.0421875
2 0.33359375 0.36796875 0.025 0.0375
2 0.33046875 0.3359375 0.025 0.034375
2 0.3109375 0.353125 0.028125 0.0375
2 0.30234375 0.3171875 0.028125 0.0375
2 0.31796875 0.4203125 0.028125 0.0390625
2 0.31484375 0.38125 0.0296875 0.04375
2 0.2984375 0.440625 0.028125 0.0375
2 0.271875 0.42734375 0.0296875 0.0375