2 0.50234375 0.4375 0.028125 0.0390625
2 0.47890625 0.434375 0.028125 0.040625
2 0.4875 0.46640625 0.025 0.0375
2 0.4609375 0.4140625 0.028125 0.04375
2 0.43828125 0.40859375 0.03125 0.04375
2 0.41640625 0.39453125 0.028125 0.0421875
2 0.39296875 0.38828125 0.03125 0.0421875
2 0.34921875 0.40703125 0.0296875 0.040625
2 0.3234375 0.40546875 0.0296875 0.040625
2 0.29140625 0.41328125 0.034375 0.04375
2 0.28515625 0.4515625 0.03125 0.0421875
2 0.28984375 0.4859375 0.0328125 0.04375
2 0.3015625 0.51796875 0.034375 0.04375
2 0.325 0.5140625 0.03125 0.040625
2 0.325 0.55 0.03125 0.040625
2 0.35078125 0.55 0.034375 0.040625
2 0.375 0.56015625 0.0265625 0.0375
2 0.40390625 0.60390625 0.0296875 0.0375
2 0.42734375 0.61875 0.028125 0.0375
2 0.45234375 0.62109375 0.028125 0.0375
2 0.4671875 0.5921875 0.0265625 0.04375
2 0.48515625 0.56484375 0.025 0.0390625
2 0.47890625 0.52734375 0.028125 0.040625
2 0.4734375 0.49765625 0.028125 0.040625
0 0.45859375 0.453125 0.025 0.040625
0 0.4265625 0.45546875 0.028125 0.0375
0 0.43515625 0.49140625 0.025 0.0375
0 0.4421875 0.5171875 0.025 0.034375
0 0.45234375 0.55 0.025 0.034375
0 0.42890625 0.55078125 0.028125 0.0328125
0 0.4328125 0.58125 0.028125 0.0375
0 0.4203125 0.51796875 0.0234375 0.0328125
0 0.403125 0.5515625 0.025 0.034375
0 0.396875 0.51328125 0.0296875 0.040625
0 0.4125 0.4859375 0.025 0.0359375
0 0.3984375 0.4453125 0.028125 0.0375
0 0.390625 0.4734375 0.028125 0.0375
0 0.37890625 0.43125 0.028125 0.034375
0 0.36640625 0.4609375 0.028125 0.034375
0 0.37265625 0.50546875 0.025 0.040625
0 0.35078125 0.48984375 0.028125 0.0375
0 0.34921875 0.4421875 0.028125 0.040625
0 0.3296875 0.4578125 0.03125 0.0390625