2 0.334375 0.440625 0.05078125 0.04140625
2 0.3078125 0.46953125 0.04921875 0.0359375
2 0.34921875 0.4734375 0.0515625 0.034375
2 0.37734375 0.446875 0.04765625 0.0375
2 0.3953125 0.47265625 0.05 0.0390625
2 0.37578125 0.50234375 0.04921875 0.03984375
2 0.35703125 0.5328125 0.053125 0.0421875
2 0.39921875 0.534375 0.04921875 0.03359375
2 0.41953125 0.50859375 0.04921875 0.03984375
2 0.4390625 0.48203125 0.05 0.034375
2 0.46796875 0.5046875 0.0515625 0.04140625
2 0.45 0.5328125 0.05234375 0.03671875
2 0.49453125 0.5390625 0.04453125 0.03671875
2 0.47265625 0.5625 0.0484375 0.03515625
2 0.5171875 0.5671875 0.05546875 0.0375
2 0.49765625 0.59140625 0.04921875 0.0375
2 0.4328125 0.56171875 0.0453125 0.03515625
2 0.384375 0.56640625 0.053125 0.0421875
2 0.40703125 0.59375 0.0484375 0.03828125
2 0.44921875 0.590625 0.05 0.04140625
2 0.41875 0.628125 0.05625 0.0453125
2 0.4625 0.62734375 0.0515625 0.04140625