2 0.3578125 0.67890625 0.046875 0.0375
2 0.4359375 0.67578125 0.040625 0.03125
2 0.57421875 0.7390625 0.04375 0.034375
2 0.58125 0.8359375 0.04375 0.0359375
2 0.4609375 0.7625 0.04375 0.0328125
2 0.5953125 0.87265625 0.046875 0.0390625
2 0.49921875 0.83828125 0.04375 0.034375
2 0.40078125 0.81171875 0.040625 0.034375
2 0.5328125 0.75 0.046875 0.034375
2 0.48203125 0.7890625 0.0421875 0.03125
2 0.4390625 0.734375 0.0375 0.0296875
2 0.5578125 0.80625 0.04375 0.034375
2 0.42890625 0.83515625 0.046875 0.034375
2 0.46796875 0.86875 0.04375 0.0359375
2 0.4796875 0.72734375 0.0375 0.03125
2 0.384375 0.70703125 0.0390625 0.03125
2 0.39921875 0.68046875 0.0375 0.0328125
2 0.38203125 0.77578125 0.040625 0.0328125
2 0.4015625 0.73359375 0.0375 0.03125
2 0.50703125 0.878125 0.04375 0.0375
2 0.45859375 0.703125 0.0359375 0.03125
2 0.52265625 0.77890625 0.0421875 0.0328125
2 0.41640625 0.7609375 0.0375 0.03125
2 0.4203125 0.70703125 0.0375 0.03125
2 0.55078125 0.87890625 0.04375 0.0390625
2 0.43984375 0.790625 0.0390625 0.034375
2 0.54140625 0.8421875 0.040625 0.0328125
2 0.515625 0.81171875 0.0421875 0.03125
2 0.49453125 0.75703125 0.03125 0.03125