2 0.57734375 0.68046875 0.021875 0.03125
2 0.5640625 0.64921875 0.021875 0.0265625
2 0.56015625 0.6921875 0.021875 0.0296875
2 0.559375 0.66953125 0.01875 0.025
2 0.54453125 0.6796875 0.021875 0.028125
2 0.54453125 0.65546875 0.01875 0.025
2 0.53125 0.659375 0.021875 0.028125
2 0.528125 0.68203125 0.01875 0.028125
2 0.51484375 0.6953125 0.021875 0.03125
2 0.5140625 0.67421875 0.01875 0.028125
2 0.51953125 0.6453125 0.01875 0.028125
2 0.49921875 0.66484375 0.0203125 0.025
2 0.5015625 0.6421875 0.021875 0.03125
2 0.5 0.62109375 0.021875 0.025
2 0.4859375 0.63359375 0.0203125 0.03125
2 0.484375 0.61015625 0.01875 0.028125
2 0.4703125 0.59921875 0.021875 0.03125
2 0.45625 0.59296875 0.01875 0.0328125
2 0.44453125 0.6109375 0.021875 0.028125
2 0.440625 0.5890625 0.021875 0.0296875
2 0.42734375 0.56640625 0.025 0.03125
2 0.41796875 0.5875 0.025 0.028125
2 0.41328125 0.5609375 0.0234375 0.028125
2 0.4125 0.53203125 0.025 0.0328125
2 0.403125 0.57890625 0.01875 0.03125
2 0.3921875 0.5984375 0.021875 0.028125
2 0.378125 0.6125 0.021875 0.028125
2 0.36796875 0.5953125 0.021875 0.025
2 0.38515625 0.57734375 0.021875 0.028125
2 0.396875 0.559375 0.01875 0.025
2 0.396875 0.52734375 0.01875 0.0265625
2 0.3859375 0.5109375 0.0234375 0.03125
2 0.35234375 0.56484375 0.0265625 0.028125
0 0.37578125 0.56875 0.0234375 0.028125
0 0.38671875 0.54921875 0.0171875 0.028125
0 0.371875 0.54296875 0.0234375 0.0265625
0 0.38046875 0.52421875 0.01875 0.025
0 0.36796875 0.51875 0.01875 0.03125
0 0.3546875 0.53203125 0.01875 0.021875
0 0.33515625 0.47734375 0.01875 0.028125
0 0.31796875 0.4734375 0.0203125 0.03125
0 0.30234375 0.47109375 0.01875 0.028125
2 0.3296875 0.5421875 0.0234375 0.0328125
2 0.340625 0.515625 0.021875 0.03125
2 0.35546875 0.496875 0.021875 0.028125
2 0.34453125 0.4796875 0.0171875 0.028125
2 0.3234375 0.5171875 0.01875 0.028125
2 0.33359375 0.49765625 0.01875 0.021875
2 0.31171875 0.53359375 0.01875 0.028125
2 0.30625 0.5125 0.01875 0.0296875
2 0.29453125 0.53046875 0.01875 0.034375
2 0.31796875 0.49453125 0.01875 0.025
2 0.3015625 0.4921875 0.0203125 0.025
2 0.28984375 0.5109375 0.01875 0.03125
2 0.28203125 0.48984375 0.01875 0.028125
2 0.2734375 0.51328125 0.021875 0.03125
2 0.3015625 0.45 0.021875 0.028125
2 0.2796875 0.46484375 0.0234375 0.03125
2 0.28671875 0.4390625 0.01875 0.028125
2 0.2734375 0.43046875 0.01875 0.03125
2 0.2609375 0.42265625 0.021875 0.034375
2 0.24609375 0.4078125 0.0203125 0.03125
2 0.23125 0.39765625 0.021875 0.028125
2 0.21875 0.38671875 0.021875 0.028125
2 0.20234375 0.37421875 0.01875 0.028125
2 0.1859375 0.36953125 0.021875 0.03125
2 0.26484375 0.45390625 0.0203125 0.0296875
2 0.25078125 0.44765625 0.021875 0.028125
2 0.2421875 0.42890625 0.01875 0.0328125
2 0.22578125 0.42109375 0.021875 0.034375
2 0.21015625 0.409375 0.0203125 0.028125
2 0.1953125 0.40703125 0.01875 0.03125
2 0.1796875 0.39921875 0.021875 0.028125
2 0.2671875 0.4875 0.0203125 0.03125
2 0.25390625 0.47265625 0.01875 0.03125
2 0.23671875 0.46875 0.021875 0.025
2 0.2296875 0.446875 0.021875 0.0328125
2 0.215625 0.4421875 0.021875 0.03125
2 0.19921875 0.43125 0.021875 0.03125
2 0.18203125 0.4265625 0.021875 0.03125
2 0.16640625 0.4203125 0.0203125 0.03125
2 0.2515625 0.50625 0.0203125 0.03125
2 0.240625 0.49140625 0.021875 0.03125
2 0.2234375 0.4875 0.01875 0.03125
2 0.21875 0.4671875 0.021875 0.03125
2 0.2046875 0.48515625 0.0234375 0.03125
2 0.2 0.4625 0.021875 0.034375
2 0.1859375 0.45078125 0.0234375 0.0375
2 0.16875 0.44140625 0.0203125 0.03125
2 0.1515625 0.43828125 0.021875 0.03125
2 0.159375 0.396875 0.021875 0.028125
2 0.1734375 0.378125 0.0234375 0.03125
2 0.1765625 0.3546875 0.021875 0.028125
2 0.1625 0.346875 0.01875 0.028125
2 0.15625 0.3734375 0.021875 0.03125
2 0.14609375 0.4140625 0.0234375 0.03125
2 0.13125 0.42734375 0.01875 0.0328125
2 0.1140625 0.4234375 0.025 0.0328125
2 0.1265625 0.4015625 0.021875 0.028125
2 0.14140625 0.3890625 0.021875 0.025
2 0.128125 0.378125 0.021875 0.03125
2 0.11015625 0.3953125 0.021875 0.03125
2 0.146875 0.35703125 0.01875 0.03125
2 0.14375 0.33046875 0.025 0.034375
2 0.1296875 0.35234375 0.021875 0.03125
2 0.10859375 0.36328125 0.021875 0.0375
2 0.09296875 0.37734375 0.021875 0.034375
2 0.09609375 0.3515625 0.0234375 0.03125
2 0.07890625 0.33515625 0.021875 0.034375
2 0.1125 0.3390625 0.01875 0.034375
2 0.09765625 0.32578125 0.025 0.03125
2 0.08359375 0.3109375 0.021875 0.034375
2 0.12265625 0.3171875 0.021875 0.03125
2 0.1078125 0.303125 0.0203125 0.0375
2 0.09140625 0.28515625 0.021875 0.03125