2 0.2734375 0.70390625 0.05 0.06875
2 0.61640625 0.45546875 0.03125 0.0453125
2 0.609375 0.4828125 0.028125 0.0328125
2 0.5921875 0.4765625 0.0296875 0.0375
2 0.50390625 0.45703125 0.028125 0.040625
2 0.4859375 0.47890625 0.0265625 0.040625
2 0.4765625 0.45078125 0.025 0.040625
2 0.46015625 0.4296875 0.028125 0.040625
2 0.4390625 0.44140625 0.028125 0.0375
2 0.41484375 0.4265625 0.028125 0.0375
2 0.38828125 0.4125 0.03125 0.0421875
2 0.40625 0.390625 0.03125 0.040625
2 0.40390625 0.3546875 0.028125 0.0421875
2 0.42109375 0.32578125 0.025 0.0421875
2 0.396875 0.31875 0.03125 0.0375
2 0.384375 0.28671875 0.0328125 0.046875
2 0.40546875 0.2890625 0.028125 0.0375
2 0.43046875 0.265625 0.028125 0.04375
2 0.43046875 0.29765625 0.0265625 0.040625
2 0.446875 0.2875 0.0296875 0.034375
2 0.46171875 0.27109375 0.028125 0.04375
2 0.484375 0.25625 0.03125 0.04375
2 0.50234375 0.2859375 0.028125 0.0375
2 0.4828125 0.29765625 0.034375 0.0390625
2 0.4671875 0.325 0.0328125 0.0359375
2 0.45234375 0.34765625 0.028125 0.040625
2 0.43203125 0.36171875 0.03125 0.04375
2 0.43359375 0.39921875 0.034375 0.04375
2 0.4546875 0.384375 0.028125 0.034375
2 0.46953125 0.3625 0.0265625 0.04375
2 0.4875 0.33828125 0.025 0.040625
2 0.50859375 0.3234375 0.028125 0.0328125
2 0.5265625 0.3515625 0.0265625 0.0375
2 0.51953125 0.38125 0.028125 0.034375
2 0.51328125 0.4125 0.028125 0.028125
2 0.4921875 0.42734375 0.025 0.0375
0 0.49453125 0.39453125 0.0296875 0.040625
0 0.50234375 0.3578125 0.025 0.0359375