2 0.5 0.51796875 0.0140625 0.0125
2 0.515625 0.51953125 0.015625 0.0125
2 0.5296875 0.5171875 0.015625 0.0125
2 0.54375 0.52421875 0.01875 0.0125
2 0.55859375 0.53046875 0.015625 0.0125
2 0.54375 0.534375 0.0140625 0.0109375
2 0.5296875 0.5265625 0.015625 0.0109375
2 0.52265625 0.5359375 0.015625 0.0109375
2 0.509375 0.52890625 0.01875 0.0125
2 0.496875 0.534375 0.0140625 0.0125
2 0.51015625 0.53828125 0.0171875 0.0109375
2 0.5359375 0.5421875 0.015625 0.0125
2 0.55859375 0.5421875 0.015625 0.0125
2 0.54765625 0.54921875 0.0140625 0.0109375
2 0.53671875 0.5546875 0.015625 0.0109375
2 0.52421875 0.546875 0.0125 0.0109375
2 0.5109375 0.55 0.0171875 0.0109375
2 0.521875 0.5578125 0.015625 0.0125
2 0.50625 0.5578125 0.01875 0.0125
2 0.5125 0.56640625 0.01875 0.0140625
2 0.58203125 0.55 0.015625 0.0109375
2 0.56875 0.5546875 0.015625 0.009375
2 0.55859375 0.559375 0.015625 0.0125
2 0.575 0.56171875 0.01875 0.0125
2 0.54140625 0.565625 0.015625 0.0125
2 0.53046875 0.571875 0.015625 0.0125
2 0.52109375 0.58046875 0.015625 0.0125
2 0.5671875 0.5703125 0.0171875 0.009375
2 0.56875 0.57890625 0.0171875 0.0109375
2 0.55390625 0.575 0.015625 0.0125
2 0.55546875 0.58515625 0.0171875 0.0125
2 0.540625 0.58203125 0.015625 0.0125
2 0.54453125 0.59375 0.01875 0.0125
2 0.559375 0.59609375 0.01875 0.0125
2 0.52734375 0.590625 0.015625 0.0125
2 0.53359375 0.60234375 0.01875 0.0125
2 0.55078125 0.60546875 0.0203125 0.0140625