2 0.33359375 0.30859375 0.0171875 0.028125
2 0.34921875 0.30546875 0.01875 0.028125
2 0.36328125 0.2921875 0.01875 0.025
2 0.3609375 0.2703125 0.0171875 0.028125
2 0.3484375 0.28125 0.01875 0.028125
2 0.3328125 0.28515625 0.021875 0.025
2 0.35703125 0.24765625 0.01875 0.025
2 0.34453125 0.25859375 0.01875 0.025
2 0.33046875 0.26328125 0.015625 0.021875
2 0.34296875 0.2359375 0.01875 0.025
2 0.32734375 0.240625 0.01875 0.028125
2 0.3578125 0.22578125 0.01875 0.025
2 0.36640625 0.20859375 0.0203125 0.028125
2 0.35 0.196875 0.021875 0.025
2 0.34609375 0.215625 0.01875 0.025
2 0.32890625 0.21484375 0.01875 0.028125
0 0.55 0.28359375 0.01875 0.03125
0 0.53828125 0.265625 0.01875 0.025
0 0.54453125 0.240625 0.01875 0.028125
0 0.534375 0.225 0.015625 0.025
0 0.52421875 0.2359375 0.01875 0.025
0 0.53203125 0.253125 0.01875 0.025
0 0.5171875 0.26015625 0.0171875 0.025
2 0.5109375 0.15 0.021875 0.028125
2 0.5296875 0.1640625 0.021875 0.0265625
2 0.5328125 0.1453125 0.01875 0.025
2 0.52265625 0.1859375 0.01875 0.025
2 0.54140625 0.18203125 0.015625 0.021875
2 0.55 0.19765625 0.01875 0.0265625
2 0.55859375 0.21640625 0.015625 0.025
2 0.571875 0.2296875 0.01875 0.028125
2 0.56640625 0.2546875 0.01875 0.0234375
2 0.55703125 0.23671875 0.0125 0.025
2 0.53515625 0.2046875 0.015625 0.025
2 0.51796875 0.21015625 0.021875 0.03125
2 0.50234375 0.2734375 0.0203125 0.025
2 0.5 0.296875 0.0171875 0.025
2 0.5140625 0.29375 0.01875 0.025
2 0.52109375 0.27265625 0.015625 0.021875
2 0.53125 0.28515625 0.0203125 0.025
2 0.5265625 0.30703125 0.0171875 0.0203125
2 0.5578125 0.3 0.0125 0.0203125
2 0.54375 0.30078125 0.0203125 0.025
2 0.5515625 0.31796875 0.0171875 0.021875
2 0.54765625 0.34140625 0.01875 0.028125
2 0.5375 0.321875 0.0171875 0.025
2 0.5296875 0.3390625 0.01875 0.025
2 0.53671875 0.35859375 0.01875 0.028125
2 0.5234375 0.36796875 0.0171875 0.03125
2 0.51015625 0.38125 0.01875 0.025
2 0.5171875 0.34921875 0.015625 0.028125
2 0.50625 0.3609375 0.015625 0.025
2 0.48984375 0.3671875 0.015625 0.03125
2 0.503125 0.33984375 0.01875 0.028125
2 0.5 0.315625 0.0171875 0.025
2 0.5171875 0.321875 0.01875 0.03125
2 0.20234375 0.378125 0.025 0.025
2 0.19453125 0.39921875 0.025 0.025
2 0.203125 0.42265625 0.0203125 0.025
2 0.1859375 0.42578125 0.0203125 0.028125
2 0.1984375 0.44296875 0.021875 0.028125
2 0.19296875 0.46640625 0.0234375 0.0265625
2 0.18125 0.4484375 0.0234375 0.028125
2 0.1671875 0.43125 0.021875 0.028125
2 0.16171875 0.45234375 0.021875 0.025
2 0.17421875 0.46953125 0.01875 0.025
2 0.1875 0.4859375 0.021875 0.0265625
2 0.16796875 0.4921875 0.01875 0.025
2 0.1578125 0.475 0.01875 0.028125
2 0.1421875 0.4578125 0.021875 0.03125
2 0.13984375 0.47890625 0.01875 0.025
2 0.121875 0.48203125 0.025 0.0296875
2 0.13203125 0.50546875 0.01875 0.0265625
2 0.15078125 0.49609375 0.021875 0.025
2 0.1453125 0.51953125 0.0203125 0.025
2 0.16328125 0.515625 0.021875 0.028125
2 0.18125 0.50859375 0.021875 0.028125
2 0.19296875 0.52578125 0.01875 0.028125
2 0.1765625 0.53125 0.01875 0.028125
2 0.18125 0.553125 0.021875 0.0296875
2 0.15859375 0.53828125 0.0203125 0.028125
2 0.140625 0.53828125 0.01875 0.0265625
2 0.12890625 0.55078125 0.0203125 0.025
2 0.12578125 0.52578125 0.021875 0.028125
2 0.11796875 0.5109375 0.01875 0.028125