2 0.521875 0.55703125 0.028125 0.034375
2 0.53515625 0.5328125 0.025 0.0328125
2 0.54375 0.56640625 0.021875 0.034375
2 0.53046875 0.503125 0.025 0.034375
2 0.553125 0.51171875 0.025 0.0328125
2 0.55703125 0.54140625 0.025 0.0375
2 0.575 0.5640625 0.028125 0.034375
2 0.5765625 0.5234375 0.025 0.034375
2 0.59453125 0.54453125 0.025 0.03125
2 0.54453125 0.47734375 0.025 0.034375
2 0.56640625 0.4875 0.025 0.03125
2 0.58828125 0.49921875 0.0234375 0.028125
2 0.60625 0.5171875 0.021875 0.03125
2 0.62265625 0.5375 0.025 0.034375
2 0.5984375 0.47265625 0.025 0.034375
2 0.57734375 0.46015625 0.025 0.034375
2 0.55625 0.453125 0.025 0.03125
2 0.61484375 0.49375 0.025 0.028125
2 0.63359375 0.51015625 0.021875 0.03125
2 0.565625 0.428125 0.025 0.03125
2 0.5890625 0.43515625 0.025 0.0296875
2 0.60703125 0.45078125 0.0265625 0.034375
2 0.6265625 0.46953125 0.021875 0.034375
2 0.64609375 0.48828125 0.025 0.03125
2 0.66484375 0.50234375 0.021875 0.028125
2 0.6546875 0.5265625 0.0234375 0.0328125
2 0.68828125 0.50390625 0.025 0.034375
2 0.57109375 0.39765625 0.021875 0.034375
2 0.59296875 0.40546875 0.021875 0.034375
2 0.61015625 0.421875 0.021875 0.03125
2 0.62890625 0.44140625 0.025 0.0328125
2 0.64609375 0.45625 0.021875 0.03125
2 0.665625 0.4703125 0.0234375 0.034375
2 0.68828125 0.47265625 0.025 0.0328125
2 0.70859375 0.4828125 0.021875 0.03125
2 0.57265625 0.3640625 0.025 0.034375
2 0.59453125 0.37421875 0.0234375 0.028125
2 0.6125 0.38984375 0.025 0.0296875
2 0.63046875 0.4078125 0.021875 0.03125
2 0.64765625 0.42421875 0.025 0.0328125
2 0.66875 0.43984375 0.025 0.028125
2 0.68984375 0.4421875 0.021875 0.0328125
2 0.71015625 0.45078125 0.0234375 0.0328125
2 0.73046875 0.46484375 0.021875 0.034375
2 0.6046875 0.34375 0.025 0.034375
2 0.62109375 0.36015625 0.0203125 0.03125
2 0.63828125 0.384375 0.021875 0.0296875
2 0.65546875 0.403125 0.01875 0.028125
2 0.67421875 0.4109375 0.025 0.03125
2 0.69609375 0.4140625 0.025 0.03125
2 0.73984375 0.41875 0.01875 0.034375
2 0.71875 0.42109375 0.025 0.034375
2 0.6234375 0.3296875 0.025 0.0359375
2 0.64296875 0.35 0.0234375 0.0421875
2 0.659375 0.3703125 0.0234375 0.034375
2 0.67890625 0.38515625 0.0234375 0.0328125
2 0.653125 0.325 0.021875 0.0328125
2 0.63671875 0.30625 0.025 0.034375
2 0.65859375 0.29296875 0.025 0.0328125
2 0.675 0.31484375 0.01875 0.028125
2 0.6671875 0.34296875 0.025 0.03125
2 0.6875 0.3546875 0.021875 0.0296875
2 0.70078125 0.3828125 0.0203125 0.03125
2 0.72265625 0.38515625 0.025 0.0328125
2 0.70859375 0.35078125 0.0234375 0.0359375
2 0.73125 0.35703125 0.025 0.0328125
2 0.69453125 0.328125 0.025 0.028125
2 0.68125 0.284375 0.021875 0.0375
2 0.70078125 0.29609375 0.025 0.03125
2 0.71171875 0.26953125 0.025 0.034375
2 0.7265625 0.290625 0.025 0.034375
2 0.71640625 0.31875 0.025 0.03125