0 0.20078125 0.6359375 0.021875 0.0171875
0 0.19140625 0.65234375 0.0265625 0.01875
0 0.17578125 0.6671875 0.021875 0.01875
0 0.19765625 0.66875 0.025 0.01875
0 0.2109375 0.653125 0.0234375 0.021875
0 0.21875 0.63671875 0.0265625 0.01875
0 0.240625 0.63828125 0.028125 0.01875
0 0.23125 0.65234375 0.021875 0.01875
0 0.23984375 0.66484375 0.021875 0.021875
0 0.21484375 0.6703125 0.0265625 0.0171875
0 0.25234375 0.653125 0.021875 0.01875
0 0.2640625 0.63828125 0.025 0.01875
0 0.27578125 0.65234375 0.021875 0.01875
0 0.26875 0.66640625 0.028125 0.01875
0 0.29296875 0.6421875 0.028125 0.01875
0 0.31328125 0.6390625 0.025 0.0171875
0 0.2875 0.659375 0.021875 0.021875
0 0.309375 0.6640625 0.025 0.01875
0 0.29453125 0.6765625 0.03125 0.01875
0 0.3171875 0.678125 0.025 0.01875
0 0.334375 0.66796875 0.0234375 0.0203125
0 0.3234375 0.65390625 0.021875 0.01875
0 0.3421875 0.6546875 0.021875 0.01875
0 0.3390625 0.63828125 0.0234375 0.0171875
0 0.35546875 0.63984375 0.021875 0.01875
0 0.34765625 0.62265625 0.0234375 0.0203125
0 0.36484375 0.625 0.025 0.01875
0 0.390625 0.62578125 0.025 0.025
0 0.409375 0.62734375 0.0234375 0.01875
0 0.4296875 0.63046875 0.028125 0.01875
0 0.396875 0.63984375 0.0234375 0.01875
0 0.41796875 0.64375 0.021875 0.01875
0 0.3765625 0.6484375 0.03125 0.01875
0 0.36328125 0.6640625 0.034375 0.01875
0 0.38671875 0.66328125 0.025 0.01875
0 0.403125 0.65546875 0.021875 0.01875
0 0.35546875 0.67734375 0.025 0.0125
0 0.375 0.6796875 0.0234375 0.015625
0 0.34453125 0.69609375 0.021875 0.01875
0 0.36328125 0.69453125 0.028125 0.015625
0 0.38046875 0.70234375 0.03125 0.01875
0 0.39375 0.68828125 0.0296875 0.0203125
0 0.4015625 0.67109375 0.021875 0.021875
0 0.42265625 0.66796875 0.0234375 0.021875
0 0.434375 0.65 0.0234375 0.021875
0 0.44609375 0.63671875 0.021875 0.0203125
0 0.46640625 0.6359375 0.021875 0.01875
0 0.4765625 0.62109375 0.025 0.01875
0 0.49765625 0.62109375 0.0234375 0.021875
0 0.5171875 0.61953125 0.028125 0.01875
0 0.53671875 0.62265625 0.028125 0.0203125
0 0.55390625 0.62109375 0.0234375 0.01875
0 0.57734375 0.62265625 0.028125 0.015625
0 0.6125 0.6203125 0.0234375 0.01875
0 0.63359375 0.6203125 0.03125 0.021875
0 0.65859375 0.62578125 0.025 0.015625
0 0.68515625 0.61171875 0.0234375 0.01875
0 0.70859375 0.6140625 0.028125 0.01875
0 0.6796875 0.62578125 0.021875 0.0171875
0 0.6953125 0.63046875 0.021875 0.0171875
0 0.71484375 0.63046875 0.025 0.01875
0 0.7375 0.63125 0.028125 0.01875
0 0.7546875 0.6328125 0.0203125 0.0171875
0 0.76953125 0.6234375 0.028125 0.01875
0 0.484375 0.63671875 0.0265625 0.01875
0 0.5046875 0.6359375 0.0265625 0.01875
0 0.52265625 0.6359375 0.025 0.0171875
0 0.54296875 0.63828125 0.0203125 0.01875
0 0.5609375 0.6375 0.021875 0.021875
0 0.5828125 0.6375 0.028125 0.0203125
0 0.60234375 0.63984375 0.021875 0.01875
0 0.62421875 0.63828125 0.0265625 0.021875
0 0.6453125 0.6390625 0.025 0.01875
0 0.6625 0.6421875 0.021875 0.01875
0 0.68046875 0.64375 0.021875 0.015625
0 0.45625 0.65 0.025 0.021875
0 0.47734375 0.65234375 0.021875 0.01875
0 0.49609375 0.653125 0.021875 0.01875
0 0.51875 0.653125 0.028125 0.01875
0 0.553125 0.65234375 0.01875 0.015625
0 0.57265625 0.653125 0.0234375 0.01875
0 0.59140625 0.65390625 0.0234375 0.01875
0 0.6125 0.65390625 0.025 0.01875
0 0.63203125 0.6546875 0.025 0.021875
0 0.6515625 0.653125 0.025 0.01875
0 0.67421875 0.66015625 0.021875 0.021875
0 0.69609375 0.65859375 0.0203125 0.0171875
0 0.7140625 0.659375 0.0234375 0.021875
0 0.7 0.64140625 0.028125 0.021875
0 0.74140625 0.64375 0.0234375 0.021875
0 0.72109375 0.6453125 0.025 0.021875
0 0.76171875 0.646875 0.021875 0.021875
0 0.7765625 0.63515625 0.0234375 0.01875
0 0.80078125 0.63515625 0.0296875 0.01875
0 0.78828125 0.6515625 0.0234375 0.0203125
0 0.81015625 0.65078125 0.0265625 0.01875
0 0.81015625 0.66640625 0.028125 0.01875
0 0.790625 0.67109375 0.021875 0.0171875
0 0.775 0.66015625 0.021875 0.01875
0 0.75546875 0.6609375 0.021875 0.015625
0 0.734375 0.65859375 0.025 0.015625
0 0.8328125 0.66484375 0.0234375 0.015625
0 0.84140625 0.68203125 0.021875 0.01875
0 0.825 0.68359375 0.025 0.01875
0 0.803125 0.684375 0.021875 0.01875
0 0.78203125 0.6859375 0.025 0.0171875
0 0.76640625 0.6765625 0.025 0.01875
0 0.74609375 0.675 0.028125 0.0171875
0 0.725 0.67578125 0.021875 0.01875
0 0.70625 0.67734375 0.025 0.01875
0 0.6875 0.68125 0.021875 0.01875
0 0.671875 0.68203125 0.0234375 0.01875
0 0.65703125 0.66953125 0.0203125 0.01875
0 0.63984375 0.67578125 0.025 0.01875
0 0.62421875 0.67109375 0.025 0.01875
0 0.60546875 0.6703125 0.021875 0.0171875
0 0.58359375 0.66875 0.021875 0.015625
0 0.8578125 0.69453125 0.0234375 0.0203125
0 0.83515625 0.70078125 0.028125 0.01875
0 0.85859375 0.71328125 0.0296875 0.01875
0 0.853125 0.72890625 0.028125 0.01875
0 0.8296875 0.71796875 0.03125 0.0171875
0 0.83125 0.73515625 0.028125 0.01875
0 0.81171875 0.72734375 0.021875 0.015625
0 0.80546875 0.71484375 0.0203125 0.015625
0 0.81640625 0.70078125 0.0203125 0.0171875
0 0.79375 0.6984375 0.025 0.015625
0 0.78671875 0.7109375 0.025 0.015625
0 0.79296875 0.72578125 0.025 0.01875
0 0.7734375 0.7265625 0.021875 0.015625
0 0.7625 0.71328125 0.025 0.0171875
0 0.76875 0.6984375 0.025 0.0203125
0 0.7546875 0.69140625 0.028125 0.01875
0 0.7234375 0.6953125 0.025 0.01875
0 0.74296875 0.70390625 0.028125 0.0171875
0 0.72578125 0.71484375 0.021875 0.01875
0 0.7453125 0.72109375 0.028125 0.01875
0 0.72421875 0.7296875 0.028125 0.015625
0 0.703125 0.71328125 0.021875 0.01875
0 0.7015625 0.69609375 0.021875 0.01875
0 0.684375 0.69765625 0.0234375 0.0171875
0 0.665625 0.70234375 0.028125 0.0171875
0 0.6546875 0.6890625 0.025 0.01875
0 0.678125 0.715625 0.028125 0.01875
0 0.68515625 0.73046875 0.028125 0.01875
0 0.66484375 0.728125 0.021875 0.0125
0 0.653125 0.71796875 0.0265625 0.01875
0 0.64296875 0.7015625 0.0265625 0.0171875
0 0.63125 0.6875 0.025 0.01875
0 0.6125 0.68671875 0.021875 0.01875
0 0.59296875 0.6859375 0.0265625 0.0203125
0 0.571875 0.6875 0.028125 0.021875
0 0.56171875 0.66796875 0.025 0.0171875
0 0.54296875 0.66796875 0.021875 0.01875
0 0.521875 0.6671875 0.01875 0.01875
0 0.50546875 0.66875 0.025 0.01875
0 0.48515625 0.66875 0.025 0.01875
0 0.4671875 0.66953125 0.025 0.0171875
0 0.44609375 0.66796875 0.025 0.01875
0 0.415625 0.684375 0.025 0.01875
0 0.43515625 0.68515625 0.025 0.01875
0 0.45859375 0.68515625 0.021875 0.021875
0 0.47421875 0.6859375 0.021875 0.01875
0 0.4921875 0.68515625 0.025 0.021875
0 0.5140625 0.68515625 0.025 0.021875
0 0.5328125 0.6859375 0.0203125 0.01875
0 0.55078125 0.684375 0.025 0.015625
0 0.4046875 0.70078125 0.021875 0.0171875
0 0.42578125 0.70078125 0.021875 0.0171875
0 0.44453125 0.7 0.021875 0.01875
0 0.46640625 0.703125 0.028125 0.01875
0 0.48671875 0.7015625 0.025 0.015625
0 0.5046875 0.7015625 0.021875 0.01875
0 0.5234375 0.70234375 0.021875 0.0203125
0 0.54296875 0.7015625 0.021875 0.021875
0 0.56171875 0.7015625 0.021875 0.0203125
0 0.58359375 0.703125 0.0234375 0.01875
0 0.603125 0.703125 0.021875 0.01875
0 0.62265625 0.7046875 0.021875 0.01875
0 0.3890625 0.71640625 0.025 0.0171875
0 0.4140625 0.71640625 0.0265625 0.01875
0 0.4 0.7296875 0.0203125 0.0171875
0 0.42109375 0.734375 0.0265625 0.021875
0 0.4328125 0.7171875 0.021875 0.021875
0 0.45546875 0.71796875 0.025 0.021875
0 0.440625 0.7359375 0.021875 0.01875
0 0.46328125 0.73671875 0.025 0.01875
0 0.4734375 0.71875 0.01875 0.01875
0 0.49375 0.71796875 0.028125 0.0203125
0 0.48671875 0.734375 0.0265625 0.01875
0 0.51484375 0.71953125 0.0234375 0.0171875
0 0.52890625 0.734375 0.025 0.01875
0 0.5359375 0.71875 0.025 0.021875
0 0.55703125 0.7203125 0.021875 0.021875
0 0.57578125 0.71796875 0.021875 0.01875
0 0.575 0.7375 0.021875 0.021875
0 0.5921875 0.73671875 0.021875 0.0203125
0 0.60390625 0.753125 0.025 0.01875
0 0.59375 0.71796875 0.025 0.021875
0 0.615625 0.7203125 0.021875 0.01875
0 0.61484375 0.73671875 0.0265625 0.021875
0 0.6328125 0.7375 0.021875 0.0203125
0 0.653125 0.73828125 0.025 0.01875
0 0.63359375 0.71953125 0.0234375 0.021875
2 0.74609375 0.74375 0.025 0.021875
2 0.76796875 0.7453125 0.025 0.021875
2 0.78984375 0.7484375 0.021875 0.025
2 0.8109375 0.75234375 0.025 0.0203125
2 0.70546875 0.74375 0.021875 0.01875
2 0.725 0.74375 0.021875 0.01875
2 0.68046875 0.7578125 0.025 0.025
2 0.6546875 0.7609375 0.025 0.0203125
2 0.63359375 0.7609375 0.021875 0.021875
2 0.88125 0.725 0.025 0.01875
2 0.86875 0.7390625 0.025 0.01875
2 0.88515625 0.70703125 0.028125 0.021875
2 0.8828125 0.6875 0.028125 0.021875
2 0.86328125 0.67109375 0.0265625 0.0234375
2 0.8578125 0.65546875 0.028125 0.021875
2 0.8359375 0.65234375 0.028125 0.021875
2 0.825 0.63828125 0.025 0.01875
2 0.7953125 0.61640625 0.025 0.01875
2 0.75078125 0.60859375 0.025 0.01875
2 0.73203125 0.6078125 0.0234375 0.01875
2 0.6703125 0.603125 0.021875 0.0171875
2 0.65390625 0.60390625 0.021875 0.0171875
2 0.6328125 0.6046875 0.0234375 0.01875
2 0.61171875 0.60390625 0.01875 0.0171875
2 0.59296875 0.60390625 0.025 0.01875
2 0.57265625 0.60234375 0.021875 0.01875
2 0.55234375 0.60078125 0.01875 0.0171875
2 0.53359375 0.60078125 0.021875 0.021875
2 0.515625 0.6015625 0.021875 0.021875
2 0.4953125 0.6015625 0.021875 0.0203125
2 0.4765625 0.60078125 0.025 0.01875
2 0.45703125 0.6 0.021875 0.021875
2 0.44765625 0.6171875 0.021875 0.01875
2 0.4390625 0.6 0.0265625 0.01875
2 0.41640625 0.6015625 0.021875 0.01875
2 0.428125 0.61640625 0.0203125 0.015625
2 0.39609375 0.60078125 0.0234375 0.01875
2 0.3734375 0.60078125 0.021875 0.01875
2 0.3546875 0.60078125 0.0203125 0.0203125
2 0.33515625 0.6015625 0.0203125 0.01875
2 0.31640625 0.59765625 0.01875 0.01875
2 0.2953125 0.59609375 0.025 0.021875
2 0.2734375 0.59609375 0.025 0.0203125
2 0.28203125 0.6125 0.0203125 0.01875
2 0.3015625 0.61328125 0.025 0.01875
2 0.32421875 0.6140625 0.021875 0.01875
2 0.29453125 0.6265625 0.025 0.015625
2 0.31171875 0.6265625 0.021875 0.0140625
2 0.2609375 0.6109375 0.0265625 0.0171875
2 0.25234375 0.5953125 0.025 0.01875
2 0.2296875 0.59609375 0.0265625 0.01875
2 0.20859375 0.5953125 0.021875 0.01875
2 0.1875 0.5953125 0.025 0.0171875
2 0.16640625 0.59375 0.0265625 0.021875
2 0.14140625 0.59375 0.0265625 0.01875
2 0.15234375 0.60859375 0.025 0.015625
2 0.17421875 0.6109375 0.025 0.015625
2 0.196875 0.6109375 0.0234375 0.015625
2 0.2171875 0.61171875 0.0234375 0.015625
2 0.2390625 0.6125 0.021875 0.015625
2 0.24765625 0.625 0.025 0.0171875
2 0.26875 0.62734375 0.025 0.015625
2 0.225 0.625 0.0234375 0.0171875
2 0.20546875 0.6265625 0.0203125 0.015625
2 0.184375 0.625 0.025 0.015625
2 0.1625 0.62421875 0.025 0.01875
2 0.14140625 0.62421875 0.0265625 0.0171875
2 0.12890625 0.61015625 0.028125 0.01875
2 0.10546875 0.6078125 0.025 0.01875
2 0.0953125 0.6234375 0.021875 0.0171875
2 0.11640625 0.62421875 0.025 0.01875
2 0.10625 0.63828125 0.025 0.0171875
2 0.1296875 0.6390625 0.025 0.0171875
2 0.14921875 0.63828125 0.021875 0.015625
2 0.17109375 0.6375 0.021875 0.015625
2 0.15859375 0.65078125 0.021875 0.01875
2 0.1390625 0.65078125 0.021875 0.015625
2 0.115625 0.65234375 0.021875 0.015625
2 0.08203125 0.63828125 0.028125 0.0203125
2 0.07109375 0.6546875 0.0234375 0.0171875
2 0.09375 0.65390625 0.0203125 0.0171875
2 0.0609375 0.67109375 0.028125 0.01875
2 0.08203125 0.66875 0.025 0.01875
2 0.10546875 0.66796875 0.021875 0.015625
2 0.12734375 0.66875 0.021875 0.01875
2 0.14375 0.665625 0.025 0.021875
2 0.1125 0.68203125 0.028125 0.01875
2 0.1359375 0.68359375 0.025 0.01875
2 0.15703125 0.68359375 0.0265625 0.01875
2 0.1796875 0.68359375 0.0265625 0.01875
2 0.19765625 0.68515625 0.021875 0.01875
2 0.21953125 0.68671875 0.025 0.01875
2 0.2375 0.6859375 0.0265625 0.0203125
2 0.2625 0.68515625 0.0265625 0.015625
2 0.278125 0.6859375 0.01875 0.015625
2 0.2703125 0.69921875 0.01875 0.0125
2 0.29140625 0.70078125 0.0234375 0.01875
2 0.31015625 0.69921875 0.0265625 0.021875
2 0.31953125 0.71484375 0.025 0.01875
2 0.34296875 0.715625 0.0203125 0.0171875
2 0.35859375 0.71640625 0.025 0.01875
2 0.36640625 0.73359375 0.025 0.0203125
2 0.37421875 0.74921875 0.0234375 0.021875
2 0.3984375 0.75078125 0.0234375 0.01875
2 0.42109375 0.753125 0.0265625 0.01875
2 0.38828125 0.73359375 0.021875 0.01875
2 0.43984375 0.753125 0.0265625 0.021875
2 0.4625 0.75390625 0.028125 0.021875
2 0.4859375 0.75625 0.025 0.021875
2 0.509375 0.75859375 0.025 0.021875
2 0.5015625 0.74296875 0.021875 0.01875
2 0.5265625 0.75703125 0.025 0.021875
2 0.55 0.75859375 0.025 0.021875
2 0.575 0.7578125 0.021875 0.021875