2 0.571875 0.1859375 0.0328125 0.0421875
2 0.55390625 0.225 0.0359375 0.04375
2 0.55546875 0.2625 0.03125 0.040625
2 0.5828125 0.22265625 0.0296875 0.04375
2 0.584375 0.2609375 0.03125 0.0375
2 0.5765625 0.296875 0.034375 0.040625
2 0.6140625 0.22421875 0.0328125 0.04375
2 0.615625 0.26328125 0.03125 0.040625
2 0.61015625 0.30234375 0.0296875 0.0421875
2 0.59375 0.3359375 0.03125 0.0375
2 0.6484375 0.24140625 0.0328125 0.0390625
2 0.6390625 0.28984375 0.028125 0.040625
2 0.66640625 0.27265625 0.0296875 0.0375
2 0.66328125 0.3125 0.03125 0.0390625
2 0.6375 0.3265625 0.03125 0.0375
2 0.63203125 0.3640625 0.0328125 0.0375
2 0.621875 0.40234375 0.034375 0.0328125
2 0.66328125 0.3546875 0.03125 0.04375
2 0.6890625 0.34296875 0.028125 0.0421875
2 0.6953125 0.303125 0.0328125 0.04375
2 0.721875 0.33359375 0.0296875 0.040625
2 0.7421875 0.36875 0.03125 0.040625
2 0.71171875 0.37578125 0.0296875 0.0375
2 0.68125 0.38671875 0.03125 0.04375
2 0.6546875 0.39453125 0.0296875 0.04375
2 0.6359375 0.43515625 0.034375 0.0390625
2 0.6671875 0.428125 0.028125 0.040625
2 0.696875 0.42109375 0.0296875 0.040625
2 0.72734375 0.40546875 0.03125 0.040625
2 0.7609375 0.396875 0.025 0.0375
2 0.7484375 0.43203125 0.03125 0.0390625
2 0.71953125 0.4453125 0.028125 0.0375
2 0.6921875 0.4578125 0.028125 0.034375
2 0.66328125 0.465625 0.034375 0.040625
2 0.6296875 0.47109375 0.0328125 0.0453125
2 0.62109375 0.50859375 0.03125 0.04375
2 0.65078125 0.50390625 0.0359375 0.0390625
2 0.68046875 0.4953125 0.03125 0.040625
2 0.71171875 0.48671875 0.0296875 0.040625
2 0.7453125 0.46875 0.0328125 0.0421875
2 0.78125 0.42734375 0.0328125 0.040625
2 0.775 0.4625 0.034375 0.04375
2 0.80859375 0.4546875 0.0390625 0.046875
2 0.8 0.49296875 0.034375 0.040625
2 0.7921875 0.53125 0.040625 0.046875
2 0.76953125 0.50390625 0.03125 0.04375
2 0.73828125 0.5078125 0.0328125 0.040625
2 0.73046875 0.546875 0.0328125 0.040625
2 0.76171875 0.54609375 0.034375 0.0453125
2 0.759375 0.58125 0.0375 0.0453125
2 0.72734375 0.58203125 0.03125 0.04375
2 0.73046875 0.62265625 0.0375 0.040625
2 0.81171875 0.68125 0.0375 0.046875
2 0.70390625 0.52265625 0.034375 0.040625
2 0.70078125 0.5609375 0.034375 0.0421875
2 0.7 0.60078125 0.034375 0.0375
2 0.70078125 0.634375 0.03125 0.040625
2 0.67265625 0.64296875 0.03125 0.0375
2 0.67265625 0.609375 0.03125 0.034375
2 0.6734375 0.57109375 0.028125 0.04375
2 0.67265625 0.53203125 0.0296875 0.040625
2 0.6453125 0.54453125 0.03125 0.040625
2 0.6421875 0.5828125 0.0375 0.0421875