2 0.32109375 0.48203125 0.05 0.03125
2 0.3203125 0.50859375 0.04375 0.028125
2 0.35625 0.49609375 0.040625 0.03125
2 0.3484375 0.5265625 0.04375 0.028125
2 0.378125 0.5125 0.0375 0.028125
2 0.40625 0.4984375 0.04375 0.034375
2 0.409375 0.52421875 0.0421875 0.034375
2 0.378125 0.53984375 0.046875 0.025
2 0.35078125 0.5546875 0.04375 0.034375
2 0.3625 0.575 0.0375 0.03125
2 0.3890625 0.55859375 0.040625 0.0296875
2 0.4390625 0.51171875 0.0375 0.03125
2 0.471875 0.51484375 0.0359375 0.03125
2 0.50625 0.5203125 0.0421875 0.028125
2 0.4484375 0.53671875 0.04375 0.028125
2 0.36875 0.60390625 0.0390625 0.0328125
2 0.39765625 0.5875 0.034375 0.025
2 0.39765625 0.61171875 0.0359375 0.03125
2 0.38828125 0.63984375 0.046875 0.034375
2 0.4140625 0.6640625 0.040625 0.0375
2 0.42890625 0.68671875 0.0421875 0.03125
2 0.44375 0.71328125 0.046875 0.0390625
2 0.46328125 0.73984375 0.0453125 0.0328125
2 0.49921875 0.73828125 0.0421875 0.0296875
2 0.5734375 0.68203125 0.04375 0.03125
2 0.5234375 0.71796875 0.053125 0.034375
2 0.55390625 0.7015625 0.0421875 0.028125
2 0.56328125 0.55625 0.040625 0.0328125
2 0.51796875 0.54765625 0.0453125 0.028125
2 0.5859375 0.590625 0.04375 0.0375
0 0.4359375 0.55859375 0.04375 0.034375
0 0.48046875 0.55625 0.04375 0.03125
0 0.4578125 0.5765625 0.0375 0.028125
0 0.428125 0.59140625 0.0375 0.03125
0 0.4296875 0.61875 0.040625 0.03125
0 0.4578125 0.6 0.040625 0.03125
0 0.4875 0.584375 0.034375 0.03125
0 0.51328125 0.56875 0.034375 0.034375
0 0.54140625 0.58203125 0.0390625 0.03125
0 0.5140625 0.60390625 0.040625 0.03125
0 0.54765625 0.60625 0.034375 0.03125
0 0.53515625 0.63125 0.0390625 0.028125
0 0.490625 0.61640625 0.0390625 0.028125
0 0.4609375 0.63359375 0.0375 0.0328125
0 0.49921875 0.64296875 0.04375 0.028125
0 0.47109375 0.6625 0.040625 0.034375
0 0.50703125 0.66796875 0.04375 0.03125
0 0.53671875 0.65859375 0.0375 0.03125
0 0.52578125 0.6875 0.04375 0.028125
0 0.503125 0.71171875 0.0421875 0.0296875