2 0.45390625 0.61171875 0.03125 0.02265625
2 0.465625 0.63125 0.03046875 0.02421875
2 0.4203125 0.64375 0.02890625 0.025
2 0.43046875 0.67109375 0.03046875 0.02578125
2 0.52265625 0.7109375 0.03203125 0.025
2 0.44765625 0.6546875 0.02734375 0.0234375
2 0.47265625 0.65546875 0.03046875 0.02421875
2 0.53515625 0.73203125 0.02890625 0.025
2 0.50703125 0.68984375 0.03046875 0.0234375
2 0.43828125 0.62890625 0.03046875 0.0234375
2 0.4875 0.67421875 0.03125 0.02421875
2 0.446875 0.69296875 0.028125 0.0234375
2 0.453125 0.73671875 0.02734375 0.025
2 0.46328125 0.709375 0.0296875 0.025
2 0.48046875 0.728125 0.0296875 0.025
2 0.49375 0.70703125 0.02890625 0.021875
2 0.46328125 0.67734375 0.02890625 0.01796875
2 0.47578125 0.690625 0.028125 0.02109375