0 0.35546875 0.5 0.04140625 0.03203125
0 0.39375 0.496875 0.03984375 0.0328125
0 0.428125 0.50078125 0.03671875 0.03359375
0 0.44765625 0.51953125 0.040625 0.03359375
0 0.4140625 0.52265625 0.04453125 0.03125
0 0.37734375 0.52109375 0.04609375 0.02890625
0 0.3578125 0.5421875 0.04375 0.0296875
0 0.38984375 0.54765625 0.04140625 0.03125
0 0.42890625 0.55234375 0.04375 0.0328125
0 0.36328125 0.56796875 0.046875 0.03125
0 0.4015625 0.57734375 0.04453125 0.0328125
0 0.36875 0.59765625 0.04609375 0.0296875
0 0.34921875 0.6234375 0.040625 0.034375
0 0.3796875 0.62421875 0.040625 0.0359375
0 0.35859375 0.64765625 0.0390625 0.025
0 0.41640625 0.63359375 0.04453125 0.03125
0 0.41484375 0.60859375 0.046875 0.03515625
0 0.43203125 0.58359375 0.04453125 0.03515625
0 0.46875 0.58828125 0.0421875 0.0328125
0 0.4640625 0.56015625 0.04453125 0.03671875
0 0.5015625 0.56484375 0.04609375 0.0359375
0 0.49140625 0.53125 0.04140625 0.0296875
0 0.49921875 0.50703125 0.040625 0.0328125
0 0.52578125 0.48359375 0.04765625 0.02890625
0 0.53515625 0.51171875 0.03671875 0.03515625
0 0.56953125 0.52265625 0.04609375 0.0296875
0 0.57578125 0.496875 0.04453125 0.03046875
0 0.58046875 0.55234375 0.0421875 0.03125
0 0.5265625 0.540625 0.04375 0.0328125
0 0.54140625 0.565625 0.04609375 0.0328125
0 0.50390625 0.59765625 0.0484375 0.034375
0 0.5453125 0.60078125 0.0453125 0.034375
0 0.5765625 0.609375 0.046875 0.03203125
0 0.61484375 0.6015625 0.040625 0.03046875
0 0.57421875 0.5765625 0.05 0.03671875
0 0.61015625 0.57109375 0.05 0.0328125
0 0.45390625 0.6171875 0.03671875 0.03046875
0 0.4859375 0.625 0.04140625 0.03203125
0 0.52109375 0.6296875 0.040625 0.03515625
0 0.559375 0.63984375 0.04453125 0.03203125
2 0.346875 0.44375 0.04140625 0.03203125
2 0.3828125 0.44921875 0.03984375 0.0296875
2 0.42265625 0.45234375 0.04140625 0.0328125
2 0.31875 0.46640625 0.0484375 0.03359375
2 0.3578125 0.46875 0.04375 0.0328125
2 0.39296875 0.4734375 0.04140625 0.0328125
2 0.43125 0.4796875 0.04765625 0.02890625
2 0.4640625 0.48359375 0.0375 0.03046875
2 0.49453125 0.46171875 0.040625 0.025
2 0.5625 0.45390625 0.0453125 0.0328125
2 0.596875 0.47421875 0.04140625 0.0328125
2 0.60078125 0.50390625 0.0359375 0.03203125
2 0.63125 0.5265625 0.04765625 0.03203125
2 0.2984375 0.49375 0.0484375 0.03515625
2 0.31640625 0.5203125 0.03828125 0.0328125
2 0.33359375 0.5546875 0.0328125 0.02890625
2 0.30859375 0.58359375 0.04140625 0.0328125
2 0.346875 0.584375 0.0359375 0.03125
2 0.321875 0.6140625 0.03984375 0.0328125
2 0.29921875 0.640625 0.04453125 0.0328125
2 0.27109375 0.66171875 0.05390625 0.03671875
2 0.2828125 0.6921875 0.04921875 0.0375
2 0.3125 0.6734375 0.03984375 0.034375
2 0.35 0.68203125 0.04375 0.03515625
2 0.390625 0.68984375 0.04453125 0.0359375
2 0.40625 0.6640625 0.040625 0.0328125
2 0.44375 0.67265625 0.04921875 0.0375
2 0.42890625 0.6984375 0.04609375 0.03046875
2 0.409375 0.7234375 0.05234375 0.034375
2 0.4828125 0.6734375 0.04609375 0.02890625
2 0.459375 0.64140625 0.040625 0.03125
2 0.52109375 0.678125 0.04375 0.0359375
2 0.54140625 0.7015625 0.0546875 0.03671875
2 0.55703125 0.67109375 0.04921875 0.02890625
2 0.60625 0.65703125 0.0546875 0.0328125
2 0.63203125 0.62734375 0.05 0.0328125
2 0.65234375 0.6015625 0.04609375 0.03046875
2 0.6296875 0.55546875 0.0546875 0.03125