0 0.46953125 0.39765625 0.0453125 0.0296875
0 0.47578125 0.421875 0.04375 0.0265625
0 0.50625 0.409375 0.04140625 0.03046875
0 0.5265625 0.42890625 0.04375 0.0328125
0 0.565625 0.42890625 0.04140625 0.0328125
0 0.50078125 0.4421875 0.03828125 0.028125
0 0.4359375 0.43046875 0.0421875 0.028125
0 0.40390625 0.4375 0.03359375 0.028125
0 0.43125 0.453125 0.04375 0.03125
0 0.4625 0.44765625 0.04140625 0.03125
0 0.421875 0.475 0.040625 0.03125
0 0.45625 0.4703125 0.04609375 0.03203125
0 0.4953125 0.46328125 0.0390625 0.03203125
0 0.53203125 0.453125 0.0421875 0.03125
0 0.528125 0.47890625 0.04609375 0.03359375
0 0.56875 0.475 0.0390625 0.03203125
0 0.46796875 0.49609375 0.04140625 0.02734375
0 0.503125 0.4875 0.0453125 0.0265625
0 0.43515625 0.5015625 0.0390625 0.0296875
0 0.43515625 0.52734375 0.04453125 0.0265625
0 0.46796875 0.51875 0.046875 0.03125
0 0.51953125 0.50703125 0.04375 0.0296875
0 0.5546875 0.4984375 0.0453125 0.0328125
0 0.58984375 0.4984375 0.0453125 0.0296875
0 0.60546875 0.521875 0.04609375 0.0328125
0 0.56328125 0.5234375 0.0453125 0.028125
0 0.5046875 0.528125 0.0453125 0.0265625
0 0.534375 0.540625 0.0421875 0.0296875
0 0.56484375 0.5546875 0.04375 0.0296875
0 0.58984375 0.54296875 0.046875 0.0265625
0 0.61328125 0.56484375 0.04375 0.03359375
0 0.40546875 0.55703125 0.03671875 0.03125
0 0.43515625 0.55234375 0.040625 0.03203125
0 0.4296875 0.57578125 0.0359375 0.03125
0 0.47109375 0.54296875 0.0390625 0.02890625
0 0.4734375 0.56640625 0.03828125 0.03046875
0 0.50625 0.55390625 0.03984375 0.0296875
0 0.50390625 0.57578125 0.040625 0.03203125
0 0.534375 0.56640625 0.0359375 0.0296875
0 0.540625 0.59140625 0.03515625 0.03125
0 0.56953125 0.57890625 0.040625 0.0296875
0 0.57265625 0.6046875 0.03984375 0.02890625
0 0.60234375 0.590625 0.03984375 0.0328125
0 0.634375 0.60625 0.03984375 0.0296875
0 0.60234375 0.61796875 0.04375 0.02890625
0 0.575 0.63046875 0.0453125 0.02734375
0 0.53671875 0.61640625 0.04453125 0.02890625
0 0.50546875 0.6046875 0.04453125 0.0265625
0 0.46484375 0.590625 0.0421875 0.03125
0 0.4390625 0.6125 0.0375 0.03046875
0 0.47265625 0.6140625 0.03984375 0.028125
0 0.4359375 0.6375 0.0453125 0.0296875
0 0.46875 0.6359375 0.04375 0.03046875
0 0.4609375 0.6578125 0.0421875 0.03046875
0 0.50859375 0.63125 0.04375 0.0296875
0 0.5015625 0.6546875 0.0421875 0.0265625
0 0.54140625 0.640625 0.0375 0.03125
0 0.53203125 0.665625 0.04609375 0.02890625
0 0.50234375 0.6765625 0.04140625 0.02890625
0 0.52890625 0.6875 0.046875 0.0296875
0 0.56484375 0.6796875 0.04453125 0.0296875
0 0.57109375 0.65703125 0.0390625 0.03125
0 0.59609375 0.64453125 0.0390625 0.02734375
0 0.6296875 0.634375 0.04609375 0.03359375
0 0.59453125 0.67109375 0.04609375 0.03359375
0 0.628125 0.66328125 0.03984375 0.0296875
2 0.41015625 0.37421875 0.0421875 0.03125
2 0.44296875 0.365625 0.03984375 0.0296875
2 0.41171875 0.403125 0.04921875 0.0328125
2 0.38046875 0.4109375 0.03984375 0.0265625
2 0.3421875 0.4125 0.0421875 0.0328125
2 0.346875 0.4375 0.0390625 0.0296875
2 0.37734375 0.4359375 0.0375 0.0328125
2 0.371875 0.459375 0.04609375 0.028125
2 0.36875 0.4796875 0.040625 0.02890625
2 0.3578125 0.50703125 0.034375 0.0328125
2 0.39140625 0.50234375 0.0390625 0.0296875
2 0.38984375 0.5234375 0.03828125 0.028125
2 0.34609375 0.53046875 0.04609375 0.0296875
2 0.346875 0.56015625 0.03984375 0.034375
2 0.37578125 0.575 0.040625 0.02890625
2 0.37890625 0.55078125 0.0375 0.02578125
2 0.36171875 0.59921875 0.0421875 0.02890625
2 0.39765625 0.596875 0.03828125 0.03046875
2 0.38515625 0.61953125 0.0421875 0.03046875
2 0.38203125 0.64609375 0.05 0.034375
2 0.40625 0.66171875 0.03828125 0.028125
2 0.403125 0.6859375 0.046875 0.034375
2 0.4375 0.67890625 0.03515625 0.03125
2 0.4625 0.69375 0.04453125 0.03046875
2 0.634375 0.68515625 0.03984375 0.03046875
2 0.6671875 0.68046875 0.03828125 0.0296875
2 0.66015625 0.70390625 0.03828125 0.02890625
2 0.696875 0.71171875 0.05234375 0.03203125
2 0.67734375 0.659375 0.04609375 0.03203125
2 0.68203125 0.625 0.04296875 0.03359375
2 0.6515625 0.58828125 0.03984375 0.02890625
2 0.671875 0.56640625 0.0421875 0.0328125
2 0.64609375 0.5515625 0.0421875 0.03046875
2 0.55234375 0.39609375 0.0390625 0.0296875
2 0.590625 0.41328125 0.03515625 0.03359375
2 0.60703125 0.4578125 0.03828125 0.02578125
2 0.6296875 0.475 0.05078125 0.0296875
2 0.62109375 0.4953125 0.040625 0.02890625
2 0.634375 0.51953125 0.04296875 0.0296875
2 0.51953125 0.3953125 0.0390625 0.034375