0 0.5215833333333333 0.7489625 0.022708333333333334 0.015425
0 0.5061583333333334 0.73626875 0.021849999999999998 0.0163875
0 0.5432166666666667 0.74125 0.025708333333333333 0.0186375
0 0.5245833333333333 0.73401875 0.021849999999999998 0.0151
0 0.49373333333333336 0.72438125 0.021849999999999998 0.0151
0 0.5025166666666666 0.7115250000000001 0.022275 0.01253125
0 0.510875 0.72245 0.019275 0.01766875
0 0.5284416666666667 0.716025 0.020133333333333333 0.01381875
0 0.53315 0.72405625 0.019275 0.0151
0 0.5462166666666667 0.72759375 0.023133333333333336 0.0163875
0 0.5489999999999999 0.7131375 0.025275 0.0163875
0 0.5393666666666667 0.70011875 0.022275 0.012849999999999999
0 0.5190166666666667 0.7071875 0.021849999999999998 0.012849999999999999
0 0.49202499999999993 0.7030124999999999 0.024416666666666666 0.0160625
0 0.506375 0.69610625 0.01970833333333333 0.014456249999999999
0 0.5254416666666667 0.69193125 0.021849999999999998 0.01574375
0 0.54215 0.6858249999999999 0.022708333333333334 0.014456249999999999
0 0.5567166666666666 0.6951437500000001 0.023558333333333334 0.01703125
0 0.5721333333333333 0.68855625 0.02099166666666667 0.0141375
0 0.5597083333333334 0.67779375 0.020133333333333333 0.01381875
0 0.5751333333333333 0.67200625 0.020133333333333333 0.0151
0 0.5269416666666668 0.6769875000000001 0.022275 0.0160625
0 0.543 0.669275 0.025275 0.0160625
0 0.4901 0.6866249999999999 0.021416666666666667 0.01670625
0 0.5095916666666667 0.681325 0.019275 0.0151
0 0.49544999999999995 0.6704000000000001 0.022708333333333334 0.014456249999999999
0 0.5155833333333334 0.667025 0.02099166666666667 0.0160625
0 0.5779166666666666 0.35616875 0.023133333333333336 0.01574375
0 0.5652833333333334 0.36435625 0.02099166666666667 0.01735
0 0.5963416666666667 0.36339374999999996 0.02485 0.01799375
0 0.58135 0.37255000000000005 0.021416666666666667 0.0151
0 0.5989083333333334 0.38026249999999995 0.022275 0.01703125
0 0.5682833333333334 0.38074375000000005 0.024416666666666666 0.01799375
0 0.5843416666666666 0.390225 0.022275 0.01703125
0 0.5485749999999999 0.3889375 0.023558333333333334 0.01766875
0 0.5667833333333333 0.39600625 0.021416666666666667 0.0151
0 0.5492166666666666 0.4042 0.022275 0.0160625
0 0.5652833333333334 0.41174999999999995 0.021849999999999998 0.01381875
0 0.5826333333333333 0.40355625000000006 0.021416666666666667 0.01478125
0 0.600625 0.39938125 0.021416666666666667 0.01735
0 0.5290833333333333 0.41030625 0.021416666666666667 0.0160625
0 0.5466416666666667 0.417375 0.021416666666666667 0.0160625
0 0.5290833333333333 0.42428125 0.022275 0.01574375
0 0.5290833333333333 0.43810000000000004 0.022275 0.0163875
0 0.5284416666666667 0.45111249999999997 0.022708333333333334 0.015425
0 0.5284416666666667 0.46669375 0.018425 0.0196
0 0.5466416666666667 0.429425 0.01970833333333333 0.018956249999999997
0 0.545575 0.44693125 0.02099166666666667 0.01670625
0 0.5449333333333333 0.461875 0.020566666666666667 0.01766875
0 0.56335 0.42524375 0.023991666666666665 0.01703125
0 0.5622833333333334 0.44050625 0.020133333333333333 0.0160625
0 0.5620666666666667 0.45416249999999997 0.022275 0.01766875
0 0.5800583333333333 0.41962499999999997 0.01970833333333333 0.01478125
0 0.5781333333333333 0.43199375 0.022708333333333334 0.01703125
0 0.5779166666666666 0.447575 0.021416666666666667 0.01670625
0 0.5762083333333333 0.46235624999999997 0.021416666666666667 0.01670625
0 0.6002 0.41448124999999997 0.021416666666666667 0.01670625
0 0.5982666666666666 0.42845625 0.022708333333333334 0.0163875
0 0.59805 0.44291874999999997 0.021416666666666667 0.0151
0 0.5974083333333333 0.45576875 0.023558333333333334 0.01703125
0 0.5959083333333334 0.47006875000000004 0.02485 0.01799375
0 0.5104416666666667 0.47505000000000003 0.02099166666666667 0.01766875
0 0.5113 0.4899875 0.022708333333333334 0.01478125
0 0.5303666666666668 0.47970625 0.018850000000000002 0.015425
0 0.5451499999999999 0.47520625000000005 0.019275 0.0160625
0 0.564425 0.48034999999999994 0.022708333333333334 0.01670625
0 0.5618500000000001 0.46604999999999996 0.021849999999999998 0.014456249999999999
0 0.5779166666666666 0.47585 0.018850000000000002 0.0160625
0 0.594625 0.4827625 0.022275 0.01703125
0 0.5625 0.4967375 0.020566666666666667 0.0160625
0 0.5442916666666666 0.50043125 0.024416666666666666 0.0183125
0 0.5453583333333333 0.48854375 0.021416666666666667 0.01381875
0 0.5275833333333334 0.4964125 0.020133333333333333 0.015425
0 0.5774916666666666 0.49127499999999996 0.021416666666666667 0.0160625
0 0.5965583333333333 0.498825 0.023558333333333334 0.01766875
0 0.5766333333333333 0.50525 0.021416666666666667 0.01574375
0 0.5939833333333333 0.5140875 0.023558333333333334 0.01735
0 0.5222249999999999 0.5089437499999999 0.023991666666666665 0.0160625
0 0.54065 0.5173 0.021416666666666667 0.015425
0 0.5605666666666667 0.510875 0.020133333333333333 0.0160625
0 0.5590666666666667 0.52516875 0.021416666666666667 0.014456249999999999
0 0.57385 0.51906875 0.021849999999999998 0.01574375
0 0.5222249999999999 0.5227625 0.022275 0.01670625
0 0.5387166666666667 0.5303125 0.02099166666666667 0.014456249999999999
0 0.520725 0.53754375 0.018425 0.015425
0 0.5920583333333334 0.5280625 0.021416666666666667 0.01574375
0 0.5710666666666666 0.5324 0.01970833333333333 0.01478125
0 0.53765 0.54396875 0.021416666666666667 0.015425
0 0.5556416666666667 0.53834375 0.01970833333333333 0.0163875
0 0.57235 0.5465375 0.020566666666666667 0.0160625
0 0.5907749999999999 0.5422 0.023991666666666665 0.01381875
0 0.519225 0.5507124999999999 0.022275 0.0141375
0 0.5374333333333333 0.5574625000000001 0.02099166666666667 0.0160625
0 0.5547833333333333 0.552 0.020566666666666667 0.0160625
0 0.5719249999999999 0.561 0.022275 0.015425
0 0.5897 0.5552125 0.019275 0.01478125
0 0.5528583333333333 0.5661375000000001 0.02099166666666667 0.01478125
0 0.5173 0.5642125 0.022708333333333334 0.015425
0 0.5350750000000001 0.5717625000000001 0.01970833333333333 0.014456249999999999
0 0.5702083333333333 0.57449375 0.018850000000000002 0.01349375
0 0.5882000000000001 0.56870625 0.022275 0.01478125
0 0.5867 0.58316875 0.021849999999999998 0.015425
0 0.5513583333333333 0.5793125 0.01970833333333333 0.01478125
0 0.5173 0.5781875 0.022708333333333334 0.01703125
0 0.5337916666666667 0.5857375 0.021416666666666667 0.0160625
0 0.5507166666666666 0.5936125 0.018425 0.01574375
0 0.5684916666666667 0.58734375 0.017133333333333334 0.0141375
0 0.5160166666666667 0.5924875000000001 0.022708333333333334 0.01670625
0 0.5325083333333334 0.5985875 0.017133333333333334 0.01478125
0 0.5661416666666667 0.6022875 0.018425 0.01703125
0 0.5837 0.5966625 0.020133333333333333 0.01670625
0 0.547075 0.60903125 0.021416666666666667 0.014456249999999999
0 0.5151583333333334 0.6064625 0.02099166666666667 0.014456249999999999
0 0.532725 0.61305 0.018425 0.0141375
0 0.501875 0.61336875 0.0287 0.0186375
0 0.5147333333333333 0.62220625 0.017566666666666664 0.0151
0 0.5303666666666668 0.630075 0.021416666666666667 0.0160625
0 0.5468583333333333 0.622525 0.021849999999999998 0.01766875
0 0.5654916666666667 0.61465625 0.020566666666666667 0.015425
0 0.5830583333333333 0.610475 0.020566666666666667 0.0160625
0 0.5798500000000001 0.62558125 0.022708333333333334 0.01478125
0 0.564 0.63104375 0.019275 0.01349375
0 0.49695 0.6294375 0.022275 0.0160625
0 0.5147333333333333 0.63601875 0.020133333333333333 0.0151
0 0.5314333333333333 0.6455 0.021849999999999998 0.015425
0 0.5464333333333333 0.6358625 0.020133333333333333 0.0160625
0 0.5616416666666667 0.6442125 0.022275 0.015425
0 0.5809166666666666 0.6402 0.023133333333333336 0.0163875
0 0.5770583333333333 0.65449375 0.023133333333333336 0.01478125
0 0.5618500000000001 0.660925 0.021849999999999998 0.015425
0 0.546 0.65353125 0.022708333333333334 0.01735
0 0.5134416666666667 0.65240625 0.019275 0.01381875
0 0.5303666666666668 0.65899375 0.022275 0.015425
0 0.49909166666666666 0.644375 0.021416666666666667 0.0163875
0 0.49780833333333335 0.65899375 0.021416666666666667 0.01478125
2 0.6404666666666666 0.2813 0.023133333333333336 0.018956249999999997
2 0.6162583333333334 0.28275 0.023558333333333334 0.02120625
2 0.5978416666666666 0.28355 0.022708333333333334 0.018956249999999997
2 0.5777083333333334 0.286925 0.02613333333333333 0.01928125
2 0.5601416666666666 0.29447500000000004 0.023558333333333334 0.01766875
2 0.53915 0.3021875 0.023558333333333334 0.018956249999999997
2 0.5586416666666667 0.3097375 0.021416666666666667 0.01670625
2 0.5755666666666667 0.30491875 0.021849999999999998 0.01670625
2 0.5929166666666666 0.29929375 0.020566666666666667 0.01766875
2 0.6111166666666666 0.29736875 0.023558333333333334 0.01766875
2 0.633825 0.29608125 0.022708333333333334 0.01766875
2 0.6265416666666667 0.30941875 0.022708333333333334 0.01670625
2 0.6049083333333333 0.31134375 0.023991666666666665 0.01478125
2 0.5879833333333334 0.3142375 0.02099166666666667 0.015425
2 0.5714916666666666 0.319375 0.022275 0.01735
2 0.5412916666666666 0.31793125 0.025275 0.0163875
2 0.5571416666666668 0.326925 0.023558333333333334 0.01703125
2 0.5682833333333334 0.33656874999999997 0.02099166666666667 0.01766875
2 0.5843416666666666 0.32933750000000006 0.01970833333333333 0.01478125
2 0.6023416666666667 0.32451875 0.020566666666666667 0.01670625
2 0.6218333333333333 0.32323124999999997 0.023558333333333334 0.01670625
2 0.6136916666666666 0.33608125 0.02613333333333333 0.015425
2 0.5987 0.33945625 0.022708333333333334 0.0183125
2 0.61305 0.35021875 0.022275 0.01478125
2 0.5830583333333333 0.34604375 0.021416666666666667 0.015425
2 0.5393666666666667 0.336725 0.023133333333333336 0.020562499999999997
2 0.5541416666666666 0.34604375 0.02099166666666667 0.01735
2 0.5254416666666667 0.3454 0.023558333333333334 0.01799375
2 0.539575 0.35584375 0.025275 0.0151
2 0.5215833333333333 0.36195 0.022708333333333334 0.01766875
2 0.5370083333333333 0.368375 0.022708333333333334 0.01703125
2 0.5190166666666667 0.3760875 0.023558333333333334 0.01574375
2 0.5340083333333333 0.38524375 0.018425 0.015425
2 0.5166583333333333 0.3923125 0.022275 0.01670625
2 0.6124083333333333 0.365 0.02099166666666667 0.01799375
2 0.6143333333333334 0.38186875 0.021416666666666667 0.018956249999999997
2 0.5130166666666667 0.40821874999999996 0.018425 0.01574375
2 0.4960916666666666 0.41593125000000003 0.02485 0.018956249999999997
2 0.5145166666666666 0.42219375 0.01970833333333333 0.01735
2 0.498025 0.4311875 0.022708333333333334 0.01670625
2 0.5136583333333333 0.43745625 0.018850000000000002 0.014456249999999999
2 0.6147583333333334 0.3976125 0.018850000000000002 0.018956249999999997
2 0.61455 0.4141625 0.019275 0.0186375
2 0.6132666666666666 0.4281375 0.021849999999999998 0.0196
2 0.6121916666666667 0.44275624999999996 0.020566666666666667 0.01799375
2 0.6128333333333333 0.45673125 0.019275 0.01766875
2 0.6102666666666667 0.47055 0.020133333333333333 0.0183125
2 0.498025 0.44596874999999997 0.021849999999999998 0.01670625
2 0.500375 0.4594625 0.020566666666666667 0.015425
2 0.4930916666666667 0.47247500000000003 0.021416666666666667 0.0163875
2 0.4918083333333333 0.486775 0.018850000000000002 0.01735
2 0.610475 0.48613124999999996 0.018850000000000002 0.0160625
2 0.4922416666666667 0.50155625 0.01970833333333333 0.01735
2 0.61155 0.501075 0.017566666666666664 0.0183125
2 0.5085166666666667 0.5062125000000001 0.018850000000000002 0.01766875
2 0.493525 0.5156937500000001 0.023991666666666665 0.01799375
2 0.49030833333333335 0.5295062500000001 0.021849999999999998 0.01670625
2 0.610475 0.5152125000000001 0.01970833333333333 0.01574375
2 0.6102666666666667 0.5291875 0.02099166666666667 0.0186375
2 0.5065916666666667 0.530475 0.020133333333333333 0.01735
2 0.4896666666666667 0.5433250000000001 0.021416666666666667 0.0160625
2 0.6098333333333333 0.5434875 0.022708333333333334 0.018956249999999997
2 0.60855 0.55810625 0.026991666666666667 0.01799375
2 0.48602500000000004 0.5579437500000001 0.023558333333333334 0.01703125
2 0.4901 0.5709562499999999 0.020566666666666667 0.01670625
2 0.60855 0.57320625 0.021849999999999998 0.01799375
2 0.4864583333333333 0.5842937500000001 0.022708333333333334 0.01703125
2 0.6068333333333333 0.5879875 0.023558333333333334 0.01670625
2 0.60405 0.60148125 0.023991666666666665 0.01478125
2 0.48366666666666663 0.59955625 0.023133333333333336 0.01928125
2 0.48152500000000004 0.6144937500000001 0.01970833333333333 0.01703125
2 0.6025499999999999 0.6161 0.023558333333333334 0.018956249999999997
2 0.6014833333333333 0.6313624999999999 0.023133333333333336 0.01735
2 0.6008416666666666 0.6461437499999999 0.02613333333333333 0.01735
2 0.5989083333333334 0.6610812500000001 0.02485 0.01766875
2 0.5950583333333334 0.6750624999999999 0.027416666666666666 0.01928125
2 0.5907749999999999 0.6914437499999999 0.025708333333333333 0.01991875
2 0.48067499999999996 0.6283124999999999 0.01970833333333333 0.01381875
2 0.4787416666666667 0.64260625 0.022708333333333334 0.01735
2 0.47852500000000003 0.6581937499999999 0.023133333333333336 0.01703125
2 0.4757416666666667 0.6728125 0.025275 0.01670625
2 0.471675 0.6861437499999999 0.023991666666666665 0.0151
2 0.46889166666666665 0.6990000000000001 0.025275 0.0163875
2 0.46695833333333336 0.71361875 0.02485 0.0186375
2 0.5729916666666667 0.70011875 0.020133333333333333 0.01478125
2 0.5719249999999999 0.71249375 0.023991666666666665 0.014456249999999999
2 0.5697833333333333 0.7263062499999999 0.023133333333333336 0.0183125
2 0.47403333333333336 0.73595 0.022708333333333334 0.01703125
2 0.5684916666666667 0.7404437500000001 0.023991666666666665 0.0163875
2 0.56635 0.7561875 0.026558333333333333 0.0183125
2 0.5466416666666667 0.76133125 0.02485 0.01766875
2 0.5378666666666667 0.7732187500000001 0.026991666666666667 0.02024375
2 0.520725 0.7640625 0.023558333333333334 0.01799375
2 0.5057333333333334 0.7552249999999999 0.025275 0.01703125
2 0.49116666666666664 0.74815625 0.022708333333333334 0.0183125