1 0.31815 0.4985875 0.0329 0.023468749999999997
0 0.28954166666666664 0.43548125 0.03075 0.0211125
0 0.264 0.44838124999999995 0.03283333333333333 0.024237500000000002
0 0.289275 0.45463749999999997 0.03231666666666667 0.022675
0 0.31116666666666665 0.44525 0.029191666666666668 0.02189375
0 0.3320166666666667 0.45913125 0.0344 0.0230625
0 0.30882499999999996 0.46636249999999996 0.03179166666666666 0.02189375
0 0.2864083333333333 0.47476875 0.03179166666666666 0.0215
0 0.263475 0.46831874999999995 0.03179166666666666 0.02189375
0 0.25722500000000004 0.48923125 0.03179166666666666 0.02228125
0 0.2835416666666667 0.4921625 0.02815 0.02189375
0 0.3093416666666666 0.48278125000000005 0.029708333333333333 0.020325000000000003
0 0.338275 0.47652500000000003 0.03335833333333334 0.02189375
0 0.35286666666666666 0.4888375 0.0344 0.0215
0 0.381275 0.48649375 0.03179166666666666 0.02228125
0 0.34505 0.5076062499999999 0.02815 0.0230625
0 0.3184666666666667 0.515225 0.031275000000000004 0.0211125
0 0.3374916666666667 0.52754375 0.029708333333333333 0.0199375
0 0.361725 0.52206875 0.027100000000000003 0.02228125
0 0.351825 0.5396562500000001 0.0344 0.01759375
0 0.3698083333333333 0.50525625 0.03075 0.02384375
0 0.3937833333333334 0.5017375 0.03179166666666666 0.0215
0 0.38805 0.51933125 0.03075 0.0199375
0 0.384925 0.53829375 0.034925 0.022675
0 0.37632499999999997 0.556075 0.031275000000000004 0.020718749999999998
0 0.31299166666666667 0.53770625 0.029708333333333333 0.0199375
0 0.2869333333333333 0.53868125 0.03075 0.02189375
0 0.305175 0.55040625 0.03075 0.0156375
1 0.30256666666666665 0.5642875 0.03075 0.01915625
0 0.2663416666666667 0.57914375 0.03335833333333334 0.0230625
0 0.33305833333333335 0.5986875 0.030233333333333334 0.0230625
0 0.3599 0.5932125 0.03179166666666666 0.02228125
0 0.36380833333333334 0.57269375 0.030233333333333334 0.0211125
0 0.37345833333333334 0.60865625 0.034925 0.02345625
0 0.3872666666666667 0.59165 0.029191666666666668 0.02384375
0 0.39430000000000004 0.573275 0.03179166666666666 0.02228125
0 0.40081666666666665 0.55588125 0.02815 0.02345625
0 0.41176666666666667 0.5363375 0.03231666666666667 0.02345625
0 0.41801666666666665 0.5173749999999999 0.03335833333333334 0.02228125
0 0.4386083333333334 0.53066875 0.03075 0.0215
0 0.4245333333333333 0.55040625 0.03388333333333333 0.02345625
0 0.419325 0.57015 0.03283333333333333 0.020718749999999998
0 0.41176666666666667 0.5900875 0.027100000000000003 0.0230625
0 0.404725 0.61178125 0.03388333333333333 0.022675
0 0.4287 0.6024 0.03075 0.022675
0 0.4380833333333334 0.5828562500000001 0.03388333333333333 0.0211125
0 0.4472083333333333 0.564675 0.030233333333333334 0.02384375
0 0.4521583333333334 0.5437625 0.03075 0.02345625
0 0.46519166666666667 0.5222625 0.03075 0.01954375
0 0.49828333333333336 0.52050625 0.03231666666666667 0.0215
0 0.4873416666666666 0.53770625 0.03231666666666667 0.0230625
0 0.50975 0.5357500000000001 0.030233333333333334 0.0230625
0 0.45502499999999996 0.5955625 0.030233333333333334 0.0199375
0 0.4638833333333333 0.5760125 0.030233333333333334 0.024624999999999998
0 0.47534999999999994 0.5566625 0.03231666666666667 0.02501875
0 0.49020833333333336 0.57093125 0.029708333333333333 0.0215
0 0.5040166666666667 0.556075 0.031275000000000004 0.02228125
0 0.5293 0.54884375 0.03075 0.024237500000000002
0 0.5381583333333333 0.5320374999999999 0.03179166666666666 0.02501875
0 0.5540583333333333 0.5509937500000001 0.029191666666666668 0.020718749999999998
0 0.5407666666666666 0.5674125 0.03283333333333333 0.02228125
0 0.5157499999999999 0.573475 0.03179166666666666 0.02501875
0 0.5334666666666666 0.58774375 0.03283333333333333 0.0230625
0 0.48004166666666664 0.590475 0.031275000000000004 0.02384375
0 0.5061083333333334 0.5965375 0.030233333333333334 0.02345625
0 0.46675 0.60904375 0.03179166666666666 0.02345625
0 0.5055833333333334 0.61549375 0.031275000000000004 0.024624999999999998
0 0.529825 0.6094375 0.025541666666666664 0.02501875
2 0.26608333333333334 0.39756250000000004 0.03179166666666666 0.02345625
2 0.2564416666666667 0.4147625 0.029191666666666668 0.024237500000000002
2 0.28275833333333333 0.4092875 0.03075 0.02345625
2 0.272075 0.42922499999999997 0.02815 0.02189375
2 0.23168333333333332 0.42081874999999996 0.03179166666666666 0.02384375
2 0.24705833333333335 0.4347 0.031275000000000004 0.022675
2 0.21969166666666667 0.4374375 0.03283333333333333 0.022675
2 0.2366333333333333 0.452875 0.030233333333333334 0.02228125
2 0.208225 0.459325 0.03075 0.022675
2 0.22646666666666665 0.47222499999999995 0.029708333333333333 0.02189375
2 0.197025 0.47945625 0.03544166666666667 0.02384375
2 0.21578333333333333 0.4911875 0.031275000000000004 0.0215
2 0.23011666666666666 0.5019375 0.03179166666666666 0.022675
2 0.3265416666666667 0.41808124999999996 0.03075 0.02384375
2 0.3455666666666667 0.4304 0.029191666666666668 0.024237500000000002
2 0.3586 0.44564375 0.02815 0.02189375
2 0.3718916666666667 0.46010625 0.03388333333333333 0.022675
2 0.24393333333333336 0.51933125 0.029191666666666668 0.0230625
2 0.2650416666666667 0.52910625 0.028666666666666667 0.024624999999999998
2 0.27598333333333336 0.5111249999999999 0.029708333333333333 0.0230625
2 0.29449166666666665 0.5244125 0.030233333333333334 0.02228125
2 0.21630833333333332 0.52363125 0.0344 0.02228125
2 0.2309 0.536925 0.0344 0.02384375
2 0.2064 0.54786875 0.03335833333333334 0.0230625
2 0.22386666666666666 0.56135625 0.03596666666666666 0.02658125
2 0.24236666666666665 0.57308125 0.031275000000000004 0.02189375
2 0.25018333333333337 0.549825 0.029191666666666668 0.0230625
2 0.27025 0.56194375 0.029708333333333333 0.02228125
2 0.2726 0.59516875 0.03335833333333334 0.020718749999999998
2 0.28589166666666666 0.6084625 0.034925 0.024624999999999998
2 0.30335 0.62273125 0.03544166666666667 0.02345625
2 0.301525 0.58989375 0.03179166666666666 0.022675
2 0.31377499999999997 0.60494375 0.026058333333333333 0.0230625
2 0.3325416666666667 0.6197937499999999 0.031275000000000004 0.0230625
2 0.34739166666666665 0.63348125 0.03805 0.025412499999999998
2 0.35938333333333333 0.6498999999999999 0.03388333333333333 0.0230625
2 0.37345833333333334 0.6327 0.03388333333333333 0.0230625
2 0.3864833333333333 0.6491125 0.03388333333333333 0.025412499999999998
2 0.4016 0.6276125 0.03179166666666666 0.020718749999999998
2 0.4135916666666667 0.64188125 0.03388333333333333 0.02345625
2 0.4347 0.65439375 0.029191666666666668 0.02501875
2 0.43912500000000004 0.6362125000000001 0.028666666666666667 0.02228125
2 0.42844166666666667 0.620775 0.031275000000000004 0.0211125
2 0.4646666666666667 0.633675 0.03909166666666666 0.02345625
2 0.4607583333333333 0.653025 0.03544166666666667 0.024624999999999998
2 0.4865583333333333 0.6481375 0.029708333333333333 0.0258
2 0.5108 0.6407125 0.0344 0.02345625
2 0.5371166666666667 0.63386875 0.034925 0.02619375
2 0.5644833333333333 0.62429375 0.0344 0.022675
2 0.545975 0.60865625 0.029708333333333333 0.024237500000000002
2 0.577775 0.6039625000000001 0.03805 0.024237500000000002
2 0.55875 0.58989375 0.03231666666666667 0.024237500000000002
2 0.5738666666666666 0.5728875 0.030233333333333334 0.025412499999999998
2 0.5720416666666667 0.54259375 0.03179166666666666 0.02658125
2 0.5676083333333334 0.510925 0.03335833333333334 0.02345625
2 0.5738666666666666 0.4909875 0.03335833333333334 0.02345625
2 0.545975 0.4931375 0.034925 0.025412499999999998
2 0.5412916666666666 0.51229375 0.03075 0.020718749999999998
2 0.5196583333333333 0.49900625 0.0344 0.028537499999999997
2 0.49333333333333335 0.50310625 0.03075 0.02189375
2 0.4777 0.49079375 0.03283333333333333 0.02384375
2 0.45320000000000005 0.498025 0.03283333333333333 0.02345625
2 0.4438166666666667 0.5148375000000001 0.03075 0.02189375
2 0.46570833333333334 0.508775 0.03075 0.01915625
2 0.42296666666666666 0.5029125 0.03283333333333333 0.024624999999999998
2 0.34165833333333334 0.5685875 0.03075 0.0215
2 0.4302666666666667 0.4857125 0.03075 0.0215
2 0.4578916666666667 0.48063125 0.03283333333333333 0.0230625
2 0.4433 0.46636249999999996 0.03283333333333333 0.024237500000000002
2 0.41541666666666666 0.47222499999999995 0.03544166666666667 0.0211125