2 0.3106666666666667 0.52053125 0.03525 0.02809375
2 0.3117666666666667 0.54614375 0.033049999999999996 0.024787499999999997
2 0.350875 0.5007 0.040758333333333334 0.029743750000000003
2 0.3431666666666667 0.5226 0.03415 0.02726875
2 0.34536666666666666 0.54490625 0.03415 0.0239625
2 0.34536666666666666 0.5663875 0.031950000000000006 0.028918750000000003
2 0.37180833333333335 0.5403625000000001 0.03415 0.023137500000000002
2 0.37345833333333334 0.5626687499999999 0.033049999999999996 0.023137500000000002
2 0.37621666666666664 0.58085 0.03855833333333333 0.02809375
2 0.40650833333333336 0.58539375 0.033049999999999996 0.028918750000000003
2 0.38117500000000004 0.46848125 0.03525 0.02809375
2 0.41036666666666666 0.43915 0.03415 0.025612499999999996
2 0.4417666666666667 0.43253749999999996 0.03745833333333334 0.0239625
2 0.44672500000000004 0.40981875 0.03635833333333333 0.021481249999999997
2 0.4406583333333333 0.39205 0.03525 0.0239625
2 0.46435000000000004 0.38668125000000003 0.03415 0.0264375
2 0.4929916666666667 0.37841875 0.03635833333333333 0.029743750000000003
2 0.4698583333333334 0.4094 0.03635833333333333 0.02726875
2 0.4974 0.40196875 0.03415 0.0239625
2 0.466 0.42758125 0.03525 0.02726875
2 0.4924416666666666 0.4230375 0.033049999999999996 0.029743750000000003
2 0.5216333333333334 0.43005625000000003 0.03635833333333333 0.02726875
2 0.5172249999999999 0.4490625 0.031950000000000006 0.0239625
2 0.5387083333333333 0.44493125 0.030850000000000002 0.020656249999999998
2 0.5635 0.44616875 0.03855833333333333 0.02809375
2 0.5596416666666667 0.46723750000000003 0.04626666666666667 0.02230625
2 0.56735 0.48665625 0.030850000000000002 0.0264375
2 0.5778166666666666 0.50441875 0.03415 0.03056875
2 0.5684583333333333 0.53829375 0.03745833333333334 0.025612499999999996
2 0.5601916666666666 0.5560625 0.040758333333333334 0.031400000000000004
2 0.551375 0.57589375 0.047375 0.024787499999999997
2 0.5480750000000001 0.599025 0.051775 0.024787499999999997
2 0.43790833333333334 0.60109375 0.04516666666666667 0.02726875
2 0.43294999999999995 0.57836875 0.030850000000000002 0.0264375
2 0.46325 0.61926875 0.051775 0.03553125
0 0.414775 0.46889375 0.03855833333333333 0.0239625
0 0.4439666666666667 0.4560875 0.028641666666666666 0.021481249999999997
0 0.46930833333333327 0.45443125 0.033049999999999996 0.02809375
0 0.4946416666666667 0.45732500000000004 0.03525 0.02726875
0 0.4951916666666667 0.47839374999999995 0.03415 0.0264375
0 0.5194333333333334 0.47054375 0.03415 0.028918750000000003
0 0.5398083333333333 0.48830625 0.03525 0.029743750000000003
0 0.5414666666666667 0.5064875 0.031950000000000006 0.021481249999999997
0 0.5139250000000001 0.51185625 0.025341666666666665 0.020656249999999998
0 0.5365083333333333 0.525075 0.033049999999999996 0.0239625
0 0.5221833333333333 0.54490625 0.022033333333333335 0.02230625
0 0.5387083333333333 0.55110625 0.028641666666666666 0.023137500000000002
0 0.38392499999999996 0.50318125 0.03635833333333333 0.02809375
0 0.4021083333333333 0.4837625 0.030850000000000002 0.02230625
0 0.4202833333333333 0.4978125 0.03635833333333333 0.0239625
0 0.43294999999999995 0.4829375 0.03965833333333334 0.0239625
0 0.4560833333333333 0.4722 0.03745833333333334 0.02230625
0 0.46764999999999995 0.48748125000000003 0.03415 0.021481249999999997
0 0.48472499999999996 0.50111875 0.03525 0.025612499999999996
0 0.4566333333333334 0.507725 0.03855833333333333 0.02230625
0 0.4346 0.51764375 0.03635833333333333 0.01900625
0 0.40320833333333334 0.5188812500000001 0.033049999999999996 0.01983125
0 0.41256666666666664 0.53829375 0.031950000000000006 0.020656249999999998
0 0.4406583333333333 0.53623125 0.03525 0.021481249999999997
0 0.413675 0.5601937499999999 0.031950000000000006 0.0264375
0 0.44231666666666664 0.55440625 0.04296666666666667 0.024787499999999997
0 0.46709999999999996 0.5473875 0.033049999999999996 0.020656249999999998
0 0.466 0.5275562500000001 0.033049999999999996 0.01900625
0 0.4924416666666666 0.5238375 0.030850000000000002 0.021481249999999997
0 0.4946416666666667 0.54284375 0.033049999999999996 0.0264375
0 0.4929916666666667 0.5601937499999999 0.03635833333333333 0.0264375
0 0.4704083333333333 0.57671875 0.04186666666666667 0.023137500000000002
0 0.49685 0.60109375 0.03965833333333334 0.0239625
2 0.4610416666666667 0.72709375 0.04296666666666667 0.0347
2 0.43955833333333333 0.74568125 0.04406666666666667 0.028918750000000003
2 0.41036666666666666 0.7419625000000001 0.03855833333333333 0.03635625
2 0.3789666666666667 0.74444375 0.04406666666666667 0.024787499999999997
2 0.36244166666666666 0.76261875 0.04186666666666667 0.029743750000000003
2 0.39439166666666664 0.7651 0.03525 0.02809375
2 0.42083333333333334 0.7646875 0.033049999999999996 0.028918750000000003
2 0.4087166666666667 0.78451875 0.03965833333333334 0.028918750000000003
2 0.38888333333333336 0.7998000000000001 0.04186666666666667 0.0264375
2 0.3574833333333334 0.78616875 0.03855833333333333 0.025612499999999996
2 0.3420666666666667 0.8059999999999999 0.03415 0.02230625
2 0.3607916666666667 0.8217 0.04516666666666667 0.03056875
2 0.32388333333333336 0.82624375 0.04186666666666667 0.029743750000000003