2 0.38711666666666666 0.49931875 0.017175 0.01860625
2 0.40015833333333334 0.49145000000000005 0.01908333333333333 0.017175
2 0.4135166666666667 0.48333750000000003 0.021633333333333334 0.0133625
2 0.4170166666666667 0.49455 0.022266666666666667 0.014793750000000001
2 0.4062 0.50385625 0.019725000000000003 0.01526875
2 0.43324166666666664 0.4885875 0.016541666666666666 0.016225
2 0.4462833333333333 0.477375 0.017175 0.01574375
2 0.463775 0.480475 0.020358333333333332 0.01526875
2 0.4020666666666667 0.5191250000000001 0.021633333333333334 0.01526875
2 0.43228333333333335 0.5091 0.015908333333333333 0.01526875
2 0.42083333333333334 0.5205562499999999 0.017175 0.01240625
2 0.40492500000000003 0.53009375 0.022266666666666667 0.0133625
2 0.40842500000000004 0.54393125 0.017816666666666665 0.016225
2 0.475225 0.48500624999999997 0.017816666666666665 0.01288125
2 0.49780833333333335 0.49884375 0.015908333333333333 0.01288125
2 0.5067166666666666 0.51029375 0.017175 0.0138375
2 0.5121249999999999 0.52126875 0.020358333333333332 0.0138375
2 0.516575 0.53486875 0.020358333333333332 0.014312499999999999
2 0.523575 0.5503750000000001 0.021633333333333334 0.01574375
2 0.43896666666666667 0.60476875 0.017816666666666665 0.0138375
2 0.43387499999999996 0.593075 0.017816666666666665 0.014312499999999999
2 0.42815 0.5809125 0.020358333333333332 0.01765625
2 0.43800833333333333 0.57136875 0.014633333333333332 0.010974999999999999
2 0.4294166666666666 0.5611125 0.017816666666666665 0.01145
2 0.4265583333333333 0.5529999999999999 0.017175 0.01240625
2 0.422425 0.54106875 0.015266666666666666 0.01240625
2 0.418925 0.53176875 0.017175 0.010974999999999999
2 0.4504166666666667 0.4890625 0.014 0.01240625
2 0.5398 0.5623 0.01845 0.0138375
2 0.5286666666666666 0.5730375 0.017816666666666665 0.0133625
2 0.5191250000000001 0.5623 0.020358333333333332 0.01288125
2 0.5464749999999999 0.5751875 0.015266666666666666 0.01193125
2 0.5560166666666667 0.5832937499999999 0.020358333333333332 0.01574375
2 0.468225 0.6365 0.024175000000000002 0.01526875
2 0.4555 0.62194375 0.021633333333333334 0.014793750000000001
2 0.45518333333333333 0.6100187499999999 0.015908333333333333 0.010974999999999999
0 0.45614166666666667 0.57423125 0.0229 0.01574375
0 0.4501 0.561825 0.013358333333333335 0.01001875
0 0.46186666666666665 0.5496562500000001 0.016541666666666666 0.014312499999999999
0 0.4462833333333333 0.5506125000000001 0.017175 0.0133625
0 0.44055 0.538925 0.015908333333333333 0.0138375
0 0.44405 0.5219874999999999 0.014 0.0105
0 0.4526416666666666 0.51339375 0.015908333333333333 0.0133625
0 0.444375 0.50099375 0.013358333333333335 0.01240625
0 0.45995833333333336 0.50385625 0.017816666666666665 0.014312499999999999
0 0.47395 0.508625 0.016541666666666666 0.0133625
0 0.463775 0.5188812500000001 0.01908333333333333 0.010974999999999999
0 0.48031666666666667 0.5186437500000001 0.01908333333333333 0.014312499999999999
0 0.4577333333333333 0.5370125 0.017175 0.014793750000000001
0 0.4758583333333333 0.54059375 0.020358333333333332 0.0133625
0 0.490175 0.53224375 0.01845 0.01193125
0 0.47172500000000006 0.530575 0.01845 0.014312499999999999
0 0.4780916666666667 0.5529999999999999 0.019725000000000003 0.016225
0 0.49654166666666666 0.5575312499999999 0.015908333333333333 0.01193125
0 0.498125 0.54369375 0.015266666666666666 0.01574375
0 0.466 0.5611125 0.019725000000000003 0.0105
0 0.4704583333333333 0.57494375 0.015908333333333333 0.01145
0 0.466 0.59093125 0.019725000000000003 0.014793750000000001
0 0.4720416666666667 0.6062 0.020358333333333332 0.014793750000000001
0 0.48381666666666673 0.59069375 0.017175 0.014312499999999999
0 0.5102166666666667 0.5832937499999999 0.015266666666666666 0.0138375
0 0.5079916666666667 0.5697 0.01845 0.0133625
0 0.48699166666666666 0.57208125 0.01845 0.0133625
0 0.5083083333333334 0.6042875 0.017816666666666665 0.01193125
0 0.490175 0.6033375 0.01845 0.0138375
0 0.49749166666666667 0.6150249999999999 0.020358333333333332 0.014312499999999999
0 0.5127583333333333 0.61836875 0.017816666666666665 0.01240625
0 0.5159416666666666 0.5949875 0.021633333333333334 0.017175
0 0.5264416666666667 0.58568125 0.019725000000000003 0.01288125
0 0.537575 0.59689375 0.017816666666666665 0.0133625
0 0.52485 0.6062 0.020358333333333332 0.010974999999999999
0 0.5289833333333334 0.6178875 0.01845 0.0133625
0 0.5480666666666666 0.6069125 0.01845 0.0133625
0 0.5534749999999999 0.62075 0.017816666666666665 0.014312499999999999
0 0.5347083333333333 0.63053125 0.022266666666666667 0.0138375
0 0.5534749999999999 0.63268125 0.020358333333333332 0.014312499999999999
0 0.568425 0.62456875 0.02099166666666667 0.01240625
0 0.57415 0.6367375 0.02099166666666667 0.0138375
0 0.5662 0.65844375 0.021633333333333334 0.016225
0 0.5767 0.64938125 0.023541666666666666 0.014312499999999999
0 0.591325 0.65581875 0.02099166666666667 0.0138375
0 0.5836916666666666 0.6653625 0.023541666666666666 0.014793750000000001
0 0.5697 0.67466875 0.019725000000000003 0.01240625
0 0.60055 0.66393125 0.016541666666666666 0.01288125
0 0.5900583333333334 0.6744312499999999 0.019725000000000003 0.0138375
0 0.579875 0.68278125 0.02099166666666667 0.00954375
0 0.5986416666666666 0.68588125 0.0229 0.01765625
0 0.61105 0.67776875 0.019725000000000003 0.01574375
0 0.626 0.68278125 0.01908333333333333 0.01240625
0 0.6899333333333333 0.7825 0.022266666666666667 0.0133625
0 0.699475 0.77056875 0.02099166666666667 0.0105
0 0.6867583333333334 0.7576875 0.02480833333333333 0.0200375
0 0.6788 0.77200625 0.02545 0.01526875
0 0.6718083333333333 0.7832187500000001 0.0229 0.014793750000000001
0 0.6768916666666667 0.79729375 0.02545 0.01526875
0 0.6438166666666667 0.7770125 0.02545 0.0167
0 0.6234583333333333 0.78083125 0.02545 0.0167
0 0.6196416666666668 0.7667562499999999 0.029266666666666663 0.017175
0 0.6266333333333334 0.7541125 0.0229 0.0195625
0 0.6441333333333333 0.75005625 0.017175 0.0190875
0 0.6597166666666666 0.7400375 0.021633333333333334 0.017175
0 0.6473083333333333 0.7252437500000001 0.019725000000000003 0.01240625
0 0.6345916666666667 0.7159375 0.023541666666666666 0.014793750000000001
0 0.6244083333333333 0.70591875 0.023541666666666666 0.014793750000000001
0 0.6043666666666667 0.7004312500000001 0.016541666666666666 0.0133625
0 0.6177333333333334 0.69184375 0.021633333333333334 0.01240625
0 0.5871916666666667 0.6990000000000001 0.020358333333333332 0.016225
0 0.5967333333333333 0.71355625 0.021633333333333334 0.0195625
0 0.6078666666666667 0.7252437500000001 0.022266666666666667 0.017175
0 0.6142333333333334 0.74075 0.022266666666666667 0.01765625
0 0.5910083333333334 0.73860625 0.020358333333333332 0.014312499999999999
0 0.5620666666666667 0.6877875 0.022266666666666667 0.0138375
0 0.5544333333333333 0.6758625 0.02099166666666667 0.01860625
0 0.5627 0.70806875 0.022266666666666667 0.01813125
0 0.5544333333333333 0.656775 0.022266666666666667 0.01765625
0 0.556975 0.64389375 0.019725000000000003 0.014793750000000001
0 0.5401166666666667 0.6415062500000001 0.020358333333333332 0.01765625
2 0.5003583333333332 0.628625 0.023541666666666666 0.0167
2 0.4768166666666666 0.6209875 0.02099166666666667 0.01574375
2 0.5051249999999999 0.64103125 0.015266666666666666 0.0138375
2 0.5232583333333333 0.6434125 0.019725000000000003 0.01574375
2 0.5127583333333333 0.6522437499999999 0.021633333333333334 0.014312499999999999
2 0.5334333333333333 0.65510625 0.017175 0.01145
2 0.5207166666666667 0.66584375 0.023541666666666666 0.01574375
2 0.5308916666666668 0.6775312499999999 0.022266666666666667 0.017175
2 0.530575 0.69756875 0.021633333333333334 0.016225
2 0.5439333333333334 0.68850625 0.015266666666666666 0.01240625
2 0.5413916666666666 0.6651250000000001 0.015266666666666666 0.0133625
2 0.5359833333333333 0.7087812499999999 0.02480833333333333 0.0167
2 0.5493416666666667 0.7211875000000001 0.022266666666666667 0.01765625
2 0.5620666666666667 0.7400375 0.023541666666666666 0.01813125
2 0.5703333333333334 0.7247687500000001 0.017175 0.014312499999999999
2 0.586875 0.7238125 0.015908333333333333 0.0133625
2 0.57065 0.7658 0.024175000000000002 0.0190875
2 0.5891 0.7564937500000001 0.01908333333333333 0.01574375
2 0.5986416666666666 0.7686624999999999 0.017816666666666665 0.017175
2 0.6193166666666666 0.7949062499999999 0.02480833333333333 0.017175
2 0.6342666666666666 0.8049250000000001 0.0229 0.017175
2 0.6393583333333334 0.7920437499999999 0.015266666666666666 0.014312499999999999
2 0.6517666666666667 0.81065 0.019725000000000003 0.01813125
2 0.67085 0.8144687500000001 0.02480833333333333 0.01813125
2 0.658125 0.7939499999999999 0.015908333333333333 0.017175
2 0.6956583333333333 0.81184375 0.022266666666666667 0.01574375
2 0.7102916666666667 0.8182875 0.02099166666666667 0.01526875
2 0.702975 0.79824375 0.01908333333333333 0.017175
2 0.7242916666666667 0.810175 0.02735833333333333 0.020993750000000002
2 0.7281083333333334 0.7980062499999999 0.02480833333333333 0.01574375
2 0.7258833333333333 0.77486875 0.0229 0.016225
2 0.7150666666666667 0.760075 0.01908333333333333 0.017175
2 0.7188833333333333 0.74456875 0.020358333333333332 0.014793750000000001
2 0.7293833333333333 0.7560187500000001 0.023541666666666666 0.01765625
2 0.7045666666666667 0.78154375 0.01845 0.016225
2 0.687075 0.7400375 0.0229 0.01526875
2 0.68135 0.72405 0.02671666666666667 0.01765625
2 0.6552666666666667 0.713075 0.01908333333333333 0.0138375
2 0.645725 0.70234375 0.021633333333333334 0.01526875
2 0.6438166666666667 0.6775312499999999 0.0229 0.017175
2 0.6333166666666666 0.6691812500000001 0.019725000000000003 0.0195625
2 0.624725 0.6596375000000001 0.02671666666666667 0.01765625
2 0.6151833333333333 0.648425 0.02545 0.0133625
2 0.606275 0.63578125 0.017816666666666665 0.01574375
2 0.5865583333333333 0.63506875 0.016541666666666666 0.014312499999999999
2 0.6065999999999999 0.6198 0.022266666666666667 0.016225
2 0.5986416666666666 0.6100187499999999 0.01908333333333333 0.014793750000000001
2 0.5878333333333333 0.60166875 0.0229 0.014312499999999999
2 0.5728833333333334 0.61049375 0.02099166666666667 0.0138375