0 0.3714166666666667 0.6014625 0.046033333333333336 0.034525
0 0.410675 0.6028125 0.043325 0.03181875
0 0.44994166666666663 0.58995 0.046033333333333336 0.035875
0 0.4725 0.5662625 0.04783333333333333 0.034525
0 0.48333333333333334 0.60078125 0.042425 0.04129375
0 0.52395 0.58589375 0.04964166666666667 0.03723125
0 0.515375 0.6160125 0.04513333333333333 0.03655625
0 0.5383916666666667 0.63970625 0.05325 0.0392625
0 0.5338833333333333 0.66983125 0.05505833333333333 0.03316875
0 0.5072500000000001 0.64816875 0.043325 0.035875
0 0.4756666666666666 0.6285375 0.043325 0.034525
0 0.445425 0.6234625 0.046033333333333336 0.0352
0 0.4323416666666666 0.65324375 0.05415833333333333 0.03790625
0 0.46573333333333333 0.6627249999999999 0.04513333333333333 0.0352
0 0.4995833333333333 0.6766 0.04964166666666667 0.03316875
2 0.3077833333333333 0.53444375 0.05235 0.038587500000000004
2 0.3465916666666667 0.54764375 0.05595833333333334 0.03790625
2 0.3082333333333333 0.5625374999999999 0.05145 0.03385
2 0.36239166666666667 0.57235 0.05866666666666667 0.03181875
2 0.3317 0.59164375 0.044225 0.03385
2 0.33035000000000003 0.624475 0.050541666666666665 0.034525
2 0.37096666666666667 0.63429375 0.050541666666666665 0.0352
2 0.34885 0.65595625 0.042425 0.0311375
2 0.3768333333333333 0.6732187500000001 0.05325 0.03723125
2 0.3975916666666667 0.54798125 0.04964166666666667 0.035875
2 0.428725 0.56930625 0.04874166666666667 0.03249375
2 0.49416666666666664 0.549675 0.044225 0.0392625
2 0.52215 0.53410625 0.04783333333333333 0.03249375
2 0.5253083333333334 0.5638875 0.04513333333333333 0.03385
2 0.5623083333333333 0.55915 0.050541666666666665 0.03790625
2 0.5523833333333333 0.5896125 0.039716666666666664 0.03790625
2 0.5740416666666667 0.61770625 0.05415833333333333 0.035875
2 0.5871333333333333 0.6454625 0.05145 0.038587500000000004
2 0.565925 0.6711875 0.046933333333333334 0.038587500000000004
2 0.5013833333333333 0.70435625 0.04783333333333333 0.03181875
2 0.5402 0.697925 0.04783333333333333 0.03790625
2 0.5781083333333333 0.70435625 0.046033333333333336 0.03723125
2 0.6047333333333333 0.68269375 0.04513333333333333 0.04129375
2 0.5117666666666667 0.7344812500000001 0.04874166666666667 0.0392625
2 0.5523833333333333 0.7321125 0.050541666666666665 0.03181875
2 0.5993166666666666 0.74056875 0.04874166666666667 0.0392625
2 0.618725 0.71485 0.046033333333333336 0.03655625
2 0.531175 0.7893125000000001 0.05325 0.0473875
2 0.5745 0.76494375 0.05505833333333333 0.0392625
2 0.5862333333333334 0.7967562499999999 0.05145 0.0392625
2 0.6182749999999999 0.77509375 0.05235 0.044675
2 0.6408333333333334 0.74903125 0.050541666666666665 0.045356249999999994
2 0.66385 0.72128125 0.05866666666666667 0.045356249999999994
2 0.681 0.76155625 0.05145 0.0392625
2 0.66205 0.7845749999999999 0.04783333333333333 0.03790625
2 0.6259416666666666 0.81029375 0.05325 0.0392625
2 0.671525 0.8194374999999999 0.05595833333333334 0.0399375
2 0.7008583333333334 0.79168125 0.044225 0.042649999999999993
2 0.73245 0.76663125 0.05325 0.04129375
2 0.7401166666666666 0.80860625 0.05415833333333333 0.044000000000000004