1 0.34025 0.6275437500000001 0.03549166666666667 0.021412499999999998
1 0.342175 0.6081624999999999 0.03780833333333333 0.0219875
0 0.35991666666666666 0.56591875 0.033175 0.0219875
0 0.34410833333333335 0.5801 0.030858333333333335 0.021412499999999998
0 0.36724999999999997 0.5864625 0.03240833333333333 0.02025
0 0.3873083333333333 0.57604375 0.027774999999999998 0.02256875
0 0.39695833333333336 0.59745625 0.03163333333333333 0.026037499999999998
0 0.37303333333333333 0.60555625 0.02855 0.021412499999999998
0 0.37303333333333333 0.62551875 0.033175 0.0219875
0 0.4008083333333334 0.62146875 0.027 0.02083125
0 0.39926666666666666 0.640275 0.030091666666666666 0.02488125
0 0.37265 0.6460625 0.029316666666666668 0.021412499999999998
0 0.36763333333333337 0.6660250000000001 0.034716666666666667 0.02430625
0 0.39464166666666667 0.6622687500000001 0.02855 0.02256875
0 0.34449166666666664 0.66110625 0.034716666666666667 0.02256875
0 0.3252 0.6463500000000001 0.02855 0.02430625
0 0.29858333333333337 0.6356499999999999 0.03549166666666667 0.021412499999999998
0 0.29935833333333334 0.6159749999999999 0.030858333333333335 0.02488125
0 0.320575 0.602375 0.023916666666666666 0.026618750000000004
2 0.2684916666666667 0.59571875 0.03549166666666667 0.02719375
2 0.29356666666666664 0.58935625 0.02855 0.026037499999999998
2 0.31478333333333336 0.5801 0.026233333333333334 0.023725
2 0.34603333333333336 0.55145625 0.030091666666666666 0.02314375
2 0.37496666666666667 0.5529 0.027774999999999998 0.023725
2 0.366475 0.53265 0.03240833333333333 0.02256875
2 0.38808333333333334 0.52396875 0.026233333333333334 0.021412499999999998
2 0.36763333333333337 0.51413125 0.03625833333333333 0.023725
2 0.366475 0.4935875 0.03395 0.026618750000000004
2 0.26463333333333333 0.6197375 0.03549166666666667 0.0219875
2 0.25885 0.64056875 0.033175 0.02314375
2 0.28084166666666666 0.65474375 0.030858333333333335 0.023725
2 0.3016666666666667 0.6637125 0.03240833333333333 0.02314375
2 0.3213416666666667 0.6776000000000001 0.034716666666666667 0.026618750000000004
2 0.3433333333333333 0.69264375 0.027774999999999998 0.02083125
2 0.36724999999999997 0.69611875 0.029316666666666668 0.025462500000000002
2 0.3958 0.69814375 0.03240833333333333 0.026037499999999998
2 0.42357500000000003 0.66863125 0.03549166666666667 0.02025
2 0.4270416666666667 0.6478 0.03780833333333333 0.026037499999999998
2 0.4285833333333333 0.6243625 0.034716666666666667 0.02314375
2 0.4278166666666667 0.6032437500000001 0.03163333333333333 0.023725
2 0.4285833333333333 0.582125 0.034716666666666667 0.02430625
2 0.4069833333333333 0.5682375 0.02855 0.02314375
2 0.420875 0.55435 0.030091666666666666 0.02430625
2 0.39849999999999997 0.54595625 0.02855 0.02256875
2 0.4285833333333333 0.30379375 0.03163333333333333 0.026618750000000004
2 0.45405 0.3147875 0.027 0.02314375
2 0.4297416666666667 0.32635624999999996 0.026233333333333334 0.02083125
2 0.428975 0.34371875 0.030858333333333335 0.0219875
2 0.45597499999999996 0.33388125 0.029316666666666668 0.0219875
2 0.47989166666666666 0.32346874999999997 0.027774999999999998 0.02430625
2 0.49570833333333336 0.3370625 0.02855 0.02256875
2 0.48568333333333336 0.39493125 0.02855 0.03066875
2 0.5099833333333333 0.3879875 0.026233333333333334 0.02256875
2 0.506125 0.40331874999999995 0.029316666666666668 0.02430625
2 0.5323583333333334 0.40216250000000003 0.03240833333333333 0.027774999999999998
2 0.5404583333333333 0.38451250000000003 0.027 0.02025
2 0.5273416666666666 0.42183750000000003 0.02855 0.02430625
2 0.5501 0.43254375 0.029316666666666668 0.02256875
2 0.5555083333333334 0.41373750000000004 0.026233333333333334 0.025462500000000002