2 0.4345703125 0.5625 0.031941731770833336 0.024658203125
2 0.4036458333333333 0.59423828125 0.031046549479166668 0.0224151611328125
2 0.4625651041666667 0.55810546875 0.028828938802083332 0.02386474609375
2 0.4996744791666667 0.62744140625 0.03070068359375 0.024932861328125
2 0.3990885416666667 0.61572265625 0.031290690104166664 0.024139404296875
2 0.39453125 0.63720703125 0.03076171875 0.0236968994140625
2 0.4488932291666667 0.595703125 0.031229654947916668 0.023193359375
2 0.4739583333333333 0.634765625 0.030232747395833332 0.0239105224609375
2 0.4469401041666667 0.64453125 0.0303955078125 0.0242767333984375
2 0.3649088541666667 0.6328125 0.031697591145833336 0.024383544921875
2 0.4951171875 0.65234375 0.032368977864583336 0.024749755859375
2 0.423828125 0.62744140625 0.03076171875 0.0239105224609375
2 0.4267578125 0.6064453125 0.028767903645833332 0.0215301513671875
2 0.4192708333333333 0.65283203125 0.030293782552083332 0.02484130859375
2 0.4671223958333333 0.66064453125 0.030517578125 0.0250396728515625
2 0.4514973958333333 0.62158203125 0.029886881510416668 0.0222015380859375
2 0.478515625 0.58837890625 0.030293782552083332 0.0230255126953125
2 0.4938151041666667 0.67724609375 0.031412760416666664 0.0240478515625
2 0.4772135416666667 0.609375 0.026692708333333332 0.022674560546875
2 0.4287109375 0.58203125 0.024922688802083332 0.0197601318359375
2 0.4677734375 0.58056640625 0.028279622395833332 0.02337646484375