2 0.4579583333333333 0.647075 0.028133333333333333 0.025318749999999998
2 0.4301333333333333 0.6480125 0.03000833333333333 0.02719375
2 0.400125 0.64754375 0.03000833333333333 0.02625625
2 0.4166916666666666 0.6306625 0.02938333333333333 0.02344375
2 0.39575 0.6168312499999999 0.03125833333333333 0.026725
2 0.40825 0.59995 0.026258333333333335 0.024849999999999997
2 0.42544166666666666 0.61238125 0.023133333333333336 0.02063125
2 0.44326666666666664 0.62855625 0.021258333333333334 0.0201625
2 0.4689 0.63019375 0.03000833333333333 0.021568749999999998
2 0.4542 0.6126125 0.02938333333333333 0.022975
2 0.4376333333333333 0.5954999999999999 0.026258333333333335 0.021568749999999998
2 0.42263333333333336 0.5807249999999999 0.02875833333333333 0.0239125
2 0.40231666666666666 0.56783125 0.02938333333333333 0.021568749999999998
2 0.4307583333333333 0.5636125 0.027508333333333333 0.021568749999999998
2 0.41231666666666666 0.55025 0.02938333333333333 0.0239125
2 0.39449999999999996 0.53454375 0.027508333333333333 0.02719375
2 0.38825 0.506175 0.03125833333333333 0.026725
2 0.40794166666666665 0.51625625 0.023133333333333336 0.021568749999999998
2 0.41919166666666663 0.5319625 0.02938333333333333 0.024849999999999997
2 0.4388833333333333 0.54790625 0.026258333333333335 0.0239125
2 0.4579583333333333 0.56338125 0.023133333333333336 0.0182875
2 0.44826666666666665 0.57861875 0.02875833333333333 0.021568749999999998
2 0.4617083333333333 0.59385625 0.02938333333333333 0.0239125
2 0.4804583333333333 0.6098 0.025633333333333334 0.0239125
2 0.49015 0.5957312499999999 0.02875833333333333 0.026725
2 0.5064083333333333 0.5819 0.026258333333333335 0.02344375
2 0.47514999999999996 0.5776812499999999 0.03125833333333333 0.02625625
2 0.49077499999999996 0.5654875 0.027508333333333333 0.02344375
2 0.519225 0.566425 0.025633333333333334 0.02250625
2 0.5023416666666666 0.5474375 0.026883333333333332 0.025787499999999998
2 0.47389999999999993 0.5509499999999999 0.027508333333333333 0.02063125
2 0.45576666666666665 0.5361812499999999 0.026258333333333335 0.0239125
2 0.4376333333333333 0.52188125 0.026258333333333335 0.025318749999999998
2 0.40262499999999996 0.48929375 0.032508333333333334 0.022037499999999998
2 0.41544166666666665 0.47123750000000003 0.02938333333333333 0.02438125
2 0.43700833333333333 0.45858125 0.027508333333333333 0.02625625
2 0.4648333333333333 0.45811250000000003 0.028133333333333333 0.02625625
2 0.44544999999999996 0.4984375 0.024383333333333333 0.02625625
2 0.4629583333333333 0.48835625 0.024383333333333333 0.022037499999999998
2 0.49015 0.46092500000000003 0.025008333333333334 0.025318749999999998
2 0.48827499999999996 0.48718125 0.026258333333333335 0.02250625
2 0.5076583333333334 0.47475625 0.023758333333333336 0.0276625
2 0.5301666666666667 0.48999375 0.026258333333333335 0.018756250000000002
2 0.531725 0.47381875 0.025633333333333334 0.022037499999999998
2 0.5608000000000001 0.47123750000000003 0.026258333333333335 0.025318749999999998
2 0.5504833333333333 0.488825 0.025633333333333334 0.019225000000000003
2 0.5079666666666666 0.50359375 0.028133333333333333 0.02250625
2 0.4817083333333333 0.50476875 0.026883333333333332 0.0201625
2 0.4651416666666666 0.5164875 0.026258333333333335 0.0201625
2 0.4817083333333333 0.5282125 0.023133333333333336 0.0201625
2 0.49828333333333336 0.52164375 0.023758333333333336 0.0201625
2 0.5195333333333334 0.534075 0.023758333333333336 0.02063125
2 0.5286000000000001 0.51601875 0.024383333333333333 0.024849999999999997
2 0.5429833333333334 0.50383125 0.025633333333333334 0.021099999999999997
2 0.553925 0.5195375 0.027508333333333333 0.02250625
2 0.5467333333333334 0.53711875 0.024383333333333333 0.022975
2 0.531725 0.55259375 0.02938333333333333 0.022975
2 0.5611083333333333 0.55751875 0.028133333333333333 0.02719375
2 0.5720500000000001 0.5392312499999999 0.025008333333333334 0.02625625
2 0.5829916666666667 0.5214125 0.024383333333333333 0.02250625
2 0.5958083333333334 0.50265625 0.025008333333333334 0.02344375
2 0.6020583333333334 0.48483750000000003 0.025008333333333334 0.02344375
2 0.57455 0.48648125 0.03000833333333333 0.022037499999999998
2 0.5708000000000001 0.50359375 0.03000833333333333 0.021568749999999998
2 0.41731666666666667 0.50289375 0.03438333333333333 0.021099999999999997
2 0.4326333333333333 0.48530625 0.02875833333333333 0.02250625