2 0.435546875 0.62890625 0.05859375 0.044921875
2 0.4524739583333333 0.58251953125 0.055989583333333336 0.0478515625
2 0.4934895833333333 0.57763671875 0.041666666666666664 0.0458984375
2 0.5364583333333334 0.6240234375 0.06510416666666667 0.044921875
2 0.5416666666666666 0.5849609375 0.052083333333333336 0.04296875
2 0.5891927083333334 0.607421875 0.061197916666666664 0.046875
2 0.638671875 0.587890625 0.06380208333333333 0.05078125
2 0.701171875 0.57568359375 0.06380208333333333 0.0400390625
2 0.7369791666666666 0.611328125 0.0625 0.04296875
2 0.6790364583333334 0.62255859375 0.06380208333333333 0.0458984375
2 0.7213541666666666 0.6552734375 0.06770833333333333 0.048828125
2 0.6256510416666666 0.63623046875 0.05859375 0.0439453125
2 0.6634114583333334 0.6669921875 0.05859375 0.046875
2 0.6979166666666666 0.6962890625 0.057291666666666664 0.041015625
2 0.5735677083333334 0.65283203125 0.059687500000000004 0.04568359375
2 0.634765625 0.71630859375 0.063359375 0.04904296875
2 0.4759114583333333 0.69921875 0.059687500000000004 0.044765625
2 0.5384114583333334 0.69873046875 0.061158854166666665 0.046630859375
2 0.5628255208333334 0.73828125 0.06286458333333333 0.048125
2 0.5966796875 0.685546875 0.06229166666666667 0.045537109375
2 0.5146484375 0.66357421875 0.05717447916666666 0.045107421875
2 0.5087890625 0.73779296875 0.058919270833333336 0.044765625
2 0.4554036458333333 0.66015625 0.06033854166666667 0.042880859375
2 0.611328125 0.76123046875 0.062174479166666664 0.04681640625
2 0.5361328125 0.77783203125 0.06384114583333333 0.047421875
2 0.4378255208333333 0.71826171875 0.05643229166666667 0.041533203125
2 0.4860026041666667 0.62109375 0.05225260416666667 0.04248046875
2 0.5777994791666666 0.80419921875 0.0625390625 0.0499609375
2 0.4742838541666667 0.78076171875 0.06173177083333333 0.04654296875
2 0.4459635416666667 0.7470703125 0.06286458333333333 0.04193359375
2 0.5052083333333334 0.8212890625 0.06889322916666667 0.0530078125
2 0.5283203125 0.775390625 0.023177083333333334 0.0165234375