2 0.343525 0.5199875 0.041791666666666664 0.033225
2 0.3518833333333333 0.58205 0.05516666666666667 0.0369875
2 0.37235833333333335 0.556975 0.04095833333333333 0.0294625
2 0.4091416666666667 0.5594812499999999 0.037608333333333334 0.03071875
2 0.41499166666666665 0.540675 0.03928333333333334 0.033225
2 0.40621666666666667 0.51654375 0.03343333333333333 0.03134375
2 0.43839166666666673 0.50745 0.04596666666666666 0.03071875
2 0.4375583333333334 0.48143749999999996 0.0443 0.0300875
2 0.47182500000000005 0.482375 0.037608333333333334 0.0294625
2 0.47935 0.50494375 0.04095833333333333 0.028206250000000002
2 0.4609583333333333 0.52531875 0.04095833333333333 0.028837500000000002
2 0.42501666666666665 0.5826749999999999 0.042624999999999996 0.03071875
2 0.461375 0.577975 0.03510833333333334 0.02633125
2 0.45050833333333334 0.60305 0.04513333333333333 0.028837500000000002
2 0.44800833333333334 0.628125 0.04513333333333333 0.028837500000000002
2 0.4826916666666667 0.60179375 0.0326 0.0326
2 0.4826916666666667 0.5735875 0.030925 0.02758125
0 0.5006583333333333 0.58424375 0.03845 0.0300875
0 0.5303333333333333 0.5735875 0.04095833333333333 0.02758125
0 0.5052583333333333 0.55540625 0.037608333333333334 0.02758125
2 0.5274083333333334 0.60116875 0.041791666666666664 0.02633125
2 0.5646 0.60054375 0.04095833333333333 0.0326
2 0.5483 0.55008125 0.028416666666666666 0.03196875
0 0.52365 0.49083750000000004 0.042624999999999996 0.03134375
0 0.572125 0.5058874999999999 0.03594166666666667 0.028837500000000002
0 0.6243666666666666 0.49335 0.03510833333333334 0.025075
0 0.6072333333333333 0.50964375 0.0326 0.02381875
0 0.6314666666666666 0.5234375 0.03594166666666667 0.02758125
0 0.6168416666666667 0.54600625 0.03845 0.025075
0 0.57965 0.5648125 0.04095833333333333 0.02633125
0 0.6109916666666667 0.57139375 0.04346666666666666 0.028206250000000002
0 0.65445 0.5619875 0.04346666666666666 0.0294625
1 0.5758833333333333 0.5425562500000001 0.04011666666666667 0.025699999999999997
1 0.5600083333333333 0.52563125 0.036775 0.028206250000000002
1 0.595525 0.53001875 0.03594166666666667 0.02695625
0 0.6151666666666668 0.6102624999999999 0.046808333333333334 0.03071875
0 0.6051416666666666 0.6422312499999999 0.04011666666666667 0.0294625
0 0.6402416666666666 0.6331375 0.036775 0.0300875
0 0.628125 0.6597812500000001 0.037608333333333334 0.034475
0 0.6155916666666666 0.6914374999999999 0.04931666666666667 0.0326
0 0.5762999999999999 0.710875 0.0443 0.0326
0 0.6523666666666667 0.6068125 0.03594166666666667 0.0300875
0 0.677025 0.618725 0.04513333333333333 0.0300875
0 0.667825 0.665425 0.041791666666666664 0.02695625
0 0.6983333333333334 0.6789000000000001 0.03928333333333334 0.03134375
1 0.6690833333333334 0.64254375 0.04095833333333333 0.03134375
0 0.6966666666666667 0.6428562499999999 0.03426666666666667 0.03071875
1 0.7543333333333334 0.6237375000000001 0.042624999999999996 0.03510625
0 0.7844249999999999 0.6356499999999999 0.03594166666666667 0.02758125
0 0.7568416666666667 0.6610375000000001 0.052658333333333335 0.03196875
0 0.78025 0.6867375 0.03928333333333334 0.03573125
0 0.83625 0.666675 0.042624999999999996 0.03071875
0 0.8441833333333333 0.69175 0.048475000000000004 0.02695625
0 0.8583999999999999 0.7115 0.04513333333333333 0.0326
2 0.8680083333333333 0.63533125 0.0443 0.028206250000000002
2 0.8772000000000001 0.6635437500000001 0.037608333333333334 0.03071875
2 0.707525 0.72560625 0.0443 0.040743749999999995
2 0.6640666666666667 0.7296812500000001 0.05098333333333333 0.03510625
2 0.651525 0.7046062499999999 0.037608333333333334 0.0326
2 0.7422166666666666 0.7036625 0.036775 0.03196875
2 0.7723083333333333 0.7149500000000001 0.04011666666666667 0.034475
2 0.5253166666666667 0.6936312499999999 0.0443 0.03196875
2 0.4651416666666666 0.66323125 0.037608333333333334 0.025075
2 0.4872916666666667 0.64254375 0.04011666666666667 0.02758125
2 0.4684833333333333 0.68955625 0.042624999999999996 0.028837500000000002
2 0.5161250000000001 0.7124375000000001 0.03928333333333334 0.033225
2 0.5253166666666667 0.74691875 0.047641666666666665 0.0369875
2 0.5800666666666667 0.74315625 0.046808333333333334 0.040743749999999995
2 0.5462166666666667 0.7152625 0.03594166666666667 0.03134375
2 0.572125 0.6848562499999999 0.042624999999999996 0.03071875
2 0.5917666666666667 0.66605 0.04513333333333333 0.025699999999999997
2 0.5533166666666667 0.6541374999999999 0.053491666666666667 0.034475
2 0.554575 0.62530625 0.04095833333333333 0.028206250000000002
2 0.5817333333333333 0.6362749999999999 0.030091666666666666 0.03134375