2 0.46770833333333334 0.60234375 0.027083333333333334 0.025
2 0.494875 0.5988 0.028208333333333335 0.021637499999999997
2 0.48493333333333327 0.61803125 0.025 0.0177875
2 0.453525 0.620675 0.027566666666666666 0.02019375
2 0.42692499999999994 0.6276437500000001 0.029483333333333337 0.021637499999999997
2 0.4487166666666667 0.6413437500000001 0.024358333333333333 0.01923125
2 0.47468333333333335 0.635575 0.026283333333333332 0.01826875
2 0.503525 0.6326937499999999 0.026283333333333332 0.02019375
2 0.5137833333333333 0.6170687499999999 0.025 0.020675
2 0.5390999999999999 0.61081875 0.030766666666666668 0.021637499999999997
2 0.5685916666666666 0.60696875 0.026925 0.021637499999999997
2 0.5576916666666667 0.6259625 0.026925 0.01826875
2 0.5310916666666666 0.6290875 0.028849999999999997 0.0177875
2 0.5496833333333333 0.6427875000000001 0.030125 0.0240375
2 0.46538333333333337 0.6588937500000001 0.023075000000000002 0.01875
2 0.4884583333333333 0.6512 0.029483333333333337 0.0197125
2 0.48173333333333335 0.6697124999999999 0.028849999999999997 0.02115625
2 0.510575 0.6644249999999999 0.026283333333333332 0.0221125
2 0.5234000000000001 0.6487999999999999 0.028849999999999997 0.021637499999999997
2 0.4147416666666667 0.6439875 0.024358333333333333 0.0197125
2 0.42916666666666664 0.6574500000000001 0.022433333333333336 0.0177875
2 0.44583333333333336 0.6692312499999999 0.027566666666666666 0.02115625
2 0.42371666666666663 0.6841375 0.029483333333333337 0.017306250000000002
2 0.4134583333333333 0.6694687500000001 0.025641666666666667 0.020675
2 0.38781666666666664 0.6584125000000001 0.028208333333333335 0.021637499999999997
2 0.3634583333333333 0.66995 0.025641666666666667 0.0197125
2 0.38589999999999997 0.6810124999999999 0.023075000000000002 0.0197125
2 0.39935833333333337 0.6947125 0.024358333333333333 0.01923125
2 0.42660000000000003 0.7012 0.03140833333333333 0.021637499999999997
2 0.35864999999999997 0.6915875 0.026283333333333332 0.02259375
2 0.37564166666666665 0.70505 0.024358333333333333 0.020675
2 0.3990416666666667 0.7127375 0.023716666666666667 0.02259375
2 0.42435833333333334 0.7204312500000001 0.029483333333333337 0.01875
2 0.32435833333333336 0.69375 0.034616666666666664 0.0221125
2 0.3009583333333333 0.7033625000000001 0.027566666666666666 0.025
2 0.31666666666666665 0.71730625 0.025641666666666667 0.01923125
2 0.33974166666666666 0.7122624999999999 0.028208333333333335 0.02259375
2 0.36314166666666664 0.7185124999999999 0.03140833333333333 0.02259375
2 0.38781666666666664 0.73053125 0.03205 0.02451875
2 0.41795000000000004 0.740625 0.030766666666666668 0.02548125
2 0.37885 0.7478374999999999 0.03205 0.023556249999999997
2 0.3564083333333333 0.740625 0.03333333333333333 0.023556249999999997
2 0.328525 0.7360562500000001 0.033975000000000005 0.0221125
2 0.3298083333333333 0.7552875 0.03140833333333333 0.0240375
2 0.3564083333333333 0.7634624999999999 0.03333333333333333 0.023075000000000002
2 0.3096166666666667 0.74951875 0.029483333333333337 0.0278875
2 0.2846166666666667 0.7365375000000001 0.03333333333333333 0.0259625
2 0.2756416666666667 0.7199500000000001 0.029483333333333337 0.02259375
2 0.25705 0.73389375 0.03205 0.026443750000000002
2 0.2240416666666667 0.746875 0.03654166666666667 0.02740625
2 0.257375 0.7533625 0.03269166666666667 0.023075000000000002
2 0.27820833333333334 0.7615375 0.028208333333333335 0.023075000000000002
2 0.30640833333333334 0.7733187499999999 0.03718333333333333 0.02451875
2 0.228525 0.76706875 0.035258333333333336 0.02548125
2 0.255125 0.7752375 0.03333333333333333 0.026443750000000002
2 0.22147499999999998 0.790625 0.03654166666666667 0.02548125
2 0.24647499999999997 0.8028875 0.041666666666666664 0.034612500000000004
2 0.2727583333333333 0.7824500000000001 0.035258333333333336 0.02740625
2 0.7419833333333333 0.554325 0.033975000000000005 0.0259625
2 0.7400666666666667 0.575 0.030125 0.025
2 0.7096166666666667 0.5814875 0.034616666666666664 0.023556249999999997
2 0.7407083333333333 0.59615625 0.033975000000000005 0.025
2 0.7265999999999999 0.6096125 0.03269166666666667 0.0221125
2 0.7016 0.60071875 0.03140833333333333 0.021637499999999997
2 0.6791666666666667 0.58485625 0.03269166666666667 0.02740625
2 0.6528833333333334 0.5887 0.03140833333333333 0.02451875
2 0.623075 0.59326875 0.028208333333333335 0.023075000000000002
2 0.59455 0.5990375 0.033975000000000005 0.0240375
2 0.589425 0.62043125 0.030125 0.02259375
2 0.6150666666666667 0.61418125 0.023716666666666667 0.02451875
2 0.6362166666666667 0.6290875 0.03140833333333333 0.023556249999999997
2 0.6445500000000001 0.6072124999999999 0.028849999999999997 0.0221125
2 0.6650666666666667 0.6221125 0.028849999999999997 0.025
2 0.6727583333333332 0.6040875 0.026283333333333332 0.026443750000000002
2 0.6958333333333333 0.6158625 0.033975000000000005 0.023075000000000002
2 0.6916666666666667 0.634375 0.03205 0.028362500000000002
2 0.7234 0.6314875 0.03781666666666667 0.028362500000000002