0 0.5937416666666667 0.86150625 0.03755 0.0256625
0 0.5749666666666667 0.84304375 0.03838333333333333 0.027537500000000003
0 0.5983333333333334 0.8267749999999999 0.03671666666666667 0.02253125
0 0.5611916666666666 0.81550625 0.039225 0.023781249999999997
0 0.5916583333333333 0.80455625 0.035050000000000005 0.0281625
0 0.6575833333333333 0.8036125 0.035050000000000005 0.0250375
0 0.5566083333333333 0.7920375 0.03671666666666667 0.024406249999999997
0 0.5215583333333333 0.78515 0.03671666666666667 0.024406249999999997
0 0.50195 0.77013125 0.039225 0.02190625
0 0.48400833333333326 0.78828125 0.035050000000000005 0.0256625
0 0.5778833333333334 0.77075625 0.03755 0.024406249999999997
0 0.544925 0.767625 0.035050000000000005 0.024406249999999997
0 0.5703750000000001 0.75041875 0.039225 0.026287500000000002
0 0.5803916666666666 0.728825 0.035883333333333337 0.0281625
0 0.5453416666666666 0.7382125 0.035883333333333337 0.024406249999999997
0 0.5228083333333333 0.7551125000000001 0.03755 0.024406249999999997
0 0.5153 0.7332062500000001 0.03254166666666666 0.024406249999999997
0 0.5395 0.71661875 0.035883333333333337 0.023781249999999997
0 0.5511833333333332 0.69690625 0.03755 0.026912500000000002
0 0.5157166666666667 0.70598125 0.033383333333333334 0.0250375
0 0.4915166666666667 0.7194375 0.03838333333333333 0.02190625
0 0.4694 0.7375875000000001 0.034216666666666666 0.02315625
0 0.4952666666666667 0.7472875000000001 0.027541666666666666 0.023781249999999997
0 0.46606666666666663 0.7585500000000001 0.03755 0.0250375
0 0.45855 0.7184999999999999 0.034216666666666666 0.023781249999999997
0 0.4798333333333333 0.700975 0.03671666666666667 0.027537500000000003
0 0.5094583333333333 0.68595 0.034216666666666666 0.023781249999999997
0 0.5303166666666667 0.67186875 0.035883333333333337 0.024406249999999997
0 0.5061166666666667 0.66216875 0.035883333333333337 0.023781249999999997
0 0.4810833333333333 0.675625 0.035883333333333337 0.026912500000000002
0 0.4527083333333333 0.67875625 0.034216666666666666 0.02190625
0 0.44728333333333337 0.69846875 0.033383333333333334 0.023781249999999997
0 0.4164083333333333 0.6909562499999999 0.035050000000000005 0.0287875
0 0.426425 0.67311875 0.040058333333333335 0.0281625
0 0.451875 0.6590375 0.03755 0.026287500000000002
0 0.4798333333333333 0.6462062500000001 0.03170833333333333 0.0281625
0 0.5107083333333333 0.6415125 0.035050000000000005 0.03129375
0 0.48609166666666664 0.62743125 0.03755 0.0281625
0 0.450625 0.6365062499999999 0.03671666666666667 0.027537500000000003
0 0.4260083333333333 0.6490250000000001 0.035883333333333337 0.023781249999999997
0 0.39430000000000004 0.66154375 0.03755 0.023781249999999997
0 0.3872 0.6825125 0.03838333333333333 0.0256625
0 0.37051666666666666 0.6499625 0.030041666666666664 0.0256625
0 0.341725 0.6386999999999999 0.034216666666666666 0.02941875
0 0.36925833333333336 0.62743125 0.03254166666666666 0.0256625
0 0.39638333333333337 0.6393249999999999 0.03170833333333333 0.026912500000000002
0 0.4235083333333333 0.62774375 0.035883333333333337 0.0250375
0 0.45355 0.61741875 0.039225 0.026912500000000002
0 0.46856666666666663 0.59770625 0.03755 0.0287875
0 0.44311666666666666 0.5842499999999999 0.03838333333333333 0.0281625
0 0.4205833333333333 0.59770625 0.035050000000000005 0.026287500000000002
0 0.39680000000000004 0.61679375 0.035883333333333337 0.02315625
0 0.38136666666666663 0.59708125 0.033383333333333334 0.023781249999999997
0 0.35549166666666665 0.60990625 0.041725 0.024406249999999997
0 0.4038916666666667 0.58080625 0.033383333333333334 0.0250375
0 0.43310000000000004 0.5676625 0.03671666666666667 0.026287500000000002
0 0.43060000000000004 0.548575 0.03671666666666667 0.026912500000000002
0 0.39721666666666666 0.541375 0.035050000000000005 0.0250375
0 0.400975 0.56203125 0.034216666666666666 0.0250375
0 0.3746833333333333 0.55608125 0.03671666666666667 0.02315625
0 0.3776083333333333 0.576425 0.035883333333333337 0.026287500000000002
0 0.34923333333333334 0.5704812499999999 0.035883333333333337 0.024406249999999997
0 0.35257499999999997 0.587375 0.034216666666666666 0.02941875
0 0.3233666666666667 0.559525 0.035883333333333337 0.0250375
0 0.34756666666666663 0.5482625 0.030874999999999996 0.026287500000000002
0 0.36925833333333336 0.5351187500000001 0.03254166666666666 0.0250375
0 0.32295 0.5385625 0.03838333333333333 0.0256625
0 0.3421416666666667 0.52573125 0.03170833333333333 0.0250375
0 0.363425 0.5125875 0.035883333333333337 0.0287875
0 0.3233666666666667 0.5125875 0.035883333333333337 0.026287500000000002
0 0.33921666666666667 0.49443750000000003 0.035883333333333337 0.02253125
0 0.37301666666666666 0.48911875000000005 0.033383333333333334 0.026912500000000002
0 0.400975 0.48911875000000005 0.035883333333333337 0.026912500000000002
0 0.3867833333333333 0.47190624999999997 0.035883333333333337 0.026287500000000002
0 0.38636666666666664 0.4521875 0.040058333333333335 0.026912500000000002
0 0.37969166666666665 0.432475 0.03671666666666667 0.027537500000000003
0 0.35758333333333336 0.45375624999999997 0.030874999999999996 0.0250375
0 0.3020833333333333 0.49975625 0.03838333333333333 0.0281625
0 0.27704999999999996 0.4863 0.035050000000000005 0.0287875
0 0.31293333333333334 0.48035625000000004 0.033383333333333334 0.0256625
0 0.34255833333333335 0.47440625 0.035883333333333337 0.027537500000000003
0 0.3116833333333333 0.461575 0.034216666666666666 0.02315625
0 0.33421666666666666 0.44593125 0.034216666666666666 0.0256625
0 0.30750833333333333 0.4418625 0.03755 0.0250375
0 0.27496666666666664 0.44155 0.039225 0.02315625
0 0.2791333333333333 0.46189375 0.039225 0.0250375
0 0.24700833333333336 0.45 0.040058333333333335 0.0250375
0 0.25285 0.47096875 0.03838333333333333 0.0281625
0 0.27663333333333334 0.42215 0.035883333333333337 0.026912500000000002
0 0.31084999999999996 0.42340000000000005 0.034216666666666666 0.0256625
0 0.3421416666666667 0.42621875000000004 0.03671666666666667 0.026287500000000002
0 0.33295833333333336 0.4065 0.033383333333333334 0.02315625
0 0.34881666666666666 0.387725 0.033383333333333334 0.024406249999999997
0 0.34089166666666665 0.36957500000000004 0.039225 0.026912500000000002
0 0.32378333333333337 0.3867875 0.033383333333333334 0.02253125
0 0.3033416666666667 0.40305625 0.039225 0.023781249999999997
0 0.28915 0.38271875 0.035883333333333337 0.02315625
0 0.269125 0.39899375 0.03755 0.026912500000000002
0 0.25785833333333336 0.38209375 0.03170833333333333 0.0256625
0 0.23324166666666665 0.37176875000000004 0.03755 0.0287875
0 0.25451666666666667 0.35643125 0.035050000000000005 0.026912500000000002
0 0.2778833333333333 0.36300625 0.035050000000000005 0.0250375
0 0.2991666666666667 0.34766874999999997 0.035883333333333337 0.024406249999999997
0 0.317525 0.32701875 0.034216666666666666 0.0256625
0 0.28915 0.32044375 0.034216666666666666 0.0250375
0 0.272875 0.33796875 0.03671666666666667 0.023781249999999997
0 0.24659166666666668 0.33045625 0.03755 0.027537500000000003
0 0.22405833333333333 0.3492375 0.040891666666666666 0.0287875
0 0.21696666666666667 0.32858125 0.03838333333333333 0.0287875
0 0.23407499999999998 0.31230625 0.035883333333333337 0.0250375
0 0.260775 0.31136874999999997 0.03755 0.026912500000000002
0 0.18400833333333333 0.2991625 0.035883333333333337 0.0250375
0 0.21488333333333334 0.29728750000000004 0.03254166666666666 0.026287500000000002
0 0.24742500000000003 0.29134375 0.039225 0.0256625
0 0.22823333333333332 0.27569375 0.035883333333333337 0.0256625
0 0.2541 0.2628625 0.03254166666666666 0.026287500000000002
0 0.21655000000000002 0.25816875 0.03755 0.0256625
2 0.5824750000000001 0.6024 0.033383333333333334 0.0256625
2 0.6004166666666667 0.6286875 0.027541666666666666 0.02315625
2 0.5536833333333333 0.5842499999999999 0.03254166666666666 0.024406249999999997
2 0.5724583333333334 0.90625625 0.035050000000000005 0.0250375
2 0.6129333333333333 0.9028125 0.04255833333333334 0.026912500000000002
2 0.5632833333333334 0.882475 0.03671666666666667 0.027537500000000003
2 0.6342166666666667 0.8827875000000001 0.03671666666666667 0.03191875
2 0.5949916666666667 0.881225 0.03671666666666667 0.0250375
2 0.645475 0.85775 0.035883333333333337 0.024406249999999997
2 0.6638416666666667 0.8759 0.03755 0.0281625
2 0.6880416666666667 0.855875 0.035883333333333337 0.026912500000000002
2 0.665925 0.8417937499999999 0.035050000000000005 0.0250375
2 0.6337999999999999 0.8386625 0.035883333333333337 0.027537500000000003
2 0.6542416666666667 0.8223937499999999 0.040058333333333335 0.023781249999999997
2 0.6922083333333333 0.82270625 0.039225 0.026912500000000002
2 0.7126583333333334 0.8392875 0.035050000000000005 0.026287500000000002
2 0.7255916666666667 0.8192625 0.04255833333333334 0.026287500000000002
2 0.748125 0.79923125 0.03755 0.026287500000000002
2 0.7055583333333333 0.8008 0.040891666666666666 0.026912500000000002
2 0.7214166666666667 0.77795625 0.04255833333333334 0.03129375
2 0.691375 0.77920625 0.035883333333333337 0.027537500000000003
2 0.700975 0.7563625 0.040058333333333335 0.024406249999999997
2 0.6688416666666667 0.7645000000000001 0.03755 0.0281625
2 0.6492333333333333 0.7829625 0.03671666666666667 0.0250375
2 0.6304583333333333 0.77075625 0.029208333333333333 0.02315625
2 0.6016666666666667 0.7666875000000001 0.028374999999999997 0.023781249999999997
2 0.6141833333333333 0.78921875 0.030041666666666664 0.023781249999999997
2 0.6141833333333333 0.7469750000000001 0.033383333333333334 0.02315625
2 0.6467333333333334 0.7491625000000001 0.03671666666666667 0.026287500000000002
2 0.6450583333333334 0.7285124999999999 0.03170833333333333 0.023781249999999997
2 0.6726 0.7178687499999999 0.035050000000000005 0.027537500000000003
2 0.68345 0.7394625 0.033383333333333334 0.0281625
2 0.6396416666666667 0.70598125 0.039225 0.026287500000000002
2 0.6158583333333333 0.721625 0.035050000000000005 0.026287500000000002
2 0.6087583333333333 0.69784375 0.03755 0.026287500000000002
2 0.5828916666666667 0.6931499999999999 0.034216666666666666 0.024406249999999997
2 0.6 0.6771875 0.033383333333333334 0.0250375
2 0.6317083333333333 0.68094375 0.035050000000000005 0.027537500000000003
2 0.5741333333333334 0.6678000000000001 0.035050000000000005 0.0250375
2 0.5399166666666666 0.86495 0.035050000000000005 0.03129375
2 0.5082083333333334 0.8583812500000001 0.04339166666666667 0.02941875
2 0.5203083333333334 0.8374124999999999 0.039225 0.03004375
2 0.4956916666666667 0.82333125 0.035050000000000005 0.026912500000000002
2 0.51905 0.8105 0.03671666666666667 0.026287500000000002
2 0.4568833333333333 0.78953125 0.03254166666666666 0.026912500000000002
2 0.43018333333333336 0.7839 0.039225 0.0281625
2 0.3959666666666667 0.77795625 0.03755 0.03004375
2 0.4139083333333333 0.7573000000000001 0.033383333333333334 0.027537500000000003
2 0.4401916666666667 0.74228125 0.03254166666666666 0.02253125
2 0.4122416666666667 0.73665 0.033383333333333334 0.0250375
2 0.436025 0.72225 0.034216666666666666 0.02253125
2 0.40765 0.71599375 0.03254166666666666 0.023781249999999997
2 0.37719166666666665 0.70879375 0.040058333333333335 0.02315625
2 0.34923333333333334 0.721 0.035883333333333337 0.0287875
2 0.37635833333333335 0.7285124999999999 0.035050000000000005 0.026287500000000002
2 0.3842833333333333 0.7491625000000001 0.034216666666666666 0.0287875
2 0.6141833333333333 0.65465625 0.040058333333333335 0.03004375
2 0.5803916666666666 0.6446437500000001 0.035883333333333337 0.0287875
2 0.55535 0.6424562500000001 0.03254166666666666 0.024406249999999997
2 0.5428333333333333 0.621175 0.03254166666666666 0.02941875
2 0.5682916666666668 0.62461875 0.03838333333333333 0.027537500000000003
2 0.5353249999999999 0.60083125 0.03254166666666666 0.02253125
2 0.51405 0.61491875 0.030041666666666664 0.02190625
2 0.5061166666666667 0.59395 0.039225 0.0250375
2 0.4986083333333334 0.5758 0.035883333333333337 0.027537500000000003
2 0.5274 0.58018125 0.033383333333333334 0.026287500000000002
2 0.55285 0.56265625 0.035883333333333337 0.0250375
2 0.54075 0.54356875 0.03838333333333333 0.024406249999999997
2 0.5211416666666667 0.5564 0.03254166666666666 0.0287875
2 0.49318333333333336 0.55483125 0.03170833333333333 0.024406249999999997
2 0.4648083333333333 0.55045 0.03838333333333333 0.0256625
2 0.46981666666666666 0.5689125 0.033383333333333334 0.026287500000000002
2 0.479 0.5323 0.033383333333333334 0.0256625
2 0.48692499999999994 0.51070625 0.03254166666666666 0.0250375
2 0.45771666666666666 0.5116499999999999 0.03254166666666666 0.02315625
2 0.44728333333333337 0.52729375 0.03170833333333333 0.0256625
2 0.42016666666666663 0.52510625 0.03254166666666666 0.0250375
2 0.392625 0.51821875 0.030874999999999996 0.026287500000000002
2 0.42892500000000006 0.5060125 0.035050000000000005 0.02315625
2 0.44145 0.48786250000000003 0.03671666666666667 0.026912500000000002
2 0.4694 0.49036875 0.035883333333333337 0.0256625
2 0.4568833333333333 0.47065625 0.034216666666666666 0.023781249999999997
2 0.43268333333333336 0.4665875 0.035883333333333337 0.0256625
2 0.42725833333333335 0.44468125000000003 0.033383333333333334 0.02315625
2 0.4539666666666667 0.4490625 0.035050000000000005 0.02315625
2 0.449375 0.42746875 0.035883333333333337 0.03129375
2 0.42266666666666663 0.42183750000000003 0.03755 0.03129375
2 0.40723333333333334 0.4055625 0.03671666666666667 0.023781249999999997
2 0.37677499999999997 0.40118125 0.030874999999999996 0.023781249999999997
2 0.39763333333333334 0.3867875 0.039225 0.027537500000000003
2 0.3847 0.36707500000000004 0.03671666666666667 0.026912500000000002
2 0.3759416666666667 0.34485625 0.040891666666666666 0.0287875
2 0.3459 0.34641875 0.034216666666666666 0.024406249999999997
2 0.32378333333333337 0.361125 0.028374999999999997 0.023781249999999997
2 0.36050000000000004 0.32670625000000003 0.03671666666666667 0.023781249999999997
2 0.3546583333333333 0.3069875 0.03838333333333333 0.026912500000000002
2 0.33463333333333334 0.29165625 0.033383333333333334 0.0250375
2 0.3025 0.29103124999999996 0.034216666666666666 0.02253125
2 0.27871666666666667 0.28508125 0.03170833333333333 0.024406249999999997
2 0.293325 0.2681875 0.034216666666666666 0.024406249999999997
2 0.32211666666666666 0.27413125 0.033383333333333334 0.0250375
2 0.3158583333333333 0.2516 0.034216666666666666 0.026287500000000002
2 0.29165833333333335 0.24565625000000002 0.034216666666666666 0.0256625
2 0.3116833333333333 0.305425 0.034216666666666666 0.027537500000000003
2 0.17149166666666665 0.2778875 0.035883333333333337 0.021281249999999998
2 0.15813333333333332 0.2966625 0.030874999999999996 0.023781249999999997
2 0.13644166666666666 0.31074375 0.034216666666666666 0.024406249999999997
2 0.17649166666666666 0.3148125 0.034216666666666666 0.018775
2 0.15270833333333333 0.32858125 0.03671666666666667 0.021281249999999998
2 0.11975 0.32983125 0.040891666666666666 0.0250375
2 0.12183333333333332 0.34954999999999997 0.03671666666666667 0.024406249999999997
2 0.14979166666666666 0.35455624999999996 0.03254166666666666 0.02315625
2 0.17440833333333333 0.34235 0.03170833333333333 0.02253125
2 0.20110833333333333 0.3492375 0.03170833333333333 0.02253125
2 0.17900000000000002 0.36206249999999995 0.03254166666666666 0.020656249999999998
2 0.128925 0.370825 0.039225 0.02315625
2 0.16189166666666668 0.3770875 0.03671666666666667 0.0256625
2 0.13894166666666666 0.39148125 0.03254166666666666 0.0256625
2 0.20653333333333335 0.3711375 0.034216666666666666 0.0250375
2 0.186925 0.385225 0.03671666666666667 0.026912500000000002
2 0.21613333333333334 0.39304375 0.03170833333333333 0.027537500000000003
2 0.24325833333333335 0.40024375 0.034216666666666666 0.024406249999999997
2 0.19485 0.40681249999999997 0.035883333333333337 0.026287500000000002
2 0.16648333333333334 0.39805 0.03755 0.03004375
2 0.148125 0.41776874999999997 0.034216666666666666 0.0256625
2 0.17733333333333334 0.4249625 0.034216666666666666 0.026287500000000002
2 0.207375 0.432475 0.030874999999999996 0.026287500000000002
2 0.22405833333333333 0.4152625 0.029208333333333333 0.024406249999999997
2 0.248675 0.4249625 0.030041666666666664 0.02253125
2 0.15855 0.44155 0.035050000000000005 0.024406249999999997
2 0.185675 0.4490625 0.03755 0.0281625
2 0.16606666666666667 0.4665875 0.030041666666666664 0.0256625
2 0.19276666666666667 0.47315624999999994 0.035050000000000005 0.0250375
2 0.211125 0.45844999999999997 0.028374999999999997 0.02941875
2 0.22615 0.47753749999999995 0.035050000000000005 0.027537500000000003
2 0.19860833333333333 0.4935 0.030041666666666664 0.0281625
2 0.20195 0.51415 0.033383333333333334 0.02941875
2 0.2287 0.500725 0.03618333333333334 0.02570625
2 0.250025 0.51429375 0.03389166666666667 0.027137500000000002
2 0.22413333333333332 0.52571875 0.030850000000000002 0.024849999999999997
2 0.27725833333333333 0.5228625 0.03123333333333333 0.027706249999999998
2 0.2972583333333333 0.5342875 0.030850000000000002 0.025993750000000003
2 0.25193333333333334 0.53756875 0.03465833333333334 0.024562499999999998
2 0.2747833333333333 0.5471374999999999 0.03465833333333334 0.0265625
2 0.222225 0.54685625 0.03389166666666667 0.02428125
2 0.22069999999999998 0.5681375 0.033133333333333334 0.024562499999999998
2 0.24869166666666667 0.5595625 0.03046666666666667 0.02228125
2 0.2705916666666667 0.57013125 0.03465833333333334 0.02399375
2 0.29896666666666666 0.5568500000000001 0.028183333333333335 0.023706249999999998
2 0.243175 0.58255625 0.031608333333333336 0.025993750000000003
2 0.27021666666666666 0.5907 0.030850000000000002 0.023424999999999998
2 0.29991666666666666 0.57741875 0.03389166666666667 0.023137500000000002
2 0.32848333333333335 0.5849875 0.029324999999999997 0.023424999999999998
2 0.33190833333333336 0.60569375 0.030850000000000002 0.023706249999999998
2 0.30449166666666666 0.598125 0.03618333333333334 0.02399375
2 0.2763083333333333 0.610125 0.033133333333333334 0.022850000000000002
2 0.30696666666666667 0.6178374999999999 0.034275 0.0251375
2 0.2785916666666667 0.630975 0.04075 0.024562499999999998
2 0.31781666666666664 0.6364 0.029324999999999997 0.02399375
2 0.29135 0.65096875 0.035041666666666665 0.023424999999999998
2 0.3075333333333333 0.6669625 0.03465833333333334 0.027993749999999998
2 0.334575 0.6772499999999999 0.033133333333333334 0.024562499999999998
2 0.3342 0.65425625 0.030850000000000002 0.023706249999999998
2 0.36314166666666664 0.68510625 0.030850000000000002 0.02541875