0 0.3327833333333333 0.62114375 0.014033333333333333 0.013156250000000001
0 0.32876666666666665 0.63223125 0.016041666666666666 0.010525
0 0.3408 0.62603125 0.014033333333333333 0.01165
0 0.34055 0.6358 0.015533333333333333 0.01240625
0 0.331275 0.64200625 0.016041666666666666 0.01203125
2 0.319 0.59050625 0.019541666666666666 0.01428125
2 0.3042166666666667 0.59295 0.02005 0.013156250000000001
2 0.30045 0.60103125 0.017541666666666667 0.011275
2 0.30696666666666667 0.61136875 0.016541666666666666 0.01240625
2 0.288425 0.6134375 0.016541666666666666 0.01278125
2 0.28165833333333334 0.6234000000000001 0.02005 0.013156250000000001
2 0.29669166666666663 0.6196375 0.013033333333333334 0.01165
2 0.30496666666666666 0.6271562500000001 0.016541666666666666 0.01240625
2 0.3132333333333333 0.62095625 0.015033333333333333 0.009775
2 0.3152416666666667 0.602725 0.017041666666666667 0.01165
2 0.31975 0.61211875 0.015033333333333333 0.0109
2 0.32977500000000004 0.60460625 0.013033333333333334 0.01015
2 0.34180000000000005 0.60685625 0.014033333333333333 0.0109
2 0.35483333333333333 0.6072375 0.015033333333333333 0.01015
2 0.34906666666666664 0.61644375 0.013533333333333331 0.011275
2 0.36135 0.61569375 0.018041666666666664 0.01203125
2 0.35257499999999997 0.6254625 0.015533333333333333 0.011275
2 0.3661083333333333 0.6250875 0.017541666666666667 0.010525
2 0.35733333333333334 0.6358 0.016041666666666666 0.0109
2 0.37362500000000004 0.63354375 0.014533333333333334 0.009399999999999999
2 0.307975 0.63824375 0.016541666666666666 0.011275
2 0.30621666666666664 0.6474562500000001 0.015033333333333333 0.01165
2 0.319 0.64238125 0.016541666666666666 0.010525
2 0.3237583333333333 0.64951875 0.015033333333333333 0.01278125
2 0.3280166666666667 0.6602312499999999 0.015533333333333333 0.01015
2 0.331275 0.67056875 0.015033333333333333 0.01203125
2 0.3390416666666667 0.65215 0.014533333333333334 0.011275
2 0.34180000000000005 0.662675 0.017041666666666667 0.011275
2 0.34856666666666664 0.6730125 0.019541666666666666 0.013156250000000001
2 0.352075 0.6561 0.016541666666666666 0.01240625
2 0.35809166666666664 0.66436875 0.019541666666666666 0.01015
2 0.3600916666666667 0.6472687500000001 0.016541666666666666 0.011275
2 0.36785833333333334 0.6551625 0.016041666666666666 0.01203125
2 0.375125 0.64406875 0.014533333333333334 0.01240625
2 0.3919166666666667 0.6416249999999999 0.017041666666666667 0.01203125
2 0.39743333333333336 0.64933125 0.018041666666666664 0.01015
2 0.3994333333333333 0.65685 0.01904166666666667 0.009399999999999999
2 0.38315 0.6576000000000001 0.018541666666666668 0.0109
2 0.374625 0.66925625 0.018541666666666668 0.013156250000000001
2 0.39016666666666666 0.6671875 0.02055 0.011275