0 0.3204416666666666 0.682825 0.03170833333333333 0.027537500000000003
0 0.3383833333333333 0.69940625 0.040891666666666666 0.03191875
0 0.368425 0.6928375 0.03254166666666666 0.03129375
0 0.35758333333333336 0.67061875 0.035883333333333337 0.03191875
0 0.3809416666666667 0.65434375 0.035883333333333337 0.03066875
0 0.4051416666666667 0.66123125 0.034216666666666666 0.02941875
0 0.3984666666666667 0.684075 0.035883333333333337 0.0287875
0 0.39763333333333334 0.70879375 0.03755 0.02941875
0 0.4230833333333333 0.6915875 0.035050000000000005 0.0287875
0 0.43185 0.67030625 0.03254166666666666 0.027537500000000003
0 0.4260083333333333 0.64339375 0.034216666666666666 0.0287875
0 0.42517499999999997 0.6208625 0.035883333333333337 0.03129375
0 0.4548 0.62743125 0.041725 0.03066875
0 0.47774999999999995 0.64276875 0.034216666666666666 0.0287875
0 0.5032 0.657475 0.035050000000000005 0.03066875
0 0.45229166666666665 0.65246875 0.033383333333333334 0.03066875
0 0.4727416666666666 0.6668625 0.03755 0.02941875
0 0.4568833333333333 0.68345 0.03755 0.03004375
2 0.46189166666666664 0.52009375 0.034216666666666666 0.03129375
2 0.5048666666666667 0.5232249999999999 0.040058333333333335 0.03129375
2 0.48400833333333326 0.53761875 0.041725 0.03129375
2 0.5132083333333334 0.5482625 0.035050000000000005 0.026287500000000002
2 0.53825 0.5545187500000001 0.033383333333333334 0.026287500000000002
2 0.5603583333333333 0.542 0.03755 0.03004375
2 0.4648083333333333 0.5507625 0.035050000000000005 0.0287875
2 0.43268333333333336 0.55420625 0.03254166666666666 0.0281625
2 0.4894333333333334 0.56234375 0.03254166666666666 0.0256625
2 0.4664833333333333 0.57204375 0.033383333333333334 0.0250375
2 0.5186333333333334 0.57141875 0.034216666666666666 0.026287500000000002
2 0.5499333333333333 0.5798687499999999 0.041725 0.026912500000000002
2 0.49360000000000004 0.5839375 0.030874999999999996 0.0250375
2 0.51905 0.5948875 0.03838333333333333 0.026912500000000002
2 0.5545166666666667 0.60365 0.035883333333333337 0.0256625
2 0.5862333333333334 0.60584375 0.035883333333333337 0.03254375
2 0.6842833333333334 0.60365 0.040058333333333335 0.03066875
2 0.4877583333333333 0.60584375 0.039225 0.027537500000000003
2 0.5107083333333333 0.6233625 0.033383333333333334 0.027537500000000003
2 0.5399166666666666 0.61616875 0.03671666666666667 0.0256625
2 0.4593833333333333 0.5942625 0.040891666666666666 0.026912500000000002
2 0.43518333333333337 0.5783 0.039225 0.0287875
2 0.4080666666666667 0.5758 0.03671666666666667 0.026287500000000002
2 0.4051416666666667 0.59926875 0.03755 0.02315625
2 0.43435 0.60365 0.030874999999999996 0.024406249999999997
2 0.379275 0.5855 0.035883333333333337 0.026912500000000002
2 0.3521583333333333 0.5967687500000001 0.03838333333333333 0.02941875
2 0.380525 0.6117875 0.03671666666666667 0.026912500000000002
2 0.3675916666666667 0.63275 0.034216666666666666 0.026287500000000002
2 0.3421416666666667 0.6193 0.041725 0.026912500000000002
2 0.3208583333333333 0.6024 0.03755 0.0281625
2 0.28873333333333334 0.61021875 0.03838333333333333 0.03004375
2 0.316275 0.62743125 0.035050000000000005 0.02941875
2 0.2733 0.63025 0.040891666666666666 0.026287500000000002
2 0.29165833333333335 0.64495625 0.039225 0.0281625
2 0.27413333333333334 0.6653 0.044225 0.03254375
2 0.33713333333333334 0.6402625000000001 0.03838333333333333 0.026287500000000002
2 0.33671666666666666 0.658725 0.03254166666666666 0.02315625
2 0.31084999999999996 0.665925 0.034216666666666666 0.023781249999999997
2 0.29123333333333334 0.6862625 0.030041666666666664 0.026912500000000002
2 0.31334999999999996 0.7053562499999999 0.03254166666666666 0.023781249999999997
2 0.3025 0.7272562499999999 0.039225 0.03129375
2 0.3233666666666667 0.74321875 0.039225 0.03191875
2 0.3388 0.7213124999999999 0.041725 0.0281625
2 0.35800000000000004 0.7382125 0.041725 0.03316875
2 0.379275 0.7228812499999999 0.035883333333333337 0.03004375
2 0.4089 0.72538125 0.03838333333333333 0.0287875
2 0.4376916666666667 0.7122375 0.039225 0.03129375
2 0.465225 0.7025374999999999 0.03755 0.02941875
2 0.48859166666666665 0.6922125 0.03755 0.03254375
2 0.5090416666666667 0.6765625 0.03170833333333333 0.0250375
2 0.536575 0.6681125 0.040058333333333335 0.03191875
2 0.54075 0.6412 0.03671666666666667 0.03066875
2 0.5649500000000001 0.6562250000000001 0.041725 0.03316875