2 0.16860833333333333 0.7402249999999999 0.035825 0.024087499999999998
2 0.17578333333333332 0.76123125 0.030291666666666668 0.023025000000000004
2 0.187825 0.72363125 0.029666666666666668 0.02276875
2 0.21028333333333335 0.7084937499999999 0.02876666666666667 0.02203125
2 0.14859999999999998 0.7670874999999999 0.030758333333333332 0.023331249999999998
2 0.23111666666666664 0.6938500000000001 0.028991666666666666 0.02236875
2 0.24153333333333332 0.6738312500000001 0.027325 0.021331250000000003
2 0.19791666666666666 0.7441437500000001 0.029375 0.022631250000000002
2 0.22005 0.72998125 0.02811666666666667 0.021618750000000003
2 0.24055833333333335 0.71533125 0.028316666666666664 0.02229375
2 0.25895 0.65331875 0.02795 0.021775000000000003
2 0.23323333333333332 0.77001875 0.030291666666666668 0.0222
2 0.17594166666666666 0.78418125 0.032183333333333335 0.02479375
2 0.26969166666666666 0.73095625 0.02828333333333333 0.021531250000000002
2 0.51595 0.6543000000000001 0.026283333333333332 0.01994375
2 0.20524166666666666 0.7871125000000001 0.029766666666666667 0.0232875
2 0.5221333333333333 0.7045874999999999 0.027625 0.02036875
2 0.252275 0.7558625000000001 0.029375 0.02203125
2 0.224775 0.7504875 0.029091666666666665 0.021487500000000003
2 0.2587916666666667 0.69091875 0.028016666666666665 0.022156250000000002
2 0.2874333333333334 0.7714875000000001 0.029091666666666665 0.02165
2 0.359375 0.76855625 0.028216666666666668 0.022537500000000002
2 0.40299166666666664 0.7578125 0.027891666666666665 0.0232875
2 0.34081666666666666 0.78515625 0.028933333333333332 0.0224125
2 0.30745833333333333 0.7568375 0.02828333333333333 0.0219125
2 0.471025 0.7495125 0.024966666666666668 0.021087500000000002
2 0.45085 0.7636750000000001 0.027158333333333336 0.02276875
2 0.5081416666666666 0.63623125 0.026350000000000002 0.020175000000000002
2 0.5123666666666667 0.6875 0.026183333333333336 0.019837499999999997
2 0.2788083333333333 0.6401375 0.026041666666666668 0.020175000000000002
2 0.530925 0.72265625 0.02675 0.020493749999999998
2 0.29134166666666667 0.79248125 0.029091666666666665 0.021775000000000003
2 0.27945833333333336 0.7504875 0.028016666666666665 0.021531250000000002
2 0.314125 0.7788062499999999 0.028016666666666665 0.0221125
2 0.26367500000000005 0.7949250000000001 0.02921666666666667 0.02276875
2 0.42578333333333335 0.765625 0.0269 0.0208875
2 0.29801666666666665 0.6264625 0.026241666666666667 0.019606250000000002
2 0.38736666666666664 0.5942375 0.02565833333333333 0.02036875
2 0.3333333333333333 0.7641625000000001 0.028541666666666667 0.02145625
2 0.4342416666666667 0.60449375 0.026350000000000002 0.02014375
0 0.3167333333333333 0.6519499999999999 0.02665 0.0210125
2 0.45865833333333333 0.61035 0.025208333333333333 0.01919375
2 0.244625 0.7363312500000001 0.02795 0.021087500000000002
2 0.36230833333333334 0.6108375 0.027058333333333334 0.02029375
2 0.4349 0.62305 0.026183333333333336 0.02036875
0 0.4335916666666666 0.7334 0.026 0.02009375
0 0.358725 0.62841875 0.026 0.020525
0 0.33626666666666666 0.7319312499999999 0.026958333333333334 0.02111875
2 0.42740833333333333 0.58545 0.026350000000000002 0.02029375
2 0.40299166666666664 0.62305 0.024858333333333333 0.019762500000000002
2 0.319175 0.7988312500000001 0.029725 0.02208125
0 0.486325 0.6777375000000001 0.02584166666666667 0.02044375
2 0.49805 0.7026375 0.026083333333333333 0.02044375
0 0.3020833333333333 0.6709 0.027325 0.02084375
0 0.45344999999999996 0.7217749999999999 0.02540833333333333 0.02029375
2 0.2054 0.7641625000000001 0.03045833333333333 0.02276875
0 0.30599166666666666 0.6899437500000001 0.02736666666666667 0.02165
2 0.4821 0.63135 0.02478333333333333 0.01986875
2 0.290525 0.71581875 0.028708333333333336 0.0208
2 0.48893333333333333 0.7348625 0.024966666666666668 0.019762500000000002
2 0.5061833333333333 0.72216875 0.025733333333333334 0.02041875
0 0.407875 0.7324250000000001 0.026041666666666668 0.020018750000000002
0 0.47884166666666667 0.655275 0.0269 0.020018750000000002
0 0.3821583333333333 0.7280249999999999 0.02811666666666667 0.0208
2 0.37825833333333336 0.7519562500000001 0.027466666666666667 0.021943749999999998
2 0.2666 0.67285 0.0296 0.02084375
0 0.43196666666666667 0.6425812500000001 0.026241666666666667 0.02029375
0 0.466475 0.6894562500000001 0.026141666666666667 0.020493749999999998
2 0.326825 0.742675 0.029091666666666665 0.021487500000000003
2 0.29801666666666665 0.7358374999999999 0.02736666666666667 0.0217
2 0.23405 0.7905249999999999 0.02921666666666667 0.021618750000000003
2 0.1437166666666667 0.7905249999999999 0.033633333333333335 0.024931250000000002
0 0.33886666666666665 0.6411125 0.02584166666666667 0.019681249999999997
0 0.4557333333333333 0.648925 0.024966666666666668 0.019837499999999997
0 0.3836583333333333 0.6338875 0.02555 0.019681249999999997
2 0.40430000000000005 0.58008125 0.026141666666666667 0.01953125
0 0.4026666666666667 0.7128937500000001 0.027325 0.0222
0 0.4466166666666667 0.70215 0.026241666666666667 0.02041875
0 0.361525 0.7417 0.028016666666666665 0.021575
0 0.37532499999999996 0.6879875 0.027 0.0206
0 0.37793333333333334 0.70800625 0.02876666666666667 0.02076875
0 0.3681666666666667 0.6484375 0.02655 0.020643750000000002
0 0.3315416666666667 0.6905249999999999 0.0259 0.020337499999999998
0 0.4713583333333333 0.7089875000000001 0.02545 0.02009375
0 0.44108333333333327 0.6626000000000001 0.025733333333333334 0.020568749999999997
0 0.42025 0.67626875 0.026083333333333333 0.02036875
0 0.3571 0.7207062500000001 0.027424999999999998 0.020718749999999998
0 0.3942083333333333 0.67529375 0.0269 0.0208875
0 0.3916 0.65625 0.026083333333333333 0.019837499999999997
2 0.4466166666666667 0.74511875 0.02669166666666667 0.020018750000000002
0 0.4270833333333333 0.71435625 0.026083333333333333 0.020568749999999997
0 0.3509083333333333 0.70019375 0.02655 0.02084375
0 0.32795833333333335 0.6713875 0.028316666666666664 0.020643750000000002
2 0.26513333333333333 0.7099625 0.029725 0.0212125
0 0.41536666666666666 0.6558562499999999 0.027525 0.02084375
2 0.421875 0.74609375 0.027591666666666667 0.020525
0 0.3990916666666667 0.6944312499999999 0.026791666666666665 0.020568749999999997
2 0.4635416666666667 0.73144375 0.027466666666666667 0.02203125
2 0.34081666666666666 0.62109375 0.024575 0.019606250000000002
2 0.28580833333333333 0.6943375 0.028216666666666668 0.024
2 0.39030000000000004 0.61035 0.028825000000000003 0.02174375
0 0.3496083333333333 0.66064375 0.02655 0.01994375
2 0.49251666666666666 0.6498999999999999 0.025108333333333333 0.0200625
0 0.4436833333333333 0.6816437500000001 0.025166666666666667 0.020337499999999998
2 0.48079166666666673 0.61279375 0.024533333333333334 0.0195625
2 0.5026083333333333 0.6694312499999999 0.026791666666666665 0.02025
2 0.30973333333333336 0.7041 0.029091666666666665 0.018799999999999997
0 0.42513333333333336 0.6967749999999999 0.02795 0.022324999999999998
2 0.325525 0.6333 0.028316666666666664 0.0199125
0 0.4069 0.6391625 0.028541666666666667 0.022156250000000002
0 0.3509083333333333 0.680175 0.026449999999999998 0.0206
2 0.28536666666666666 0.6583 0.026583333333333334 0.0156375
2 0.31481666666666663 0.7214375 0.026058333333333333 0.01524375
2 0.45685000000000003 0.62683125 0.024499999999999997 0.01915625
2 0.5462416666666666 0.6514624999999999 0.021891666666666667 0.0199375
2 0.2613916666666667 0.77225625 0.026583333333333334 0.020718749999999998
2 0.40968333333333334 0.59946875 0.02815 0.020718749999999998