1 0.40875 0.61064453125 0.032174479166666665 0.022275390625
1 0.429375 0.59796875 0.028867187500000002 0.021650390625
1 0.45082031250000004 0.58775390625 0.030520833333333334 0.02103515625
1 0.47226562499999997 0.5781640625 0.028867187500000002 0.022890625
1 0.4524739583333333 0.60662109375 0.033828125 0.022890625
1 0.4730859375 0.59580078125 0.028867187500000002 0.02103515625
1 0.43101562499999996 0.618076171875 0.023919270833333336 0.018564453125
1 0.45576822916666665 0.624873046875 0.028867187500000002 0.018564453125
1 0.4330859375 0.635703125 0.026393229166666667 0.021650390625
1 0.45329427083333335 0.642509765625 0.0272265625 0.0191796875
1 0.4735026041666666 0.6162109375 0.024752604166666668 0.023505859375
1 0.4916536458333333 0.608173828125 0.02970052083333333 0.019794921875
1 0.49494791666666665 0.586513671875 0.024752604166666668 0.023505859375
1 0.5164062500000001 0.59517578125 0.02970052083333333 0.019794921875
1 0.51515625 0.613427734375 0.028867187500000002 0.021650390625
1 0.5337239583333333 0.603837890625 0.03299479166666667 0.019794921875
1 0.49454427083333335 0.624873046875 0.032174479166666665 0.02103515625
1 0.47268229166666664 0.651484375 0.02970052083333333 0.02103515625
1 0.49123697916666664 0.642822265625 0.0272265625 0.019794921875
1 0.510625 0.642822265625 0.024752604166666668 0.01732421875
1 0.5246484375 0.63384765625 0.028046875 0.020419921875
1 0.5526953125 0.615595703125 0.026393229166666667 0.022275390625
1 0.5580598958333333 0.632607421875 0.028867187500000002 0.024130859375
1 0.579921875 0.64126953125 0.026393229166666667 0.022890625
1 0.5951822916666667 0.651787109375 0.032174479166666665 0.020419921875
1 0.5943489583333333 0.6706640625 0.033828125 0.025986328125
1 0.5753776041666666 0.662001953125 0.028867187500000002 0.019794921875
1 0.5576432291666666 0.650859375 0.03299479166666667 0.022275390625
1 0.5316666666666666 0.65302734375 0.033828125 0.0191796875
1 0.49041666666666667 0.6626171875 0.033828125 0.025986328125
1 0.5143359375 0.670966796875 0.030520833333333334 0.022890625
1 0.5291927083333333 0.683037109375 0.032174479166666665 0.023505859375
1 0.5498046875 0.673134765625 0.0272265625 0.023505859375
1 0.5737369791666667 0.680869140625 0.030520833333333334 0.0266015625
1 0.5477473958333333 0.690458984375 0.03299479166666667 0.0272265625
1 0.5712630208333334 0.698505859375 0.028867187500000002 0.02845703125
1 0.594765625 0.690146484375 0.02970052083333333 0.0266015625
1 0.5885807291666666 0.717373046875 0.033828125 0.024130859375
1 0.6083723958333334 0.70685546875 0.033828125 0.022890625
1 0.6129166666666667 0.681484375 0.03299479166666667 0.0266015625
1 0.6364322916666666 0.672822265625 0.030520833333333334 0.027841796875
1 0.6529296875 0.681484375 0.033828125 0.02537109375
1 0.6298307291666666 0.694482421875 0.028867187500000002 0.02537109375
1 0.6512760416666666 0.704072265625 0.032174479166666665 0.023505859375
1 0.6252864583333334 0.7161328125 0.0346484375 0.02537109375
1 0.6488020833333333 0.726650390625 0.032174479166666665 0.024130859375
1 0.605078125 0.72603515625 0.03877604166666667 0.024130859375
0 0.38480468749999996 0.56466796875 0.03177083333333333 0.02423828125
0 0.4015234375 0.5715625 0.02953125 0.023828125
0 0.42158854166666665 0.57720703125 0.03177083333333333 0.02423828125
0 0.42158854166666665 0.558818359375 0.02953125 0.02173828125
0 0.4449869791666667 0.565712890625 0.03177083333333333 0.0221484375
0 0.445546875 0.547529296875 0.030651041666666667 0.022568359375
0 0.46505208333333337 0.555888671875 0.028424479166666666 0.023408203125
0 0.48846354166666667 0.5648828125 0.028424479166666666 0.026328125
0 0.5076822916666667 0.57595703125 0.030091145833333333 0.02591796875
0 0.5313671875 0.583056640625 0.026197916666666668 0.025078125
0 0.5500390625 0.59330078125 0.028984375000000003 0.026328125
0 0.5712239583333333 0.601865234375 0.02786458333333333 0.026748046875
0 0.3795182291666667 0.58578125 0.030091145833333333 0.021318359375
0 0.40486979166666665 0.591005859375 0.030651041666666667 0.022568359375
0 0.3836979166666667 0.60646484375 0.027304687499999997 0.023408203125
0 0.40125000000000005 0.63802734375 0.031210937499999997 0.029677734375
0 0.4221484375 0.63865234375 0.026197916666666668 0.025078125
0 0.44332031250000004 0.662265625 0.030651041666666667 0.026328125
0 0.46309895833333337 0.672919921875 0.02786458333333333 0.026748046875
0 0.4806640625 0.6831640625 0.02953125 0.025498046875
0 0.5921223958333334 0.627783203125 0.02395833333333333 0.023408203125
0 0.6068880208333333 0.6384375 0.030091145833333333 0.02298828125
0 0.6311328125 0.650146484375 0.02953125 0.025498046875
0 0.652578125 0.66142578125 0.02786458333333333 0.0221484375
0 0.5023958333333333 0.691728515625 0.028424479166666666 0.02423828125
0 0.5224609375 0.70322265625 0.027304687499999997 0.021318359375
0 0.5469791666666667 0.71033203125 0.030651041666666667 0.02298828125
0 0.5639713541666667 0.720576171875 0.031210937499999997 0.02423828125
0 0.5921223958333334 0.744814453125 0.03177083333333333 0.025078125
0 0.6119010416666667 0.755263671875 0.030091145833333333 0.02423828125
0 0.6347526041666667 0.744189453125 0.032317708333333334 0.023828125
0 0.6375390625 0.761318359375 0.031210937499999997 0.0221484375
0 0.6562109375 0.75212890625 0.025078125000000003 0.021318359375
0 0.6790494791666667 0.713046875 0.025078125000000003 0.023408203125
0 0.6796093750000001 0.69298828125 0.028424479166666666 0.018388671875
0 0.6798958333333333 0.67396484375 0.028984375000000003 0.024658203125
2 0.5408463541666667 0.73060546875 0.030651041666666667 0.02005859375
2 0.549765625 0.747734375 0.02953125 0.023408203125
2 0.5168880208333334 0.71931640625 0.032877604166666664 0.023408203125
2 0.5007161458333333 0.70908203125 0.03177083333333333 0.023828125
2 0.47787760416666664 0.701552734375 0.026197916666666668 0.0196484375
2 0.41434895833333335 0.661845703125 0.02953125 0.021318359375
2 0.43384114583333333 0.6754296875 0.025078125000000003 0.0208984375
2 0.4552994791666667 0.687548828125 0.028984375000000003 0.023408203125
2 0.39428385416666667 0.653486328125 0.030651041666666667 0.024658203125
2 0.37059895833333334 0.646171875 0.0356640625 0.02591796875
2 0.3739453125 0.62255859375 0.031210937499999997 0.0221484375
2 0.6676302083333333 0.78279296875 0.02786458333333333 0.02591796875
2 0.6874088541666666 0.73201171875 0.02953125 0.025498046875
2 0.468671875 0.5326953125 0.025638020833333334 0.0221484375
2 0.48651041666666667 0.545439453125 0.024518229166666666 0.0208984375
2 0.5107552083333333 0.555888671875 0.027304687499999997 0.02423828125
2 0.5294270833333333 0.56529296875 0.025638020833333334 0.023828125
2 0.5519921875 0.5738671875 0.027304687499999997 0.023408203125
2 0.5698307291666667 0.584521484375 0.027304687499999997 0.021318359375