0 0.3823 0.52723125 0.035583333333333335 0.026037499999999998
0 0.389675 0.5506624999999999 0.032975 0.0286375
0 0.41310833333333336 0.5295125 0.032975 0.024081250000000002
0 0.44130833333333336 0.52625625 0.037316666666666665 0.024081250000000002
0 0.46951666666666664 0.5138875 0.032975 0.027987500000000002
0 0.42005 0.5503374999999999 0.034716666666666667 0.025387499999999997
0 0.4460833333333333 0.5487125 0.034716666666666667 0.02473125
0 0.42091666666666666 0.57279375 0.03818333333333333 0.026037499999999998
2 0.27555 0.5861375 0.03385 0.029293749999999997
2 0.28075833333333333 0.60989375 0.039058333333333334 0.02473125
2 0.2889 0.5683625 0.030925 0.023606250000000002
2 0.306475 0.58886875 0.032875 0.0238625
2 0.3395166666666667 0.603025 0.03153333333333334 0.02298125
2 0.5237666666666666 0.56543125 0.030391666666666664 0.0224125
2 0.42513333333333336 0.60498125 0.030233333333333334 0.02271875
2 0.3395166666666667 0.50976875 0.03294166666666667 0.02284375
2 0.500975 0.58056875 0.030175 0.0219125
2 0.36849166666666666 0.60693125 0.031349999999999996 0.0217
2 0.3681666666666667 0.6337875 0.030233333333333334 0.0210125
2 0.3365916666666667 0.62939375 0.030925 0.023725
2 0.36263333333333336 0.49389375 0.032758333333333334 0.0224625
2 0.4010416666666667 0.61963125 0.03245 0.0224625
2 0.313475 0.61230625 0.029541666666666667 0.021943749999999998
2 0.47233333333333327 0.57568125 0.03175833333333333 0.024275
2 0.44889166666666663 0.59033125 0.03175833333333333 0.02315
2 0.321775 0.561525 0.03475 0.024275
2 0.5459 0.54980625 0.028866666666666665 0.0217
2 0.39550833333333335 0.59668125 0.032308333333333335 0.022675
2 0.5364583333333334 0.5083 0.028825000000000003 0.022324999999999998
2 0.33594166666666664 0.54150625 0.032758333333333334 0.022156250000000002
2 0.45768333333333333 0.61181875 0.030358333333333334 0.021575
2 0.5410166666666667 0.530275 0.030291666666666668 0.02306875
2 0.39355833333333334 0.49682499999999996 0.032183333333333335 0.022324999999999998
2 0.42382499999999995 0.5014625 0.03110833333333333 0.02276875
2 0.4915333333333334 0.5380875 0.031475 0.0224125
2 0.47981666666666667 0.59668125 0.028708333333333336 0.0217
2 0.502275 0.4807125 0.03141666666666667 0.02315
2 0.4498666666666667 0.48779375 0.03236666666666667 0.024
2 0.513675 0.523925 0.03245 0.023725
2 0.5306000000000001 0.48608125 0.029483333333333337 0.023331249999999998
2 0.4791666666666667 0.4963375 0.03236666666666667 0.0224625
2 0.40495 0.6416 0.029766666666666667 0.0222
2 0.3932333333333333 0.57421875 0.032575 0.0235125
2 0.3724 0.51318125 0.032 0.021531250000000002
2 0.49706666666666666 0.56055 0.031166666666666665 0.0231
2 0.6653666666666667 0.51220625 0.029375 0.023606250000000002
2 0.5673833333333334 0.486575 0.03123333333333333 0.023424999999999998
2 0.5751916666666667 0.51318125 0.029091666666666665 0.0232875
2 0.6770833333333334 0.49463124999999997 0.030925 0.02229375
2 0.517575 0.5454125 0.033125 0.02546875
2 0.35546666666666665 0.561525 0.038858333333333335 0.02726875
2 0.5084666666666666 0.5014625 0.03236666666666667 0.0241875
2 0.46581666666666666 0.46020625000000004 0.029375 0.0235125
2 0.46581666666666666 0.5527375 0.034666666666666665 0.02810625
2 0.6725249999999999 0.53661875 0.028708333333333336 0.022250000000000002
2 0.44303333333333333 0.56640625 0.0308 0.02541875
2 0.54525 0.444825 0.0317 0.023025000000000004
0 0.40234166666666665 0.52001875 0.030233333333333334 0.0212125
2 0.4628916666666667 0.53320625 0.02828333333333333 0.023025000000000004
2 0.36328333333333335 0.58203125 0.03580833333333333 0.024612500000000002
2 0.33415833333333333 0.5811 0.0303 0.022725