2 0.3355416666666666 0.7968437500000001 0.01735 0.014637500000000001
2 0.323075 0.7887125 0.018433333333333333 0.01138125
2 0.3114166666666667 0.7793625 0.018975 0.017075
2 0.31765 0.77061875 0.016258333333333333 0.01341875
2 0.32985 0.7777375000000001 0.017891666666666667 0.014637500000000001
2 0.34123333333333333 0.786275 0.017891666666666667 0.014637500000000001
2 0.3564083333333333 0.7944 0.017891666666666667 0.014637500000000001
2 0.3612916666666667 0.78281875 0.017891666666666667 0.014231249999999999
2 0.3715916666666667 0.7911499999999999 0.017891666666666667 0.012193750000000001
2 0.36806666666666665 0.8029437500000001 0.01951666666666667 0.0130125
2 0.38378333333333337 0.798675 0.01735 0.014231249999999999
0 0.36724999999999997 0.74155 0.015716666666666667 0.013825
0 0.3564083333333333 0.7328125 0.017891666666666667 0.01504375
0 0.38622500000000004 0.7096375 0.015716666666666667 0.0126
0 0.36074999999999996 0.69235625 0.018975 0.0130125
2 0.3203666666666667 0.7169562500000001 0.016258333333333333 0.01341875
2 0.348925 0.77565 0.018191666666666665 0.014450000000000001
2 0.33929166666666666 0.7666187499999999 0.018191666666666665 0.014450000000000001
2 0.32832500000000003 0.7609 0.018733333333333334 0.01385
2 0.31574166666666664 0.75518125 0.018191666666666665 0.01405
2 0.33113333333333334 0.74795625 0.018466666666666666 0.01405
2 0.34304166666666663 0.75508125 0.017658333333333335 0.01425
2 0.35535 0.7638124999999999 0.016058333333333334 0.01485
2 0.3647166666666667 0.7712375 0.016058333333333334 0.01364375
2 0.377025 0.7792625 0.016058333333333334 0.01485
2 0.38825833333333337 0.7865875 0.017125 0.01344375
2 0.3894666666666667 0.77485 0.017925 0.01485
2 0.3788916666666667 0.76641875 0.018191666666666665 0.01485
2 0.3932083333333333 0.7612000000000001 0.020066666666666667 0.01525
2 0.3834416666666667 0.752875 0.018191666666666665 0.01264375
2 0.36819166666666664 0.7573875 0.016591666666666668 0.014450000000000001
2 0.3597583333333333 0.7504625 0.018466666666666666 0.01385
2 0.34585 0.7430374999999999 0.017391666666666666 0.01425
2 0.3315333333333333 0.7360125 0.016591666666666668 0.01264375
2 0.31440833333333335 0.7407312500000001 0.017658333333333335 0.012843750000000001
2 0.3153416666666667 0.7278874999999999 0.019 0.0116375
2 0.33314166666666667 0.724975 0.017658333333333335 0.01304375
2 0.33621666666666666 0.7140375 0.015783333333333333 0.01364375
2 0.3247083333333333 0.7065125000000001 0.0206 0.01505
2 0.32565 0.694275 0.017658333333333335 0.01505
2 0.33955833333333335 0.6992875 0.016058333333333334 0.01425
2 0.3366166666666667 0.68514375 0.018733333333333334 0.01485
2 0.3509333333333333 0.67921875 0.020066666666666667 0.014650000000000002
2 0.39896666666666664 0.7475562499999999 0.018191666666666665 0.01324375
2 0.403375 0.73410625 0.017391666666666666 0.014450000000000001
2 0.41662499999999997 0.7048062500000001 0.016591666666666668 0.01605625
2 0.42879999999999996 0.70039375 0.015783333333333333 0.012043749999999999
2 0.43054166666666666 0.68875 0.017658333333333335 0.01485
0 0.3478583333333333 0.7138375 0.02033333333333333 0.01364375
0 0.36069999999999997 0.72196875 0.017125 0.01344375
0 0.372075 0.72949375 0.017391666666666666 0.01244375
0 0.38290833333333335 0.7368187500000001 0.016058333333333334 0.01224375
0 0.38719166666666666 0.725275 0.016591666666666668 0.01364375
0 0.378225 0.7172499999999999 0.017391666666666666 0.01364375
0 0.363375 0.709525 0.018733333333333334 0.01344375
0 0.3536083333333333 0.7012937499999999 0.017391666666666666 0.01505
0 0.3722083333333333 0.70139375 0.017658333333333335 0.01324375
0 0.3760833333333333 0.68975625 0.015783333333333333 0.01244375
0 0.38719166666666666 0.69748125 0.018191666666666665 0.014650000000000002
0 0.40190833333333337 0.70420625 0.018733333333333334 0.01405
0 0.39829166666666665 0.71614375 0.017925 0.01385
0 0.40418333333333334 0.6924687500000001 0.019 0.015449999999999998
0 0.3914666666666667 0.68574375 0.016591666666666668 0.01364375
0 0.3805 0.6793187500000001 0.017658333333333335 0.012843750000000001
0 0.3799666666666667 0.66778125 0.016058333333333334 0.01264375
0 0.393475 0.67470625 0.017391666666666666 0.01324375
0 0.406325 0.6799250000000001 0.016858333333333333 0.01364375
0 0.4193 0.68755 0.018733333333333334 0.012843750000000001
0 0.42130833333333334 0.6767125 0.016325 0.012043749999999999
0 0.40765833333333334 0.6687875 0.019533333333333333 0.01385
0 0.42491666666666666 0.6652750000000001 0.018191666666666665 0.01364375
0 0.4096666666666667 0.65845 0.017125 0.0116375
0 0.39561666666666667 0.6625624999999999 0.017925 0.01264375
0 0.3799666666666667 0.6568437500000001 0.017658333333333335 0.01364375
0 0.383175 0.6462062500000001 0.015516666666666668 0.01244375
0 0.39615 0.6521250000000001 0.016858333333333333 0.01344375
0 0.3974916666666667 0.64239375 0.016858333333333333 0.01324375
0 0.38531666666666664 0.63456875 0.016591666666666668 0.01324375
0 0.39896666666666664 0.63135625 0.016058333333333334 0.0116375
0 0.4103333333333333 0.64610625 0.015783333333333333 0.01385
0 0.42464999999999997 0.65343125 0.017125 0.012843750000000001
0 0.4274583333333334 0.6431999999999999 0.017925 0.012843750000000001
0 0.4127416666666667 0.63536875 0.017391666666666666 0.01244375
0 0.4285333333333333 0.6322625 0.017391666666666666 0.0114375
0 0.418225 0.6253375 0.018191666666666665 0.01364375
0 0.4035083333333333 0.62021875 0.017125 0.0118375
0 0.4297333333333333 0.622025 0.017125 0.01344375
0 0.41729166666666667 0.6148 0.016858333333333333 0.0110375
0 0.403375 0.60918125 0.018466666666666666 0.01385
0 0.4297333333333333 0.6097812499999999 0.016591666666666668 0.01264375
0 0.4187666666666667 0.60466875 0.017125 0.01324375
0 0.4059166666666667 0.59804375 0.017658333333333335 0.012043749999999999
0 0.430675 0.59955 0.015783333333333333 0.01264375
0 0.4427083333333333 0.60466875 0.016858333333333333 0.01364375
0 0.41983333333333334 0.5918249999999999 0.017658333333333335 0.01324375
0 0.40445 0.58670625 0.018466666666666666 0.01344375
0 0.41836666666666666 0.5824875 0.016858333333333333 0.0118375
0 0.4316083333333333 0.58760625 0.01445 0.01324375
0 0.44311666666666666 0.593525 0.018191666666666665 0.01264375
0 0.4457916666666667 0.58299375 0.018733333333333334 0.012843750000000001
0 0.4321416666666667 0.57706875 0.017125 0.0118375
0 0.4191666666666667 0.57085 0.016858333333333333 0.01304375
0 0.43280833333333335 0.56593125 0.015250000000000001 0.01244375
0 0.446325 0.5735625 0.018733333333333334 0.014450000000000001
0 0.44780000000000003 0.562825 0.016858333333333333 0.01425
0 0.43415000000000004 0.5548937500000001 0.016858333333333333 0.01244375
0 0.422375 0.55850625 0.016325 0.0108375
0 0.42545 0.54786875 0.018733333333333334 0.011237500000000001
0 0.4495333333333334 0.55088125 0.017125 0.011237500000000001
0 0.43923333333333336 0.54345625 0.016858333333333333 0.011237500000000001
0 0.4274583333333334 0.5371374999999999 0.019533333333333333 0.01344375
0 0.4415083333333333 0.533325 0.016058333333333334 0.0118375
0 0.45234166666666664 0.53984375 0.017925 0.01364375
0 0.43054166666666666 0.5143562500000001 0.017658333333333335 0.01324375
0 0.445525 0.5094375 0.018733333333333334 0.01224375
0 0.44605833333333333 0.519875 0.019266666666666668 0.01224375
0 0.4313416666666667 0.52539375 0.02033333333333333 0.012843750000000001
0 0.45448333333333335 0.52820625 0.017391666666666666 0.01244375
2 0.3560166666666667 0.6693875 0.020066666666666667 0.01344375
2 0.3566833333333333 0.65795 0.018733333333333334 0.014650000000000002
2 0.36698333333333333 0.67420625 0.015783333333333333 0.01264375
2 0.4336166666666667 0.67781875 0.018466666666666666 0.01344375
2 0.437225 0.6667749999999999 0.016591666666666668 0.01264375
2 0.43896666666666667 0.6553375 0.017925 0.01224375
2 0.442175 0.6431 0.017925 0.01264375
2 0.44659166666666666 0.63145625 0.018733333333333334 0.01224375
2 0.44672500000000004 0.62051875 0.017925 0.01244375
2 0.3703333333333333 0.6408875 0.016058333333333334 0.0110375
2 0.37434166666666663 0.63015 0.017658333333333335 0.01244375
2 0.37849166666666667 0.6211249999999999 0.017391666666666666 0.012043749999999999
2 0.382375 0.60968125 0.018191666666666665 0.01364375
2 0.3843833333333333 0.5982437500000001 0.017925 0.01244375
2 0.46050833333333335 0.607875 0.016058333333333334 0.01364375
2 0.38584999999999997 0.58690625 0.019266666666666668 0.0118375
2 0.46451666666666663 0.59513125 0.018733333333333334 0.01264375
2 0.46519166666666667 0.58409375 0.016858333333333333 0.0110375
2 0.38759166666666667 0.5749625 0.019533333333333333 0.01364375
2 0.39053333333333334 0.563225 0.017391666666666666 0.0118375
2 0.39495 0.5533874999999999 0.018733333333333334 0.01304375
2 0.47027500000000005 0.57265625 0.019 0.01425
2 0.47308333333333336 0.56151875 0.019266666666666668 0.012043749999999999
2 0.4736166666666667 0.55048125 0.018733333333333334 0.01405
2 0.47295 0.5384375 0.017925 0.01405
2 0.408325 0.54686875 0.017125 0.011237500000000001
2 0.4059166666666667 0.5593125 0.017658333333333335 0.012843750000000001
2 0.4028416666666667 0.57065 0.016858333333333333 0.01304375
2 0.4115416666666667 0.53613125 0.018733333333333334 0.01264375
2 0.41501666666666664 0.52499375 0.017125 0.01244375
2 0.4144833333333333 0.51445625 0.015516666666666668 0.0114375
2 0.47816666666666663 0.52519375 0.018733333333333334 0.01565625
2 0.46879999999999994 0.5173687499999999 0.017125 0.012043749999999999
2 0.425725 0.49970624999999996 0.018191666666666665 0.01405
2 0.4395 0.49489375 0.015783333333333333 0.01285625
2 0.45248333333333335 0.4969125 0.014983333333333333 0.01244375
2 0.46505833333333335 0.5042375 0.015516666666666668 0.01264375
2 0.4575666666666667 0.50965625 0.01445 0.01264375
2 0.47870000000000007 0.51125625 0.016591666666666668 0.0118375
2 0.4799083333333333 0.49921875 0.019533333333333333 0.01385
2 0.46879999999999994 0.49269375 0.017125 0.01364375
2 0.45368333333333327 0.486475 0.018466666666666666 0.012843750000000001
2 0.4816416666666667 0.48948125 0.02033333333333333 0.01364375
2 0.46879999999999994 0.4824625 0.016591666666666668 0.012843750000000001
2 0.47080833333333333 0.47060625 0.016858333333333333 0.01525
2 0.48245000000000005 0.47773125 0.017125 0.01344375