2 0.5492057291666667 0.571982421875 0.0251171875 0.02650390625
2 0.7057291666666666 0.5869140625 0.029440104166666665 0.022412109375
2 0.6513671875 0.576171875 0.028606770833333333 0.021123046875
2 0.4814453125 0.58154296875 0.0283203125 0.023564453125
2 0.5758463541666666 0.57666015625 0.027955729166666665 0.0213671875
2 0.62890625 0.5859375 0.029257812499999997 0.022109375
2 0.5992838541666666 0.58349609375 0.028059895833333334 0.021240234375
2 0.6744791666666666 0.5849609375 0.027734375000000002 0.022197265625
2 0.533203125 0.5888671875 0.028111979166666665 0.0219140625
2 0.7005208333333334 0.623046875 0.02899739583333333 0.0229296875
2 0.5325520833333334 0.64794921875 0.026484375 0.02029296875
2 0.7213541666666666 0.60888671875 0.028932291666666665 0.02267578125
2 0.7506510416666666 0.6083984375 0.027369791666666667 0.02029296875
2 0.5126953125 0.6064453125 0.0284375 0.0219140625
2 0.4983723958333333 0.6259765625 0.027890625000000002 0.021865234375
2 0.6731770833333334 0.61669921875 0.028111979166666665 0.02091796875
2 0.6360677083333334 0.60693359375 0.028385416666666666 0.02181640625
2 0.6861979166666666 0.6015625 0.030169270833333334 0.022373046875
2 0.5244140625 0.62744140625 0.0303515625 0.022626953125
2 0.541015625 0.6083984375 0.02899739583333333 0.022763671875
2 0.5201822916666666 0.66259765625 0.029257812499999997 0.021240234375
2 0.66015625 0.59814453125 0.03005208333333333 0.021044921875
2 0.576171875 0.634765625 0.029726562499999998 0.0225390625
2 0.5950520833333334 0.619140625 0.027955729166666665 0.02177734375
2 0.6233723958333334 0.62109375 0.029440104166666665 0.021162109375
2 0.490234375 0.6015625 0.026184895833333333 0.02080078125
2 0.5667317708333334 0.61279296875 0.029088541666666665 0.022841796875
2 0.556640625 0.6474609375 0.02899739583333333 0.02181640625
2 0.6028645833333334 0.64404296875 0.026861979166666664 0.021748046875
2 0.5804036458333334 0.59814453125 0.0283203125 0.022724609375
2 0.5491536458333334 0.62841796875 0.028059895833333334 0.020693359375
2 0.5552473958333334 0.592216796875 0.026041666666666668 0.01953125