0 0.33078124999999997 0.5097265625 0.058710937500000004 0.03556640625
0 0.3420703125 0.5380859375 0.04967447916666667 0.039794921875
0 0.38045572916666665 0.515224609375 0.04515625 0.04826171875
0 0.41997395833333334 0.525810546875 0.047421875 0.0338671875
0 0.3719921875 0.556298828125 0.04177083333333333 0.0389453125
0 0.4103776041666667 0.554599609375 0.04177083333333333 0.03556640625
0 0.4521484375 0.545712890625 0.0462890625 0.041494140625
0 0.3347395833333333 0.569423828125 0.055325520833333336 0.03810546875
0 0.36014322916666663 0.593974609375 0.04290364583333334 0.03810546875
0 0.39795572916666666 0.58423828125 0.044023437500000005 0.03556640625
0 0.43578125 0.57873046875 0.04967447916666667 0.039794921875
0 0.47472656249999995 0.5774609375 0.0462890625 0.037255859375
0 0.5102864583333333 0.580849609375 0.05192708333333334 0.03556640625
0 0.3511067708333333 0.637158203125 0.05192708333333334 0.039794921875
0 0.3911848958333333 0.61810546875 0.04854166666666667 0.0389453125
0 0.42222656249999996 0.605830078125 0.04967447916666667 0.041494140625
0 0.4600520833333333 0.610908203125 0.0462890625 0.041494140625
0 0.49843750000000003 0.60921875 0.044023437500000005 0.03810546875
0 0.5356901041666667 0.605400390625 0.04854166666666667 0.0389453125
0 0.43520833333333336 0.64435546875 0.044023437500000005 0.04064453125
0 0.395703125 0.651552734375 0.05080729166666667 0.03640625
0 0.47078125 0.647314453125 0.04515625 0.039794921875
0 0.5052083333333334 0.6401171875 0.04854166666666667 0.0389453125
0 0.5396484375 0.638427734375 0.05192708333333334 0.03556640625
0 0.5853645833333333 0.62869140625 0.04854166666666667 0.034716796875
0 0.45631510416666665 0.681669921875 0.04067708333333333 0.035087890625
0 0.414609375 0.680400390625 0.04407552083333333 0.033564453125
0 0.3973177083333333 0.708623046875 0.0474609375 0.038134765625
0 0.4417317708333333 0.711416015625 0.0454296875 0.033564453125
0 0.4162109375 0.739140625 0.048828125 0.03345703125
0 0.39571614583333337 0.7676171875 0.0476171875 0.036162109375
0 0.44031250000000005 0.761513671875 0.043997395833333335 0.03751953125
0 0.4605078125 0.736201171875 0.04701822916666667 0.03751953125
0 0.48221354166666663 0.705234375 0.0433984375 0.035263671875
0 0.49184895833333336 0.673583984375 0.04942708333333334 0.0370703125
0 0.5325390625 0.669287109375 0.048828125 0.03662109375
0 0.5168619791666667 0.703193359375 0.05002604166666667 0.03662109375
0 0.5036067708333333 0.7337109375 0.04520833333333333 0.032548828125
0 0.49214843750000004 0.762421875 0.0476171875 0.038427734375
0 0.5352473958333334 0.75744140625 0.045807291666666666 0.03751953125
0 0.548515625 0.728056640625 0.045807291666666666 0.038427734375
0 0.5904036458333334 0.72466796875 0.04640625 0.037978515625
0 0.5605729166666666 0.697548828125 0.045807291666666666 0.037978515625
0 0.5973307291666666 0.691220703125 0.05063802083333333 0.037978515625
0 0.573828125 0.66703125 0.05063802083333333 0.041142578125
0 0.6102994791666666 0.649404296875 0.04640625 0.039326171875
2 0.3077083333333333 0.43873046875 0.05002604166666667 0.03662109375
2 0.3502083333333333 0.434892578125 0.040989583333333336 0.03345703125
2 0.294453125 0.472861328125 0.043997395833333335 0.037978515625
2 0.3330208333333333 0.47015625 0.041588541666666666 0.037978515625
2 0.3722005208333334 0.46314453125 0.04640625 0.03662109375
2 0.4162109375 0.477841796875 0.04520833333333333 0.03978515625
2 0.3803385416666667 0.49072265625 0.044609375 0.03029296875
2 0.31192708333333335 0.614140625 0.043997395833333335 0.03751953125
2 0.29173177083333335 0.647138671875 0.04701822916666667 0.038427734375
2 0.31765625000000003 0.669970703125 0.04701822916666667 0.0370703125
2 0.355625 0.668388671875 0.039778645833333334 0.03390625
2 0.29354166666666665 0.705 0.04942708333333334 0.03390625
2 0.33934895833333334 0.70025390625 0.0433984375 0.03978515625
2 0.31313802083333336 0.73416015625 0.052434895833333335 0.037978515625
2 0.3553255208333333 0.737099609375 0.04279947916666666 0.042041015625
2 0.34296875 0.765126953125 0.051835937500000005 0.040234375
2 0.37430989583333335 0.782763671875 0.037369791666666666 0.03662109375
2 0.5825651041666667 0.774619140625 0.04640625 0.040234375
2 0.6244661458333333 0.772587890625 0.0433984375 0.041591796875
2 0.6663541666666667 0.7633203125 0.052434895833333335 0.039326171875
2 0.6359114583333333 0.739814453125 0.048216145833333335 0.044755859375
2 0.6702734375 0.728056640625 0.048216145833333335 0.038427734375
2 0.7025130208333333 0.715400390625 0.04279947916666666 0.03751953125
2 0.6467578125 0.70048828125 0.04701822916666667 0.04294921875
2 0.6862369791666666 0.68353515625 0.04520833333333333 0.037978515625
2 0.6781119791666667 0.656630859375 0.05424479166666666 0.040234375
2 0.6217447916666666 0.601484375 0.04640625 0.040234375
2 0.645859375 0.62634765625 0.0476171875 0.041142578125