0 0.3253083333333333 0.7503 0.020033333333333334 0.0161375
0 0.3408833333333333 0.74445625 0.017066666666666667 0.01669375
0 0.35795 0.739725 0.024483333333333333 0.01725
2 0.3227083333333333 0.7102375000000001 0.022258333333333335 0.013912500000000001
2 0.33829166666666666 0.7158 0.020775 0.013912500000000001
2 0.3178833333333333 0.7227562500000001 0.021516666666666667 0.01335625
2 0.33569166666666667 0.7286 0.017066666666666667 0.013912500000000001
2 0.32048333333333334 0.73471875 0.020775 0.0128
2 0.3535 0.70745625 0.023 0.01168125
2 0.3549833333333334 0.7191375 0.01855 0.015025
2 0.3672166666666667 0.71274375 0.019291666666666665 0.01558125
2 0.3816833333333333 0.70968125 0.020033333333333334 0.013912500000000001
2 0.36573333333333335 0.72581875 0.020775 0.0128
2 0.38131666666666664 0.72136875 0.016325 0.0128
2 0.39540833333333336 0.7132999999999999 0.017808333333333336 0.014468749999999999
2 0.40987500000000004 0.7077312499999999 0.020033333333333334 0.01558125
2 0.41025 0.72248125 0.020775 0.015025
2 0.39281666666666665 0.726375 0.020033333333333334 0.015025
2 0.37909166666666666 0.73444375 0.019291666666666665 0.01558125
2 0.3802 0.7491875 0.01855 0.0161375
2 0.39430000000000004 0.739725 0.01855 0.0161375
2 0.40802499999999997 0.73471875 0.020775 0.015025
2 0.35200833333333337 0.7580875 0.020033333333333334 0.0128
2 0.3661083333333333 0.7539125 0.024483333333333333 0.014468749999999999
2 0.30008333333333337 0.74361875 0.025966666666666666 0.015025
2 0.30490833333333334 0.7567 0.023741666666666664 0.014468749999999999
2 0.3060166666666667 0.7681 0.020033333333333334 0.015025
2 0.3208583333333333 0.7725562499999999 0.01855 0.015025
2 0.31974166666666665 0.763375 0.016325 0.011125000000000001
2 0.334575 0.763375 0.016325 0.01335625
2 0.3546083333333333 0.81511875 0.023741666666666664 0.01780625
2 0.373525 0.81094375 0.021516666666666667 0.0161375
2 0.39021666666666666 0.8115000000000001 0.020775 0.0183625
2 0.4058 0.8165125000000001 0.023741666666666664 0.0183625
2 0.39430000000000004 0.8234625 0.020033333333333334 0.01780625
2 0.37575 0.824575 0.024483333333333333 0.01558125
2 0.3598 0.8268000000000001 0.022258333333333335 0.01335625
2 0.344225 0.82513125 0.023741666666666664 0.01669375
2 0.33495 0.8362625 0.01855 0.01669375
2 0.350525 0.837375 0.021516666666666667 0.01669375
2 0.3661083333333333 0.83793125 0.023 0.01558125
2 0.3809416666666667 0.8343125 0.01855 0.013912500000000001
2 0.40135 0.8345937499999999 0.019291666666666665 0.01669375
2 0.39133333333333337 0.8426625 0.017066666666666667 0.013912500000000001
2 0.3768666666666667 0.8487812499999999 0.020775 0.0128
2 0.3560916666666667 0.8518375 0.025225 0.014468749999999999
2 0.34310833333333335 0.85016875 0.020033333333333334 0.01224375