0 0.4828666666666667 0.6746625 0.03704166666666667 0.029318749999999998
0 0.4773833333333333 0.69189375 0.03978333333333334 0.02675
0 0.5127 0.68160625 0.037725 0.028806250000000002
0 0.443425 0.6818625 0.044583333333333336 0.03138125
0 0.404675 0.671575 0.03978333333333334 0.029318749999999998
0 0.373125 0.65665625 0.0439 0.030350000000000002
2 0.30145 0.60058125 0.043208333333333335 0.0334375
2 0.2849916666666667 0.62270625 0.041841666666666666 0.029318749999999998
2 0.31654166666666667 0.63608125 0.043208333333333335 0.03138125
2 0.3402 0.61575625 0.042525 0.028806250000000002
2 0.373125 0.6124125 0.03978333333333334 0.030350000000000002
2 0.3652333333333333 0.63839375 0.04046666666666667 0.029837500000000003
2 0.40055833333333335 0.630675 0.038408333333333336 0.028806250000000002
2 0.3398583333333333 0.655625 0.04046666666666667 0.03138125
2 0.3676416666666667 0.707325 0.0439 0.03498125
2 0.4063916666666667 0.72095625 0.03635 0.0334375
2 0.4358833333333333 0.7279000000000001 0.032233333333333336 0.03189375
2 0.46606666666666663 0.74385 0.04046666666666667 0.03498125
2 0.48115 0.72404375 0.03909166666666666 0.028293750000000003
2 0.4225083333333333 0.69755 0.042525 0.0308625
2 0.42765 0.64508125 0.03909166666666666 0.032925
2 0.46365833333333334 0.63608125 0.038408333333333336 0.029318749999999998
2 0.49692499999999995 0.64945 0.043208333333333335 0.030350000000000002
2 0.5219666666666667 0.7227562500000001 0.04800833333333333 0.0308625
2 0.5583166666666667 0.7140125 0.042525 0.032925
2 0.5638 0.68675 0.04526666666666667 0.032925