2 0.3811833333333334 0.569825 0.034341666666666666 0.02526875
2 0.404625 0.5546875 0.033125 0.0257125
2 0.4280583333333333 0.5683625 0.03163333333333333 0.024612500000000002
2 0.41699166666666665 0.5317375 0.036925 0.024993750000000002
2 0.36393333333333333 0.6098625 0.03395833333333333 0.027068750000000003
2 0.40430000000000005 0.58251875 0.031475 0.02465625
2 0.39550833333333335 0.6088875 0.03401666666666667 0.0258
2 0.4349 0.63671875 0.03245 0.02513125
2 0.359375 0.58789375 0.028316666666666664 0.0231
2 0.45800833333333335 0.61914375 0.027691666666666663 0.02036875
2 0.46191666666666664 0.5859375 0.023174999999999998 0.02111875
2 0.4342416666666667 0.609375 0.0307 0.0208875