2 0.3271223958333333 0.495078125 0.044583333333333336 0.029677734375
2 0.25049479166666666 0.500517578125 0.056289062499999994 0.040546875
2 0.29453124999999997 0.5153515625 0.054062500000000006 0.0376171875
2 0.2571875 0.536875 0.04959635416666667 0.033857421875
2 0.2195703125 0.555888671875 0.042356770833333335 0.04681640625
2 0.40208333333333335 0.48044921875 0.042916666666666665 0.037197265625
2 0.3680859375 0.49716796875 0.038450520833333335 0.033857421875
2 0.30037760416666665 0.54732421875 0.044583333333333336 0.038037109375
2 0.26024739583333334 0.570732421875 0.04346354166666667 0.03134765625
2 0.3017708333333333 0.581181640625 0.046250000000000006 0.033857421875
2 0.3402213541666667 0.5577734375 0.046250000000000006 0.0346875
2 0.37255208333333334 0.533740234375 0.04736979166666667 0.0334375
2 0.4093229166666667 0.51388671875 0.04067708333333333 0.033857421875
2 0.4444401041666666 0.496962890625 0.0395703125 0.035947265625
2 0.43579427083333333 0.464150390625 0.045703125000000004 0.038037109375
2 0.46700520833333337 0.44763671875 0.047929687500000005 0.040126953125
2 0.47592447916666664 0.4825390625 0.039010416666666665 0.038037109375
2 0.50796875 0.463525390625 0.0395703125 0.03427734375
2 0.506015625 0.431337890625 0.044583333333333336 0.03845703125
2 0.5425130208333333 0.4240234375 0.041796875000000004 0.0388671875
2 0.5472526041666667 0.45767578125 0.04346354166666667 0.03845703125
2 0.5141015624999999 0.497587890625 0.041796875000000004 0.038037109375
2 0.4801041666666667 0.515771484375 0.046250000000000006 0.03845703125
2 0.4449869791666667 0.531650390625 0.041796875000000004 0.0334375
2 0.4118359375 0.54857421875 0.044583333333333336 0.033857421875
2 0.3772786458333333 0.56404296875 0.044583333333333336 0.03552734375
2 0.4488932291666667 0.56591796875 0.04536458333333334 0.035283203125
2 0.6282552083333334 0.495849609375 0.0458984375 0.034482421875
2 0.5520833333333334 0.494140625 0.0448828125 0.032841796875
2 0.3821614583333333 0.60791015625 0.04809895833333333 0.036435546875
2 0.4153645833333333 0.58203125 0.04614583333333333 0.035
2 0.5205078125 0.568359375 0.04606770833333334 0.0365625
2 0.4853515625 0.58642578125 0.04802083333333334 0.03689453125
2 0.6383463541666666 0.57568359375 0.049687499999999996 0.037900390625
2 0.5572916666666666 0.5263671875 0.04829427083333334 0.035068359375
2 0.6559244791666666 0.444580078125 0.04321614583333333 0.03173828125
2 0.3502604166666667 0.62841796875 0.05147135416666667 0.0373828125
2 0.6946614583333334 0.458251953125 0.046510416666666665 0.03482421875
2 0.595703125 0.51171875 0.04643229166666666 0.034091796875
2 0.4908854166666667 0.6259765625 0.047929687500000005 0.0375390625
2 0.6282552083333334 0.537109375 0.045976562500000005 0.034609375
2 0.6611328125 0.521484375 0.04321614583333333 0.032529296875
2 0.5986328125 0.58349609375 0.047929687500000005 0.03775390625
2 0.7063802083333334 0.541015625 0.047200520833333336 0.03634765625
2 0.5595703125 0.56298828125 0.04666666666666667 0.036708984375
2 0.7389322916666666 0.5205078125 0.04346354166666667 0.03271484375
2 0.6966145833333334 0.50439453125 0.048828125 0.037265625
2 0.5846354166666666 0.4775390625 0.050416666666666665 0.03775390625
2 0.7233072916666666 0.482666015625 0.04545572916666666 0.033330078125
2 0.5625 0.599609375 0.048828125 0.03802734375
2 0.671875 0.5595703125 0.049401041666666666 0.0373828125
2 0.5846354166666666 0.443115234375 0.0437890625 0.03162109375
2 0.5247395833333334 0.607421875 0.047200520833333336 0.036162109375
2 0.62109375 0.462646484375 0.042643229166666664 0.03125
2 0.7779947916666666 0.54443359375 0.04666666666666667 0.035283203125
2 0.8515625 0.463134765625 0.048945312500000004 0.0362890625
2 0.5703125 0.634765625 0.04658854166666667 0.0348828125
2 0.8229166666666666 0.48876953125 0.052851562500000004 0.037685546875
2 0.6057942708333334 0.6591796875 0.0478515625 0.03607421875
2 0.6959635416666666 0.42431640625 0.044270833333333336 0.03384765625
2 0.6809895833333334 0.630859375 0.04903645833333333 0.03689453125
2 0.306484375 0.6171875 0.047486979166666665 0.033330078125
2 0.4573567708333333 0.63818359375 0.04666666666666667 0.03548828125
2 0.7701822916666666 0.427490234375 0.045039062500000004 0.03515625
2 0.6158854166666666 0.42578125 0.043541666666666666 0.033388671875
2 0.49609375 0.66162109375 0.045039062500000004 0.03455078125
2 0.77734375 0.50634765625 0.042643229166666664 0.031376953125
2 0.5686848958333334 0.6708984375 0.04536458333333334 0.033330078125
2 0.6536458333333334 0.41015625 0.04704427083333334 0.033720703125
2 0.7174479166666666 0.619140625 0.0478515625 0.03748046875
2 0.3063151041666667 0.6513671875 0.052083333333333336 0.03689453125
2 0.26384114583333335 0.6044921875 0.049687499999999996 0.0369921875
2 0.8600260416666666 0.50048828125 0.04712239583333333 0.034697265625
2 0.4847005208333333 0.54736328125 0.045286458333333335 0.034306640625
2 0.802734375 0.450927734375 0.04411458333333334 0.033720703125
2 0.8541666666666666 0.53564453125 0.0439453125 0.034365234375
2 0.7317708333333334 0.410400390625 0.048749999999999995 0.03689453125
2 0.8255208333333334 0.5556640625 0.045820312499999995 0.035283203125
2 0.5944010416666666 0.546875 0.046263020833333335 0.03494140625
2 0.4514973958333333 0.6064453125 0.04802083333333334 0.03705078125
2 0.7467447916666666 0.56201171875 0.049401041666666666 0.0369921875
2 0.5794270833333334 0.4052734375 0.046263020833333335 0.03271484375
2 0.712890625 0.57861328125 0.042890624999999995 0.03384765625
2 0.3499348958333333 0.65966796875 0.04829427083333334 0.03494140625
2 0.7688802083333334 0.471923828125 0.048463541666666665 0.0375390625
2 0.6751302083333334 0.59326171875 0.043046875000000005 0.03396484375
2 0.5696614583333334 0.424072265625 0.05485677083333334 0.0390625
2 0.72265625 0.64794921875 0.0458984375 0.0362890625
2 0.79296875 0.57568359375 0.044804687499999996 0.034423828125
2 0.640625 0.6474609375 0.049479166666666664 0.0369921875
2 0.6637369791666666 0.476318359375 0.048671875 0.03634765625
2 0.5325520833333334 0.6474609375 0.04666666666666667 0.03548828125
2 0.68359375 0.66748046875 0.04321614583333333 0.0334765625
2 0.4186197916666667 0.6220703125 0.043541666666666666 0.036220703125
2 0.6025390625 0.62451171875 0.048749999999999995 0.035830078125
2 0.5341796875 0.68603515625 0.048216145833333335 0.035068359375
2 0.607421875 0.69970703125 0.04419270833333333 0.034482421875
2 0.7571614583333334 0.59326171875 0.04712239583333333 0.035615234375
2 0.3854166666666667 0.63720703125 0.04858072916666667 0.036708984375
2 0.6442057291666666 0.685546875 0.044348958333333334 0.03390625
2 0.564453125 0.7099609375 0.04565104166666667 0.036162109375
2 0.4908854166666667 0.697265625 0.045820312499999995 0.036015625
2 0.517578125 0.53369140625 0.042890624999999995 0.034091796875
2 0.31071614583333335 0.6904296875 0.057695312500000005 0.0441015625
2 0.7350260416666666 0.445556640625 0.043046875000000005 0.03548828125
2 0.5231119791666666 0.71728515625 0.04838541666666666 0.03384765625
2 0.814453125 0.52294921875 0.0332421875 0.0245703125
2 0.3440755208333333 0.59326171875 0.044518229166666666 0.0327734375
2 0.3444010416666667 0.6982421875 0.05225260416666667 0.04025390625
2 0.4498697916666667 0.70458984375 0.044518229166666666 0.02958984375