2 0.20686666666666667 0.54890625 0.04565 0.03103125
2 0.35595 0.5144 0.038516666666666664 0.024075000000000003
2 0.372 0.4970125 0.030675 0.02675
2 0.4016 0.4924625 0.035666666666666666 0.024075000000000003
2 0.35809166666666664 0.5387375 0.03709166666666666 0.02781875
2 0.37306666666666666 0.57164375 0.038516666666666664 0.02835625
2 0.3741416666666667 0.59545 0.03638333333333333 0.0235375
2 0.3577333333333333 0.61176875 0.04065833333333333 0.02835625
2 0.39839166666666664 0.6082875 0.034949999999999995 0.02675
2 0.40374166666666667 0.5860875 0.03281666666666667 0.024075000000000003
2 0.400175 0.56255 0.03281666666666667 0.02514375
2 0.42621666666666663 0.5975874999999999 0.033525 0.0235375
2 0.4258583333333333 0.61685 0.03995 0.0299625
2 0.456525 0.60855625 0.03281666666666667 0.0272875
2 0.4579583333333333 0.5879625 0.041375 0.024612500000000002
2 0.48363333333333336 0.61069375 0.03709166666666666 0.024075000000000003
2 0.48862500000000003 0.5868875 0.03424166666666667 0.025681250000000003
2 0.520725 0.59571875 0.03995 0.0262125
2 0.5403416666666666 0.5839500000000001 0.032100000000000004 0.0272875
0 0.568875 0.5788625 0.032100000000000004 0.02675
0 0.5999083333333334 0.56896875 0.038516666666666664 0.02514375
0 0.39910833333333334 0.5138625 0.034949999999999995 0.0262125
0 0.42942499999999995 0.5066375 0.029958333333333337 0.0235375
0 0.4258583333333333 0.5267000000000001 0.035666666666666666 0.023006250000000002
0 0.4115916666666667 0.54435625 0.03281666666666667 0.023006250000000002
0 0.4404833333333334 0.5465 0.030675 0.024075000000000003
0 0.43905 0.5679 0.033525 0.021937500000000002
0 0.4665166666666667 0.5226875 0.03709166666666666 0.025681250000000003
0 0.49433333333333335 0.5264375 0.03138333333333333 0.025681250000000003
0 0.47115 0.544625 0.034949999999999995 0.0235375
0 0.504325 0.544625 0.03709166666666666 0.025681250000000003
0 0.4761416666666667 0.5646875 0.034949999999999995 0.029425
0 0.50575 0.56629375 0.03281666666666667 0.02514375
2 0.4647333333333333 0.48871875000000004 0.033525 0.0262125
2 0.42942499999999995 0.48924999999999996 0.03281666666666667 0.024075000000000003
2 0.4996833333333333 0.49219375 0.034949999999999995 0.02675
2 0.52715 0.5023624999999999 0.028533333333333334 0.025681250000000003
2 0.5596083333333333 0.5012875 0.04065833333333333 0.02675
2 0.5432 0.52161875 0.03780833333333333 0.022468750000000003
2 0.5742250000000001 0.52055 0.03138333333333333 0.024612500000000002
2 0.5728 0.544625 0.035666666666666666 0.025681250000000003
2 0.6013333333333334 0.54034375 0.035666666666666666 0.0288875
2 0.5435583333333334 0.5414125 0.035666666666666666 0.022468750000000003
2 0.5510416666666667 0.55906875 0.033525 0.0235375
2 0.4797083333333333 0.50744375 0.02781666666666667 0.024075000000000003