2 0.43454427083333336 0.578837890625 0.060911458333333335 0.036767578125
2 0.7740885416666666 0.484375 0.055703125 0.040830078125
2 0.689453125 0.467529296875 0.05537760416666667 0.0373828125
2 0.5758463541666666 0.4912109375 0.053138020833333334 0.0365625
2 0.6318359375 0.482421875 0.05444010416666667 0.03927734375
2 0.5533854166666666 0.6318359375 0.05098958333333333 0.032958984375
2 0.7194010416666666 0.49951171875 0.05244791666666667 0.0375390625
2 0.64453125 0.65869140625 0.05326822916666666 0.03759765625
2 0.6022135416666666 0.62841796875 0.05053385416666667 0.03650390625
2 0.4961979166666666 0.5292578125 0.06536458333333334 0.04234375
2 0.48803385416666667 0.56880859375 0.0519921875 0.038994140625
2 0.5207161458333334 0.598896484375 0.0519921875 0.036767578125
2 0.5444791666666667 0.56435546875 0.060911458333333335 0.030087890625
2 0.5548828124999999 0.526474609375 0.060911458333333335 0.038994140625
2 0.6083723958333334 0.5208984375 0.0519921875 0.036767578125
2 0.6611067708333334 0.50919921875 0.0534765625 0.037880859375
2 0.6403125 0.548759765625 0.0505078125 0.036767578125
2 0.5927734375 0.557666015625 0.05645833333333333 0.030087890625
2 0.5712239583333333 0.59388671875 0.05497395833333333 0.04234375
2 0.6232291666666666 0.590537109375 0.0460546875 0.04234375
2 0.6767057291666667 0.577724609375 0.057942708333333336 0.04345703125
2 0.6937890625 0.53984375 0.05645833333333333 0.036767578125
2 0.7509895833333333 0.5292578125 0.05497395833333333 0.037880859375
2 0.7257291666666666 0.56546875 0.060911458333333335 0.04123046875
2 0.7153385416666667 0.6055859375 0.057942708333333336 0.04123046875
2 0.6581380208333333 0.61560546875 0.05645833333333333 0.038994140625
2 0.7086458333333333 0.649033203125 0.06833333333333333 0.036767578125
2 0.6781901041666667 0.67578125 0.060911458333333335 0.04345703125
2 0.7376171875 0.679677734375 0.057942708333333336 0.046796875