0 0.5303833333333333 0.54281875 0.027283333333333337 0.025275
2 0.5476333333333333 0.53319375 0.028083333333333335 0.021662499999999998
2 0.5741166666666667 0.54131875 0.028083333333333335 0.023468749999999997
2 0.5785250000000001 0.55966875 0.0337 0.02406875
2 0.55165 0.55515625 0.02969166666666667 0.0210625
2 0.48665 0.58013125 0.034499999999999996 0.026481249999999998
2 0.510725 0.59306875 0.03129166666666666 0.024675
2 0.5384083333333334 0.58464375 0.032091666666666664 0.023468749999999997
2 0.5388083333333333 0.60540625 0.034499999999999996 0.02406875
2 0.5343916666666666 0.6288750000000001 0.0337 0.026481249999999998
2 0.561675 0.62978125 0.0337 0.0282875
2 0.5087166666666667 0.61684375 0.032091666666666664 0.02406875
2 0.5087166666666667 0.6376062499999999 0.032091666666666664 0.0210625
2 0.48264166666666664 0.62255625 0.02969166666666667 0.0210625
2 0.3410166666666667 0.5990875 0.032091666666666664 0.024675
2 0.3486416666666667 0.57561875 0.034499999999999996 0.024675
2 0.36829999999999996 0.55906875 0.036908333333333335 0.02406875
2 0.3919666666666667 0.5702 0.02969166666666667 0.024675
2 0.46057500000000007 0.5897625 0.032091666666666664 0.026481249999999998
0 0.42125833333333335 0.58434375 0.0337 0.02406875
0 0.3739166666666667 0.57983125 0.032091666666666664 0.02226875
0 0.39518333333333333 0.59758125 0.039316666666666666 0.02768125
0 0.44412500000000005 0.6024 0.03129166666666666 0.02406875
0 0.45094999999999996 0.6240625 0.038516666666666664 0.025275
0 0.4714083333333334 0.6406125 0.03771666666666666 0.023468749999999997
0 0.44211666666666666 0.6472312499999999 0.03530833333333333 0.025875
0 0.41684166666666667 0.6324875 0.039316666666666666 0.02406875
0 0.38996666666666663 0.6511437499999999 0.04011666666666667 0.026481249999999998
0 0.41765 0.65415 0.042525 0.02406875
1 0.409225 0.67250625 0.036908333333333335 0.023468749999999997
1 0.41644166666666665 0.72636875 0.036908333333333335 0.02768125
1 0.4341 0.7420125 0.032091666666666664 0.025275
1 0.46298333333333336 0.7350937500000001 0.036908333333333335 0.027081249999999998
1 0.44211666666666666 0.7191500000000001 0.036908333333333335 0.025275
1 0.5159416666666666 0.7489374999999999 0.04011666666666667 0.027081249999999998
1 0.44854166666666667 0.7838375000000001 0.038516666666666664 0.027081249999999998
1 0.41604166666666664 0.78655 0.039316666666666666 0.026481249999999998
1 0.38395 0.7715062500000001 0.03610833333333333 0.0300875
0 0.3739166666666667 0.68605 0.038516666666666664 0.026481249999999998
0 0.4369083333333333 0.67641875 0.0329 0.022868750000000004
0 0.4373083333333333 0.69808125 0.041725 0.021662499999999998
0 0.411225 0.70650625 0.039316666666666666 0.02406875
0 0.4702 0.7071125 0.0337 0.026481249999999998
0 0.5059083333333334 0.7236625 0.039316666666666666 0.0282875
0 0.5259666666666667 0.77300625 0.042525 0.025875
0 0.4902666666666667 0.7660875 0.038516666666666664 0.022868750000000004
0 0.5015 0.78955625 0.04011666666666667 0.026481249999999998
0 0.5311833333333333 0.7958750000000001 0.043333333333333335 0.0282875
0 0.5059083333333334 0.82085 0.034499999999999996 0.0300875
0 0.5343916666666666 0.82686875 0.038516666666666664 0.03490625
2 0.49066666666666664 0.8747125 0.039316666666666666 0.0294875
2 0.4577666666666667 0.86538125 0.03129166666666666 0.02768125
2 0.4288833333333333 0.85635625 0.03771666666666666 0.0300875
2 0.425675 0.8334874999999999 0.03610833333333333 0.0300875
2 0.45254999999999995 0.8422125 0.036908333333333335 0.027081249999999998
2 0.4505416666666667 0.82265625 0.034499999999999996 0.026481249999999998
2 0.478625 0.8298749999999999 0.042525 0.026481249999999998
2 0.48384166666666667 0.85124375 0.04493333333333333 0.0294875
2 0.51915 0.862975 0.04493333333333333 0.0300875
2 0.5628833333333334 0.83198125 0.03129166666666666 0.0294875
2 0.5797333333333333 0.813025 0.040924999999999996 0.0288875
2 0.5685 0.78835625 0.03771666666666666 0.026481249999999998
2 0.561675 0.76488125 0.03530833333333333 0.0288875
2 0.5885583333333333 0.7651875 0.03129166666666666 0.0294875
2 0.6046083333333333 0.7429187500000001 0.03610833333333333 0.0294875
2 0.5504416666666666 0.7468312500000001 0.036908333333333335 0.0288875
2 0.5757166666666667 0.7435187500000001 0.03610833333333333 0.0282875
2 0.562075 0.7230562500000001 0.03610833333333333 0.027081249999999998
2 0.5400083333333333 0.7236625 0.0337 0.02226875
2 0.377125 0.8082125000000001 0.032091666666666664 0.0300875
2 0.39477500000000004 0.83198125 0.036908333333333335 0.0282875
0 0.410425 0.8121250000000001 0.039316666666666666 0.0294875
0 0.4373083333333333 0.8043 0.03530833333333333 0.0282875
0 0.36669166666666664 0.75074375 0.032091666666666664 0.024675
2 0.33660833333333334 0.71403125 0.03771666666666666 0.03189375
2 0.3650916666666667 0.71373125 0.03530833333333333 0.025275
2 0.31895 0.6935687500000001 0.04413333333333334 0.0282875
2 0.3289833333333333 0.67220625 0.03530833333333333 0.025275
2 0.34824166666666667 0.68935625 0.032091666666666664 0.023468749999999997
2 0.35145 0.6689 0.0337 0.023468749999999997
2 0.46017500000000006 0.67250625 0.03129166666666666 0.027081249999999998
2 0.4698 0.6905625000000001 0.03610833333333333 0.02226875
2 0.4958833333333333 0.6866500000000001 0.038516666666666664 0.025275
2 0.4814333333333334 0.66408125 0.0337 0.027081249999999998
2 0.31815 0.63098125 0.039316666666666666 0.03069375
2 0.34342500000000004 0.6499375000000001 0.038516666666666664 0.026481249999999998
2 0.35585833333333333 0.6324875 0.034499999999999996 0.02768125
0 0.38515 0.628275 0.03530833333333333 0.026481249999999998
2 0.3630833333333333 0.61383125 0.03771666666666666 0.021662499999999998
2 0.360275 0.5981875 0.04011666666666667 0.0288875