2 0.7311197916666666 0.421875 0.037760416666666664 0.033203125
2 0.8470052083333334 0.53564453125 0.03975260416666667 0.028974609375
2 0.357421875 0.44921875 0.037786458333333335 0.02732421875
2 0.6360677083333334 0.3994140625 0.03953125 0.027119140625
2 0.3629557291666667 0.476318359375 0.03735677083333334 0.026611328125
2 0.533203125 0.311767578125 0.038489583333333334 0.028486328125
2 0.669921875 0.413330078125 0.0376953125 0.026806640625
2 0.408203125 0.32958984375 0.034609375 0.029755859375
2 0.435546875 0.311767578125 0.038203125 0.031025390625
2 0.3893229166666667 0.406494140625 0.03783854166666666 0.0281640625
2 0.6953125 0.435302734375 0.0408984375 0.029541015625
2 0.5989583333333334 0.370849609375 0.036705729166666666 0.027744140625
2 0.3636067708333333 0.50537109375 0.0376953125 0.02634765625
2 0.7630208333333334 0.460693359375 0.03783854166666666 0.02833984375
2 0.4690755208333333 0.31982421875 0.0357421875 0.030732421875
2 0.8828125 0.58740234375 0.041276041666666666 0.030048828125
2 0.7643229166666666 0.489990234375 0.03735677083333334 0.028212890625
2 0.4641927083333333 0.289306640625 0.038411458333333336 0.02748046875
2 0.4296875 0.28125 0.0370703125 0.02810546875
2 0.4127604166666667 0.359130859375 0.0369921875 0.0276953125
2 0.5341796875 0.34130859375 0.036848958333333334 0.031494140625
2 0.4957682291666667 0.30029296875 0.036705729166666666 0.025908203125
2 0.3678385416666667 0.53466796875 0.036783854166666664 0.0256640625
2 0.4208984375 0.388427734375 0.039088541666666664 0.02732421875
2 0.736328125 0.5078125 0.03989583333333333 0.027431640625
2 0.728515625 0.451171875 0.040755208333333334 0.030048828125
2 0.7311197916666666 0.47998046875 0.04014322916666666 0.027744140625
2 0.8971354166666666 0.61669921875 0.0405859375 0.031083984375
2 0.8444010416666666 0.58154296875 0.040755208333333334 0.030048828125
2 0.4527994791666667 0.4287109375 0.038346354166666666 0.027802734375
2 0.8717447916666666 0.55859375 0.03975260416666667 0.029814453125
2 0.662109375 0.4521484375 0.03975260416666667 0.029873046875
2 0.8717447916666666 0.64306640625 0.039674479166666665 0.030625
2 0.822265625 0.55908203125 0.04272135416666667 0.0296484375
2 0.4720052083333333 0.351318359375 0.03798177083333334 0.029248046875
2 0.857421875 0.61083984375 0.0416015625 0.03033203125
2 0.3948567708333333 0.459228515625 0.038059895833333336 0.02763671875
2 0.5247395833333334 0.6328125 0.0389453125 0.02763671875
2 0.4772135416666667 0.381103515625 0.0376171875 0.029033203125
2 0.6097005208333334 0.426513671875 0.03885416666666667 0.02970703125
2 0.5110677083333334 0.360107421875 0.039088541666666664 0.030439453125
2 0.7565104166666666 0.59375 0.03930989583333334 0.028935546875
2 0.6227213541666666 0.4560546875 0.041276041666666666 0.030048828125
2 0.4446614583333333 0.339599609375 0.04223958333333333 0.031982421875
2 0.8196614583333334 0.62255859375 0.03930989583333334 0.030498046875
2 0.4856770833333333 0.58837890625 0.03721354166666666 0.029208984375
2 0.8333333333333334 0.6494140625 0.038059895833333336 0.029248046875
2 0.7890625 0.6416015625 0.038203125 0.028447265625
2 0.7233072916666666 0.64453125 0.038411458333333336 0.028974609375
2 0.7506510416666666 0.6259765625 0.03877604166666667 0.029140625
2 0.4482421875 0.3681640625 0.0416015625 0.02970703125
2 0.6402994791666666 0.4287109375 0.039388020833333336 0.030048828125
2 0.3984375 0.54638671875 0.034479166666666665 0.02666015625
2 0.5677083333333334 0.416015625 0.04174479166666667 0.030439453125
2 0.576171875 0.59130859375 0.03975260416666667 0.030732421875
2 0.634765625 0.509765625 0.03798177083333334 0.02701171875
2 0.6809895833333334 0.6484375 0.039609375 0.02810546875
2 0.3958333333333333 0.48828125 0.037135416666666664 0.027529296875
2 0.6041666666666666 0.52099609375 0.03916666666666666 0.029208984375
2 0.775390625 0.544921875 0.0414453125 0.028212890625
2 0.6165364583333334 0.603515625 0.03930989583333334 0.02998046875
2 0.5185546875 0.475341796875 0.03595052083333333 0.026962890625
2 0.4563802083333333 0.60791015625 0.03609375 0.02580078125
2 0.6686197916666666 0.48095703125 0.036432291666666665 0.028447265625
2 0.6442057291666666 0.6533203125 0.0376171875 0.02732421875
2 0.3974609375 0.51708984375 0.036848958333333334 0.0270703125
2 0.5514322916666666 0.61376953125 0.037408854166666665 0.027373046875
2 0.8092447916666666 0.52734375 0.0376171875 0.02810546875
2 0.4300130208333333 0.52490234375 0.0376171875 0.027265625
2 0.4567057291666667 0.57666015625 0.0376953125 0.027958984375
2 0.6591796875 0.626953125 0.04346354166666667 0.03056640625
2 0.482421875 0.440673828125 0.03989583333333333 0.02931640625
2 0.8098958333333334 0.59716796875 0.04174479166666667 0.03228515625
2 0.42578125 0.591796875 0.03276041666666667 0.0250390625
2 0.6985677083333334 0.46435546875 0.04248697916666667 0.031142578125
2 0.6331380208333334 0.47998046875 0.039388020833333336 0.029248046875
2 0.4876302083333333 0.61865234375 0.035546875 0.02580078125
2 0.5416666666666666 0.5234375 0.03983072916666667 0.030625
2 0.5914713541666666 0.465576171875 0.04313802083333334 0.030791015625
2 0.4602864583333333 0.5107421875 0.036705729166666666 0.02763671875
2 0.7864583333333334 0.57763671875 0.042395833333333334 0.02998046875
2 0.4225260416666667 0.56494140625 0.03501302083333333 0.02732421875
2 0.5725911458333334 0.50927734375 0.03885416666666667 0.02970703125
2 0.4554036458333333 0.457763671875 0.042565104166666666 0.031376953125
2 0.5091145833333334 0.3896484375 0.04122395833333333 0.030625
2 0.5748697916666666 0.439208984375 0.03755208333333333 0.0288671875
2 0.4290364583333333 0.471923828125 0.039674479166666665 0.029423828125
2 0.5432942708333334 0.55078125 0.03975260416666667 0.0302734375
2 0.7682291666666666 0.6787109375 0.03923177083333333 0.02859375
2 0.5172526041666666 0.56982421875 0.03609375 0.028447265625
2 0.7083333333333334 0.5478515625 0.040442708333333334 0.027744140625
2 0.6015625 0.398193359375 0.037135416666666664 0.02791015625
2 0.6783854166666666 0.56494140625 0.039674479166666665 0.028017578125
2 0.7291666666666666 0.67529296875 0.038059895833333336 0.029208984375
2 0.58984375 0.62060546875 0.03923177083333333 0.02865234375
2 0.5634765625 0.646484375 0.0386328125 0.027177734375
2 0.6959635416666666 0.62353515625 0.04028645833333334 0.029755859375
2 0.7454427083333334 0.5341796875 0.0405859375 0.02810546875
2 0.5709635416666666 0.385009765625 0.04028645833333334 0.030439453125
2 0.6031901041666666 0.492431640625 0.04083333333333333 0.028974609375
2 0.6770833333333334 0.5380859375 0.041914062499999995 0.02833984375
2 0.720703125 0.60498046875 0.039388020833333336 0.0288671875
2 0.4794921875 0.4111328125 0.04122395833333333 0.029208984375
2 0.4527994791666667 0.54541015625 0.039609375 0.030673828125
2 0.712890625 0.57666015625 0.039674479166666665 0.0269140625
2 0.5179036458333334 0.60205078125 0.03623697916666666 0.02865234375
2 0.783203125 0.6123046875 0.03983072916666667 0.0296484375
2 0.5445963541666666 0.45556640625 0.0437890625 0.0327734375
2 0.5634765625 0.3251953125 0.033828125 0.029541015625
2 0.5432942708333334 0.43310546875 0.04545572916666666 0.031142578125
2 0.8033854166666666 0.6669921875 0.037929687499999996 0.02833984375
2 0.6829427083333334 0.59228515625 0.03930989583333334 0.030673828125
2 0.6246744791666666 0.6318359375 0.0416015625 0.028544921875
2 0.6194661458333334 0.57568359375 0.042070312500000005 0.031142578125
2 0.513671875 0.5380859375 0.03983072916666667 0.031201171875
2 0.6396484375 0.5673828125 0.0415234375 0.029208984375
2 0.6533203125 0.5927734375 0.0409765625 0.031083984375
2 0.4557291666666667 0.48486328125 0.0411328125 0.0288671875
2 0.4817708333333333 0.53173828125 0.042395833333333334 0.032353515625
2 0.5436197916666666 0.4013671875 0.048671875 0.035888671875
2 0.5133463541666666 0.434814453125 0.048749999999999995 0.03677734375
2 0.4922916666666666 0.466494140625 0.0390625 0.027041015625
2 0.39111979166666666 0.4326953125 0.041067708333333335 0.031552734375
2 0.42217447916666667 0.42029296875 0.037057291666666665 0.029296875
2 0.44671875 0.40001953125 0.03205729166666667 0.0323046875
2 0.42268229166666665 0.4424609375 0.0360546875 0.02103515625
2 0.4922916666666666 0.490537109375 0.041067708333333335 0.027041015625
2 0.5078125 0.5126953125 0.038059895833333336 0.02779296875
2 0.5368619791666667 0.495419921875 0.038059895833333336 0.029296875
2 0.5679036458333333 0.482275390625 0.042070312500000005 0.031552734375
2 0.7486979166666666 0.560771484375 0.041067708333333335 0.0323046875
2 0.7737369791666667 0.519833984375 0.041067708333333335 0.03455078125
2 0.7036197916666667 0.519453125 0.04307291666666666 0.029296875
2 0.6695703125 0.51119140625 0.04307291666666666 0.02779296875
2 0.6981119791666667 0.487529296875 0.038059895833333336 0.0360546875
2 0.5694140625 0.3534375 0.0390625 0.03080078125
2 0.5403645833333334 0.37146484375 0.0310546875 0.03380859375
2 0.4837760416666667 0.55513671875 0.040065104166666664 0.030048828125
2 0.496796875 0.328271484375 0.042070312500000005 0.033056640625
2 0.4251822916666667 0.49767578125 0.037057291666666665 0.023291015625
2 0.5744140624999999 0.533349609375 0.0390625 0.028544921875
2 0.6064713541666666 0.545751953125 0.0390625 0.02478515625
2 0.5769270833333333 0.562646484375 0.04606770833333334 0.0225390625
2 0.546875 0.580302734375 0.03205729166666667 0.02779296875
2 0.7567057291666667 0.65091796875 0.045078125 0.0262890625
2 0.641328125 0.54255859375 0.03930989583333334 0.027529296875