0 0.37393333333333334 0.68149375 0.018533333333333332 0.0139
0 0.387375 0.68340625 0.01668333333333333 0.01285625
0 0.36651666666666666 0.66863125 0.018533333333333332 0.01459375
0 0.38065 0.67106875 0.018075 0.01459375
0 0.39594166666666664 0.67280625 0.019 0.015987499999999998
0 0.3748583333333333 0.6578624999999999 0.018533333333333332 0.0125125
0 0.35934166666666667 0.6582062500000001 0.018075 0.0125125
0 0.35331666666666667 0.64778125 0.018075 0.01459375
0 0.36999166666666666 0.64778125 0.019 0.0139
0 0.38366666666666666 0.6491750000000001 0.018533333333333332 0.01320625
0 0.38945833333333335 0.65976875 0.016216666666666667 0.01425
0 0.4066 0.66411875 0.017141666666666666 0.0125125
0 0.41957500000000003 0.6646375 0.019925000000000002 0.0156375
0 0.41586666666666666 0.6543875 0.018075 0.01320625
0 0.400575 0.652475 0.019 0.01355625
0 0.396175 0.64118125 0.01668333333333333 0.0139
0 0.38227500000000003 0.63874375 0.018533333333333332 0.01320625
0 0.36675 0.63891875 0.02085 0.01425
0 0.3746333333333333 0.627975 0.02085 0.0139
0 0.3903833333333333 0.6293625 0.016216666666666667 0.0125125
0 0.4061416666666667 0.631625 0.019 0.01285625
0 0.4117 0.641525 0.019 0.01459375
0 0.42675833333333335 0.6437875 0.020391666666666666 0.0156375
0 0.42212500000000003 0.63179375 0.020391666666666666 0.01320625
0 0.417025 0.62328125 0.019458333333333334 0.01285625
0 0.4026666666666667 0.61963125 0.018533333333333332 0.0125125
0 0.38575 0.6185875 0.021775 0.0125125
0 0.3832 0.60799375 0.020391666666666666 0.01355625
0 0.40035000000000004 0.6088625 0.019458333333333334 0.01320625
0 0.414475 0.6046875 0.019 0.01320625
0 0.41123333333333334 0.5939187499999999 0.019925000000000002 0.0139
0 0.3950166666666666 0.5973937500000001 0.018075 0.01320625
0 0.37995833333333334 0.5965250000000001 0.020391666666666666 0.01285625
0 0.3686083333333333 0.58575 0.019925000000000002 0.01494375
0 0.38366666666666666 0.58626875 0.020391666666666666 0.0139
0 0.3982583333333334 0.5871375 0.017141666666666666 0.0121625
0 0.389225 0.575325 0.019458333333333334 0.01355625
0 0.37439999999999996 0.57445625 0.019458333333333334 0.0139
0 0.35934166666666667 0.57219375 0.019 0.01425
0 0.36906666666666665 0.5622937499999999 0.017141666666666666 0.01320625
0 0.35516666666666663 0.5591625 0.018075 0.01320625
0 0.3456666666666667 0.5673312500000001 0.017608333333333333 0.0121625
0 0.300025 0.5697625 0.017141666666666666 0.0121625
0 0.3109166666666667 0.5768875 0.020391666666666666 0.01320625
0 0.29214999999999997 0.57931875 0.018075 0.0125125
0 0.2840416666666667 0.588875 0.017608333333333333 0.01425
2 0.34497500000000003 0.7086 0.023633333333333333 0.017375
2 0.33686666666666665 0.69695625 0.01668333333333333 0.0121625
2 0.354475 0.69730625 0.01668333333333333 0.01425
2 0.37069166666666664 0.69869375 0.018533333333333332 0.01285625
2 0.33292499999999997 0.6870499999999999 0.019925000000000002 0.01320625
2 0.34845 0.6847937500000001 0.019458333333333334 0.01425
2 0.34126666666666666 0.67454375 0.019925000000000002 0.0139
2 0.3232 0.67801875 0.019 0.01459375
2 0.31555 0.66550625 0.018533333333333332 0.01320625
2 0.33292499999999997 0.66550625 0.019 0.01320625
2 0.32574166666666665 0.6540375 0.017608333333333333 0.01529375
2 0.333625 0.6403125 0.019458333333333334 0.0121625
2 0.34126666666666666 0.6491750000000001 0.016216666666666667 0.01459375
2 0.3459 0.66029375 0.016216666666666667 0.0125125
2 0.3496083333333333 0.63353125 0.018075 0.01320625
2 0.41795000000000004 0.6801 0.020391666666666666 0.01320625
2 0.34405 0.6224125 0.021775 0.01459375
2 0.36003333333333337 0.6220625 0.01668333333333333 0.01320625
2 0.35261666666666663 0.61303125 0.015758333333333333 0.010425
2 0.37069166666666664 0.61285625 0.017608333333333333 0.010775
2 0.363975 0.6043437500000001 0.019 0.015987499999999998
2 0.3456666666666667 0.60190625 0.020391666666666666 0.01459375
2 0.3540083333333333 0.58870625 0.015758333333333333 0.015987499999999998
2 0.33848333333333336 0.58991875 0.019 0.0156375
2 0.32968333333333333 0.58279375 0.017141666666666666 0.0125125
2 0.32110833333333333 0.59321875 0.01668333333333333 0.0125125
2 0.3035 0.5963499999999999 0.018533333333333332 0.0125125
2 0.26319166666666666 0.58435625 0.018533333333333332 0.01355625
2 0.24674166666666664 0.5906125 0.019 0.01494375
2 0.25809166666666666 0.5987812499999999 0.018533333333333332 0.01668125
2 0.2699083333333333 0.6057312499999999 0.017141666666666666 0.0125125
2 0.24234166666666668 0.6050375 0.019458333333333334 0.0139
2 0.25438333333333335 0.6123375 0.015758333333333333 0.01320625
2 0.26666666666666666 0.61945625 0.019925000000000002 0.01425
2 0.25137499999999996 0.62501875 0.018075 0.01285625
2 0.23237500000000003 0.6172 0.019925000000000002 0.0139
2 0.23561666666666667 0.62884375 0.02085 0.01494375
2 0.214075 0.6257125 0.021316666666666664 0.01494375
2 0.21105833333333335 0.63926875 0.02085 0.0156375
2 0.23098333333333335 0.641525 0.02085 0.0139
2 0.22681666666666667 0.65265 0.02085 0.01529375
2 0.4399666666666667 0.6613375 0.017141666666666666 0.015987499999999998
2 0.45085 0.65143125 0.018533333333333332 0.01355625
2 0.45664166666666667 0.6609875 0.019 0.01320625
2 0.44205000000000005 0.6410062499999999 0.01668333333333333 0.01425
2 0.4517833333333333 0.63249375 0.018533333333333332 0.01320625
2 0.45919166666666666 0.6220625 0.018533333333333332 0.0139
2 0.46545 0.6112937500000001 0.019 0.01320625
2 0.4510833333333333 0.61268125 0.018075 0.01320625
2 0.4457583333333333 0.6222375 0.018533333333333332 0.01285625
2 0.4295416666666667 0.61945625 0.018533333333333332 0.01355625
2 0.4364916666666666 0.610075 0.01668333333333333 0.01285625
2 0.44250833333333334 0.60016875 0.01668333333333333 0.0139
2 0.4517833333333333 0.59026875 0.019458333333333334 0.01355625
2 0.45803333333333335 0.60051875 0.019925000000000002 0.01320625
2 0.4362583333333333 0.58905 0.018075 0.01320625
2 0.42860833333333337 0.5987812499999999 0.017608333333333333 0.01320625
2 0.42212500000000003 0.5864437499999999 0.018533333333333332 0.01285625
2 0.270375 0.5716749999999999 0.02085 0.0139
2 0.2796416666666667 0.56055625 0.019 0.0125125
2 0.3150833333333333 0.554125 0.017608333333333333 0.01285625
2 0.325975 0.56176875 0.017141666666666666 0.01355625
2 0.309525 0.54474375 0.020391666666666666 0.01355625
2 0.3252833333333333 0.5449125 0.01668333333333333 0.01181875
2 0.3264416666666667 0.5337937500000001 0.017141666666666666 0.01320625
2 0.34010833333333335 0.5386625 0.018533333333333332 0.01181875
2 0.33640000000000003 0.55116875 0.017608333333333333 0.01111875
2 0.3505333333333333 0.5483875 0.018075 0.0125125
2 0.36535833333333334 0.5450875 0.018075 0.01355625
2 0.38111666666666666 0.543875 0.018075 0.01320625
2 0.39570833333333333 0.54404375 0.01668333333333333 0.01355625
2 0.38505833333333334 0.55360625 0.019458333333333334 0.0125125
2 0.4010416666666667 0.55464375 0.019 0.0139
2 0.4156333333333333 0.55151875 0.019458333333333334 0.01459375
2 0.4295416666666667 0.5556875 0.020391666666666666 0.01320625
2 0.41007499999999997 0.56125 0.019458333333333334 0.01320625
2 0.39015 0.5631625 0.015758333333333333 0.0121625
2 0.4154083333333333 0.5735875 0.018075 0.011468750000000002
2 0.438575 0.56698125 0.018075 0.01285625
2 0.42375 0.564375 0.018075 0.01181875
2 0.429075 0.57619375 0.015758333333333333 0.0125125
2 0.4434416666666667 0.5800125 0.021316666666666664 0.0125125
2 0.34405 0.57758125 0.019925000000000002 0.0139
2 0.33500833333333335 0.57115625 0.014825 0.01285625