2 0.8326171875 0.609716796875 0.02712239583333333 0.020341796875
2 0.8160026041666667 0.5919140625 0.0264453125 0.021357421875
2 0.8105729166666666 0.554287109375 0.021015625 0.019326171875
2 0.8234635416666666 0.5639453125 0.021015625 0.019326171875
2 0.8390494791666666 0.559365234375 0.019661458333333333 0.01728515625
2 0.8719401041666667 0.574375 0.018984375 0.01474609375
2 0.8909244791666667 0.58021484375 0.016276041666666668 0.01423828125
2 0.8875390625 0.560390625 0.018984375 0.01423828125
2 0.9146484375 0.583271484375 0.023046874999999998 0.01626953125
2 0.9275390625000001 0.59267578125 0.016276041666666668 0.01271484375
2 0.9373697916666667 0.582001953125 0.018307291666666666 0.01474609375
2 0.940078125 0.600302734375 0.019661458333333333 0.017802734375
2 0.9594010416666667 0.601318359375 0.025768229166666667 0.018818359375
2 0.8607552083333333 0.5619140625 0.021015625 0.01525390625
2 0.8509244791666667 0.568271484375 0.020338541666666664 0.01474609375
2 0.8522786458333332 0.538779296875 0.0284765625 0.017802734375
2 0.8526171874999999 0.524794921875 0.029153645833333335 0.01525390625
2 0.6397135416666667 0.766845703125 0.02779947916666667 0.022373046875
2 0.30104166666666665 0.7487890625 0.0244140625 0.024921875
2 0.4349479166666667 0.81287109375 0.021015625 0.017802734375
2 0.45699218750000004 0.81337890625 0.021692708333333335 0.01474609375
1 0.4746223958333333 0.765576171875 0.018984375 0.018818359375
1 0.4620703125 0.75693359375 0.018307291666666666 0.01474609375
1 0.4661458333333333 0.743203125 0.018307291666666666 0.01474609375
1 0.4803776041666667 0.753623046875 0.021015625 0.01626953125
1 0.4858072916666667 0.784638671875 0.019661458333333333 0.01728515625
1 0.4878385416666667 0.77244140625 0.016953125 0.01119140625
1 0.4556380208333333 0.7716796875 0.01763020833333333 0.01271484375
1 0.4691927083333333 0.777783203125 0.018984375 0.01271484375
1 0.46953125 0.792529296875 0.02373697916666667 0.01373046875
0 0.4257942708333333 0.74548828125 0.0244140625 0.01728515625
0 0.4447786458333333 0.76150390625 0.020338541666666664 0.01576171875
0 0.4444401041666666 0.750068359375 0.016953125 0.01525390625
0 0.4169791666666667 0.713447265625 0.023046874999999998 0.01423828125
0 0.45156250000000003 0.727685546875 0.014921875000000001 0.01322265625
1 0.5129296875 0.73455078125 0.022369791666666666 0.01271484375
0 0.5058072916666666 0.721591796875 0.01763020833333333 0.01119140625
0 0.5230989583333333 0.71853515625 0.022369791666666666 0.01423828125
0 0.5288541666666667 0.7317578125 0.016276041666666668 0.01322265625
0 0.4936067708333333 0.740400390625 0.018984375 0.01322265625
0 0.49800781250000004 0.7566796875 0.016953125 0.01525390625
0 0.508515625 0.77751953125 0.020338541666666664 0.01728515625
2 0.43054687500000005 0.7767578125 0.021692708333333335 0.01373046875
0 0.44342447916666666 0.78845703125 0.01763020833333333 0.01576171875
2 0.4451171875 0.80091796875 0.019661458333333333 0.01322265625
2 0.4742838541666667 0.806005859375 0.029153645833333335 0.01626953125
2 0.5369921875 0.74548828125 0.0244140625 0.01728515625