0 0.5705 0.6153375 0.04011666666666667 0.027081249999999998
0 0.58575 0.58404375 0.036908333333333335 0.0282875
0 0.626675 0.595175 0.04011666666666667 0.0288875
0 0.6026 0.6108250000000001 0.038516666666666664 0.03129375
0 0.5845416666666667 0.6397125 0.03771666666666666 0.03129375
0 0.6166416666666666 0.6364 0.03771666666666666 0.03069375
0 0.6411166666666667 0.62165625 0.038516666666666664 0.0325
0 0.6712 0.60600625 0.040924999999999996 0.0288875
0 0.7241583333333333 0.62165625 0.03610833333333333 0.0300875
0 0.7570583333333334 0.63369375 0.040924999999999996 0.0325
0 0.7851416666666666 0.61774375 0.045733333333333334 0.03189375
0 0.7983833333333333 0.63790625 0.043333333333333335 0.0337
0 0.7506416666666667 0.661675 0.04413333333333334 0.03069375
2 0.29488333333333333 0.62165625 0.040924999999999996 0.0300875
2 0.32135833333333336 0.60600625 0.040924999999999996 0.0337
2 0.34503333333333336 0.6228625 0.036908333333333335 0.025275
2 0.3141416666666667 0.6403125 0.042525 0.02768125
2 0.33339166666666664 0.6622750000000001 0.040924999999999996 0.03189375
2 0.3614833333333333 0.645425 0.040924999999999996 0.0294875
2 0.36268333333333336 0.60179375 0.041725 0.0325
2 0.3827416666666667 0.57953125 0.04011666666666667 0.03129375
2 0.41885 0.57561875 0.038516666666666664 0.0282875
2 0.4016 0.5993875 0.03610833333333333 0.03129375
2 0.3791333333333333 0.62165625 0.03771666666666666 0.0288875
2 0.40881666666666666 0.6312875 0.03771666666666666 0.03129375
2 0.3871583333333333 0.65595625 0.03771666666666666 0.0288875
2 0.36388333333333334 0.67551875 0.042525 0.0331
2 0.39598333333333335 0.6821375000000001 0.039316666666666666 0.03069375
2 0.3711083333333333 0.7031999999999999 0.045733333333333334 0.03189375
2 0.3883583333333333 0.7242624999999999 0.036908333333333335 0.03069375
2 0.411225 0.7029000000000001 0.034499999999999996 0.03129375
2 0.41925 0.66016875 0.03610833333333333 0.0337
2 0.43129166666666663 0.59638125 0.04413333333333334 0.02768125
2 0.4377083333333333 0.6240625 0.039316666666666666 0.0325
2 0.4461333333333333 0.6484375 0.04011666666666667 0.0294875
2 0.4288833333333333 0.6818375 0.039316666666666666 0.02768125
2 0.442925 0.7074124999999999 0.043333333333333335 0.0294875
2 0.4224583333333333 0.72998125 0.04413333333333334 0.03129375
2 0.461775 0.7320875 0.039316666666666666 0.0367125
2 0.4742166666666666 0.70109375 0.03530833333333333 0.0300875
2 0.46258333333333335 0.6746125000000001 0.034499999999999996 0.03129375
2 0.4798333333333333 0.65295 0.03530833333333333 0.0288875
2 0.4702 0.63008125 0.036908333333333335 0.0337
2 0.46218333333333333 0.60450625 0.036908333333333335 0.03189375
2 0.4557583333333333 0.58013125 0.038516666666666664 0.03129375
2 0.443325 0.55816875 0.03610833333333333 0.027081249999999998
2 0.476225 0.5563625 0.03610833333333333 0.03069375
2 0.8072083333333333 0.5732125 0.032091666666666664 0.03069375
2 0.5270166666666666 0.54150625 0.033775 0.0248875
2 0.6341166666666667 0.7348625 0.038775000000000004 0.027374999999999997
2 0.4928416666666666 0.6792 0.03609166666666667 0.027174999999999998
2 0.6155583333333333 0.7094750000000001 0.036783333333333335 0.027525
2 0.7558583333333333 0.54345625 0.037616666666666666 0.0250375
2 0.7936166666666667 0.546875 0.037700000000000004 0.024931250000000002
2 0.5061833333333333 0.7514624999999999 0.038066666666666665 0.02855
2 0.5055333333333333 0.6328125 0.03953333333333333 0.0283375
2 0.7460916666666666 0.74609375 0.03741666666666667 0.02865625
2 0.5439416666666667 0.58886875 0.03580833333333333 0.0268125
2 0.6123083333333333 0.75390625 0.038066666666666665 0.027331249999999998
2 0.8359416666666667 0.6616187499999999 0.037616666666666666 0.0275875
2 0.8320333333333334 0.553225 0.03548333333333333 0.026612499999999997
2 0.49316666666666664 0.72705 0.03609166666666667 0.026000000000000002
2 0.7057333333333333 0.73925625 0.03735 0.029249999999999998
2 0.7591166666666667 0.70605625 0.036783333333333335 0.02785
2 0.7128916666666667 0.6972687500000001 0.037925 0.028381249999999997
2 0.6940083333333333 0.56055 0.037616666666666666 0.0269625
2 0.5963583333333333 0.6806625 0.03600833333333334 0.02691875
2 0.669925 0.6860375000000001 0.03684166666666667 0.027374999999999997
2 0.6796916666666667 0.6503937500000001 0.03741666666666667 0.0267625
2 0.7910166666666667 0.703125 0.03713333333333334 0.02763125
2 0.75 0.59081875 0.040508333333333334 0.027374999999999997
2 0.48990833333333333 0.60595625 0.03493333333333334 0.0235625
2 0.6341166666666667 0.6889624999999999 0.039450000000000006 0.02886875
2 0.5888666666666666 0.5454125 0.03698333333333333 0.025375
2 0.593425 0.7793000000000001 0.036783333333333335 0.0275875
2 0.53125 0.6806625 0.04255833333333334 0.02816875
2 0.5065083333333333 0.55908125 0.03324166666666667 0.022887499999999998
2 0.7903666666666667 0.76269375 0.038941666666666666 0.0287
2 0.828125 0.70703125 0.037616666666666666 0.0268125
2 0.826825 0.7636750000000001 0.039308333333333334 0.029375
2 0.5406916666666667 0.75293125 0.036783333333333335 0.027693750000000003
2 0.5332 0.63574375 0.03480833333333334 0.02470625
2 0.8509083333333334 0.7329125000000001 0.035275 0.02691875
2 0.700525 0.67285 0.03826666666666667 0.02700625
2 0.8131499999999999 0.7358374999999999 0.03755833333333333 0.027525
2 0.5410166666666667 0.7041 0.0402 0.0250375
2 0.560225 0.72949375 0.040591666666666665 0.02865625
2 0.7747416666666667 0.6787125 0.03983333333333333 0.0274375
2 0.6862 0.53515625 0.037616666666666666 0.02451875
2 0.6191416666666667 0.5371125 0.037783333333333335 0.026062500000000002
2 0.7766916666666667 0.7334 0.03741666666666667 0.027068750000000003
2 0.8854166666666666 0.61865 0.035075 0.0259125
2 0.8131499999999999 0.6806625 0.03820833333333334 0.026549999999999997
2 0.669275 0.73730625 0.037066666666666664 0.0262625
2 0.5546916666666667 0.54394375 0.03580833333333333 0.02319375
2 0.72005 0.54296875 0.03448333333333334 0.0231
2 0.8899750000000001 0.578125 0.03713333333333334 0.026062500000000002
2 0.5572916666666666 0.7758812500000001 0.03110833333333333 0.02456875
2 0.6468083333333333 0.52099375 0.031475 0.023468749999999997
2 0.84115 0.61914375 0.04765 0.0340875
2 0.85375 0.57140625 0.036908333333333335 0.0294875
2 0.8308833333333333 0.5894625 0.03610833333333333 0.0282875
2 0.8657833333333333 0.595175 0.041725 0.0300875
2 0.8565583333333332 0.6364 0.040924999999999996 0.03189375
2 0.7743083333333333 0.57110625 0.043333333333333335 0.0300875
2 0.7333916666666667 0.5650875 0.043333333333333335 0.0288875
2 0.712525 0.58795625 0.04493333333333333 0.0300875
2 0.6567583333333333 0.545225 0.04413333333333334 0.0288875
2 0.6643833333333333 0.57050625 0.041725 0.0325
2 0.6306833333333334 0.55966875 0.04011666666666667 0.026481249999999998
2 0.5339916666666666 0.56659375 0.03610833333333333 0.023468749999999997
2 0.48264166666666664 0.5813375 0.034499999999999996 0.02768125
2 0.5151416666666666 0.58434375 0.03530833333333333 0.0300875
2 0.5219583333333333 0.61021875 0.039316666666666666 0.02768125
2 0.5135333333333333 0.6556562499999999 0.038516666666666664 0.0331
2 0.5476333333333333 0.65595625 0.03771666666666666 0.0288875
2 0.5672916666666666 0.6788249999999999 0.03530833333333333 0.0300875
2 0.5797333333333333 0.70109375 0.040924999999999996 0.0288875
2 0.5973833333333334 0.72696875 0.042525 0.0325
2 0.5761166666666667 0.75104375 0.043333333333333335 0.02768125
2 0.6491416666666667 0.71373125 0.041725 0.0337
2 0.6896583333333334 0.711625 0.03771666666666666 0.03069375
2 0.728975 0.71884375 0.042525 0.0282875
2 0.6555583333333334 0.66679375 0.04493333333333333 0.0337
2 0.6178416666666666 0.66378125 0.0337 0.02406875
2 0.7069083333333332 0.6345937500000001 0.038516666666666664 0.0282875
2 0.72135 0.6574625000000001 0.038516666666666664 0.0331