0 0.22377499999999997 0.7104125 0.02455833333333333 0.01879375
2 0.22277499999999997 0.64914375 0.02255 0.01879375
2 0.21525833333333333 0.6641812500000001 0.023558333333333334 0.01804375
2 0.23880833333333332 0.65891875 0.02455833333333333 0.01879375
2 0.23229166666666667 0.6733875 0.026558333333333333 0.01766875
2 0.20648333333333332 0.6779000000000001 0.024058333333333334 0.018418749999999998
2 0.22126666666666664 0.6869187499999999 0.02255 0.01766875
2 0.24908333333333332 0.6835375 0.026058333333333333 0.018418749999999998
2 0.2353 0.69538125 0.02455833333333333 0.01804375
2 0.19595833333333335 0.6918062500000001 0.026058333333333333 0.0161625
2 0.19344999999999998 0.70628125 0.025058333333333335 0.0172875
2 0.1932 0.7241312499999999 0.028566666666666667 0.018418749999999998
2 0.20773333333333333 0.73446875 0.02455833333333333 0.01879375
2 0.22703333333333334 0.74105 0.027066666666666662 0.01766875
2 0.23029166666666667 0.72695 0.02255 0.01804375
2 0.24958333333333332 0.7205625000000001 0.028066666666666667 0.01879375
2 0.2538416666666667 0.70515 0.027566666666666666 0.01804375
1 0.49666666666666665 0.54709375 0.02205 0.01766875
1 0.5101916666666667 0.5382625 0.021050000000000003 0.0172875
1 0.5297416666666667 0.54201875 0.024058333333333334 0.0165375
1 0.5144583333333334 0.55291875 0.023558333333333334 0.0157875
0 0.36410000000000003 0.5474687500000001 0.02155 0.0161625
0 0.38114166666666666 0.5487875 0.02155 0.01804375
0 0.39843333333333336 0.550475 0.02005 0.0161625
0 0.38315 0.5658875 0.023558333333333334 0.0169125
0 0.39392499999999997 0.57810625 0.02005 0.0157875
0 0.41020833333333334 0.5829875 0.02155 0.0157875
0 0.4074583333333333 0.5657 0.02305 0.0172875
0 0.42424166666666663 0.5670125 0.019541666666666666 0.018418749999999998
0 0.4420333333333334 0.56870625 0.02205 0.01804375
0 0.41873333333333335 0.55235625 0.02255 0.018418749999999998
0 0.43627499999999997 0.55555 0.019541666666666666 0.0165375
0 0.4525583333333334 0.55329375 0.02305 0.0165375
0 0.4452916666666667 0.5407062499999999 0.02155 0.0169125
0 0.42875833333333335 0.5397625 0.018541666666666668 0.0157875
0 0.4117166666666667 0.53638125 0.02155 0.01804375
0 0.41973333333333335 0.51984375 0.02255 0.0172875
0 0.436025 0.52623125 0.02205 0.01804375
0 0.44780000000000003 0.51345 0.02255 0.01428125
0 0.4638333333333334 0.5089437499999999 0.02055 0.01428125
0 0.45531666666666665 0.52679375 0.023558333333333334 0.0169125
0 0.47085 0.5219125 0.018541666666666668 0.01390625
0 0.481375 0.51025625 0.02055 0.0154125
0 0.500425 0.51025625 0.02255 0.01465625
0 0.48965000000000003 0.522475 0.02305 0.015037499999999999
0 0.5071916666666667 0.5219125 0.02205 0.0169125
0 0.47962499999999997 0.5333749999999999 0.02005 0.01428125
0 0.4633333333333333 0.5386375 0.02055 0.0165375
0 0.4706 0.55310625 0.02005 0.0161625
0 0.4628333333333333 0.56908125 0.025558333333333336 0.0172875
0 0.481125 0.566825 0.02305 0.0172875
0 0.4863916666666666 0.5814875 0.023558333333333334 0.01804375
0 0.5009250000000001 0.5720875 0.02155 0.0172875
0 0.5127 0.5828 0.024058333333333334 0.019168750000000002
0 0.500175 0.5918249999999999 0.02305 0.01390625
0 0.5287416666666667 0.59145 0.02205 0.01465625
0 0.524725 0.570775 0.025058333333333335 0.018418749999999998
0 0.5407666666666666 0.5771625 0.02205 0.0161625
0 0.5588083333333334 0.5751 0.024058333333333334 0.01954375
0 0.5505416666666666 0.5643875 0.02155 0.0169125
0 0.5345 0.5595 0.023558333333333334 0.0169125
0 0.5590583333333333 0.54108125 0.02055 0.0154125
0 0.543275 0.5474687500000001 0.02205 0.0154125
0 0.5254833333333334 0.5221 0.02255 0.01804375
0 0.5415166666666668 0.51476875 0.02455833333333333 0.0169125
0 0.5490333333333334 0.529425 0.02455833333333333 0.018418749999999998
0 0.5598083333333334 0.5166499999999999 0.02205 0.01766875
0 0.5710916666666667 0.5281125 0.02255 0.0157875
0 0.5781000000000001 0.54239375 0.02155 0.0172875
0 0.5635666666666667 0.55366875 0.023558333333333334 0.015037499999999999
0 0.5746 0.5658875 0.023558333333333334 0.01766875
0 0.5826166666666667 0.57866875 0.023558333333333334 0.0161625
2 0.4062 0.51195 0.026558333333333333 0.0172875
2 0.4237416666666667 0.5038687500000001 0.025558333333333336 0.01766875
2 0.45105833333333334 0.49935625 0.02205 0.01465625
2 0.501425 0.4954125 0.025558333333333336 0.01879375
2 0.524475 0.49240625 0.02255 0.01954375
2 0.5116999999999999 0.50536875 0.02005 0.0161625
2 0.5312416666666667 0.506875 0.021050000000000003 0.0161625
2 0.543525 0.4957875 0.023558333333333334 0.01804375
2 0.5630666666666666 0.4957875 0.02055 0.01804375
2 0.5793583333333333 0.49935625 0.024058333333333334 0.019168750000000002
2 0.5963999999999999 0.50105 0.024058333333333334 0.01954375
2 0.586125 0.51458125 0.02255 0.0165375
2 0.5918833333333333 0.5281125 0.025058333333333335 0.0165375
2 0.5989 0.5403249999999999 0.02305 0.0161625
2 0.588125 0.55310625 0.023558333333333334 0.0161625
2 0.59865 0.56381875 0.02455833333333333 0.01879375
2 0.6069249999999999 0.57471875 0.024058333333333334 0.0172875
2 0.5610666666666666 0.59520625 0.025558333333333336 0.018418749999999998
2 0.5826166666666667 0.5993437500000001 0.02455833333333333 0.01766875
2 0.5958916666666667 0.586 0.02305 0.01203125
2 0.5517916666666667 0.60498125 0.02205 0.01766875
2 0.5705833333333333 0.6085499999999999 0.02455833333333333 0.0172875
2 0.5422666666666667 0.6188875 0.025058333333333335 0.018418749999999998
2 0.5299916666666666 0.6072375 0.02155 0.01766875
2 0.3866583333333333 0.5288625 0.02155 0.01804375
2 0.351075 0.55254375 0.019541666666666666 0.015037499999999999
2 0.353325 0.56720625 0.02205 0.01804375
2 0.36235 0.5813 0.026058333333333333 0.0169125
2 0.3708666666666667 0.5950187499999999 0.02205 0.0165375
2 0.38640833333333335 0.5985875 0.025058333333333335 0.021425
2 0.4042 0.602725 0.02255 0.020675
2 0.42199166666666665 0.6062937500000001 0.02305 0.01954375
2 0.4352666666666667 0.5927625 0.02055 0.0165375
2 0.4450416666666666 0.58055 0.02205 0.01390625
2 0.46258333333333335 0.5813 0.02205 0.01390625
2 0.4538166666666667 0.59408125 0.02155 0.0169125
2 0.47085 0.5969 0.02155 0.0172875
2 0.44078333333333336 0.607425 0.02155 0.01879375
2 0.460075 0.6091125000000001 0.02305 0.019168750000000002
2 0.47711666666666663 0.61193125 0.02305 0.0172875
2 0.49340833333333334 0.60666875 0.02255 0.01879375
2 0.51195 0.6093 0.02255 0.01879375