2 0.3662083333333333 0.49243125 0.03324166666666667 0.02475
2 0.4000666666666666 0.49414375 0.033125 0.0239125
2 0.43261666666666665 0.49511875000000005 0.03245 0.0241375
2 0.3541666666666667 0.52539375 0.032875 0.024093749999999997
2 0.39094999999999996 0.6469750000000001 0.0317 0.02526875
2 0.359375 0.55029375 0.03369166666666667 0.026156250000000002
2 0.31233333333333335 0.5629875 0.033508333333333334 0.025225
2 0.34407499999999996 0.57373125 0.03294166666666667 0.02555625
2 0.5722666666666667 0.5766625 0.031166666666666665 0.023725
2 0.47363333333333335 0.5297875 0.03395833333333333 0.023700000000000002
2 0.5706416666666666 0.62060625 0.03153333333333334 0.024337499999999998
2 0.4960916666666666 0.688475 0.0308 0.024993750000000002
2 0.4280583333333333 0.6084 0.030358333333333334 0.02595625
2 0.5918 0.634275 0.03129166666666666 0.0250375
2 0.3837916666666667 0.53515625 0.032575 0.02700625
2 0.5042333333333334 0.52685625 0.03194166666666667 0.022324999999999998
2 0.39876666666666666 0.6001 0.03175833333333333 0.0256625
2 0.34342500000000004 0.59716875 0.0317 0.0241375
2 0.5387333333333334 0.54785 0.03163333333333333 0.02284375
2 0.45182500000000003 0.69824375 0.03294166666666667 0.025225
2 0.562825 0.6459937499999999 0.03225 0.02541875
2 0.43587499999999996 0.58251875 0.033 0.0257125
2 0.47363333333333335 0.57421875 0.033325 0.02541875
2 0.5540333333333334 0.5942375 0.029666666666666668 0.024093749999999997
2 0.31559166666666666 0.584475 0.03129166666666666 0.023725
2 0.4902333333333333 0.6577124999999999 0.033383333333333334 0.02635
2 0.4303416666666666 0.6464875000000001 0.032633333333333334 0.0248875
2 0.42935833333333334 0.6816437500000001 0.030758333333333332 0.023725
2 0.47754166666666664 0.55126875 0.032 0.02470625
2 0.5078166666666667 0.55078125 0.03153333333333334 0.02451875
2 0.5377583333333333 0.61474375 0.0308 0.02456875
2 0.404625 0.5766625 0.0316 0.0262
2 0.37565 0.57568125 0.029666666666666668 0.0239125
2 0.44433333333333336 0.5166 0.03188333333333333 0.0241875
2 0.45409999999999995 0.6621125000000001 0.03475 0.0256625
2 0.32698333333333335 0.54248125 0.034216666666666666 0.02479375
2 0.47656666666666664 0.61474375 0.032125 0.0257125
2 0.5224583333333334 0.5922875 0.03245 0.02546875
2 0.4759083333333334 0.7133812500000001 0.030925 0.0257125
2 0.4905583333333333 0.5922875 0.030758333333333332 0.024
2 0.4469416666666667 0.55908125 0.03181666666666667 0.0235625
2 0.4583333333333333 0.59765625 0.032 0.02475
2 0.4150416666666667 0.53613125 0.03163333333333333 0.02475
2 0.5074833333333334 0.57275625 0.031166666666666665 0.0248875
2 0.5039083333333334 0.634275 0.031349999999999996 0.02484375
2 0.41080833333333333 0.6665062500000001 0.03389166666666667 0.027331249999999998
2 0.532875 0.63965 0.03141666666666667 0.0239125
2 0.44759166666666667 0.624025 0.030516666666666664 0.024231250000000003
2 0.46875 0.63818125 0.03188333333333333 0.0250875
2 0.5410166666666667 0.6650375 0.029666666666666668 0.0224125
2 0.4280583333333333 0.71533125 0.030758333333333332 0.02395625
2 0.47623333333333334 0.6782250000000001 0.03175833333333333 0.024275
2 0.37955833333333333 0.51074375 0.031475 0.0222
2 0.4114583333333333 0.5166 0.032758333333333334 0.02405
2 0.5084666666666666 0.61181875 0.03188333333333333 0.02381875
2 0.5201833333333333 0.6538062499999999 0.03123333333333333 0.02405
2 0.4134083333333333 0.555175 0.03110833333333333 0.0248875
2 0.44433333333333336 0.538575 0.0307 0.02395625
2 0.38835 0.5537125 0.029375 0.0258625
2 0.5387333333333334 0.5712875 0.0317 0.02533125
2 0.4166666666666667 0.6309 0.031483333333333335 0.021525
2 0.5111083333333334 0.6690999999999999 0.03333333333333333 0.02430625