0 0.36745 0.6386875 0.04645833333333333 0.02771875
2 0.34475 0.49059375000000005 0.043291666666666666 0.0403875
2 0.38276666666666664 0.48465625 0.039066666666666666 0.03643125
2 0.3727333333333333 0.51276875 0.04435 0.032468750000000005
2 0.40863333333333335 0.5199 0.040125 0.029300000000000003
2 0.3363 0.52623125 0.049624999999999996 0.032468750000000005
2 0.3627 0.54246875 0.041183333333333336 0.0332625
2 0.40440833333333337 0.54959375 0.048575 0.031675
2 0.33260833333333334 0.5579125 0.04435 0.029300000000000003
2 0.376425 0.5721625 0.043291666666666666 0.02771875
2 0.30410000000000004 0.56186875 0.04435 0.030887500000000002
2 0.30674166666666663 0.58998125 0.036958333333333336 0.03009375
2 0.3415833333333333 0.58325 0.045399999999999996 0.02771875
2 0.35530833333333334 0.60740625 0.045399999999999996 0.03009375
2 0.3880416666666667 0.595525 0.03484166666666667 0.026924999999999998
2 0.4118 0.61255 0.048575 0.029300000000000003
2 0.42975 0.6390812499999999 0.05068333333333333 0.03484375
2 0.402825 0.6477937500000001 0.04751666666666667 0.03009375
2 0.31729999999999997 0.6173062500000001 0.043291666666666666 0.032468750000000005
2 0.281925 0.62443125 0.040125 0.032468750000000005
2 0.30410000000000004 0.6517499999999999 0.04645833333333333 0.03484375
2 0.33471666666666666 0.64264375 0.040125 0.029300000000000003
2 0.2623916666666667 0.65888125 0.049624999999999996 0.0332625
2 0.2924833333333334 0.67868125 0.04223333333333333 0.031675
2 0.32944166666666663 0.66838125 0.048575 0.03643125
2 0.3146583333333333 0.6996625000000001 0.04645833333333333 0.0356375
2 0.35003333333333336 0.69333125 0.04751666666666667 0.032468750000000005
2 0.3595333333333333 0.6628375 0.04751666666666667 0.03643125
2 0.3922666666666667 0.6767 0.043291666666666666 0.030887500000000002
2 0.42235833333333334 0.66996875 0.04645833333333333 0.03484375
2 0.4572 0.6774875 0.048575 0.03405
2 0.3854 0.706 0.048575 0.037218749999999995
2 0.41655000000000003 0.70401875 0.045399999999999996 0.0332625
2 0.45509166666666667 0.71510625 0.048575 0.03643125
2 0.39913333333333334 0.732925 0.048575 0.0403875
2 0.4355583333333333 0.7388625000000001 0.04751666666666667 0.0332625
2 0.41655000000000003 0.7661875 0.06018333333333333 0.0356375