0 0.5774479166666667 0.6448828125 0.02170572916666667 0.017626953125
0 0.5656901041666667 0.656181640625 0.021093749999999998 0.017626953125
0 0.5828645833333334 0.662958984375 0.022903645833333333 0.019443359375
0 0.5994401041666667 0.637421875 0.02471354166666667 0.016279296875
0 0.6000520833333333 0.650751953125 0.02471354166666667 0.0158203125
0 0.6217447916666666 0.64013671875 0.01989583333333333 0.017177734375
0 0.6329036458333334 0.65279296875 0.02411458333333333 0.017177734375
0 0.6509765625 0.6469140625 0.02411458333333333 0.01537109375
0 0.650078125 0.6616015625 0.025924479166666667 0.019443359375
0 0.6672526041666668 0.672001953125 0.02170572916666667 0.016728515625
0 0.6166276041666666 0.658671875 0.020494791666666668 0.016279296875
0 0.5994401041666667 0.664765625 0.023502604166666666 0.016728515625
0 0.6307942708333333 0.670869140625 0.021093749999999998 0.0180859375
0 0.6145182291666667 0.678330078125 0.0223046875 0.020341796875
0 0.6344010416666667 0.68828125 0.025924479166666667 0.017626953125
0 0.6485677083333333 0.681044921875 0.02170572916666667 0.016728515625
0 0.6690625 0.6851171875 0.0265234375 0.02125
0 0.658515625 0.700712890625 0.02471354166666667 0.017177734375
0 0.6600260416666667 0.713818359375 0.0265234375 0.018984375
0 0.6449479166666666 0.719248046875 0.02170572916666667 0.018984375
0 0.6250651041666667 0.711337890625 0.022903645833333333 0.01853515625
0 0.6401302083333333 0.704326171875 0.022903645833333333 0.0180859375
0 0.6175260416666667 0.696640625 0.02471354166666667 0.0180859375
0 0.6009505208333333 0.694384765625 0.02411458333333333 0.016279296875
0 0.5870833333333333 0.705458984375 0.02411458333333333 0.019443359375
0 0.6036588541666666 0.71201171875 0.025924479166666667 0.017177734375
0 0.5810677083333333 0.689638671875 0.02170572916666667 0.017626953125
0 0.5931119791666667 0.680595703125 0.022903645833333333 0.019443359375
0 0.5714192708333333 0.67380859375 0.020494791666666668 0.019443359375
0 0.552734375 0.66861328125 0.0253125 0.016279296875
0 0.5614713541666666 0.6851171875 0.02712239583333333 0.0221484375
0 0.5415755208333334 0.686240234375 0.02712239583333333 0.018984375
0 0.5349479166666666 0.6722265625 0.021093749999999998 0.018984375
0 0.5204817708333334 0.658212890625 0.021093749999999998 0.0180859375
0 0.5337500000000001 0.648271484375 0.025924479166666667 0.017177734375
0 0.5461067708333334 0.658671875 0.022903645833333333 0.0180859375
0 0.5045052083333333 0.635615234375 0.0253125 0.018984375
0 0.49486979166666667 0.590634765625 0.0253125 0.01853515625
0 0.5132552083333334 0.591533203125 0.0223046875 0.020341796875
0 0.508125 0.575263671875 0.02411458333333333 0.01853515625
0 0.4689453125 0.58814453125 0.0253125 0.02169921875
0 0.4589973958333333 0.576845703125 0.028333333333333335 0.018984375
0 0.43398437500000003 0.57119140625 0.0253125 0.01853515625
0 0.4300651041666667 0.54904296875 0.028333333333333335 0.0221484375
0 0.44634114583333334 0.56283203125 0.021093749999999998 0.016279296875
0 0.46412760416666665 0.561015625 0.022903645833333333 0.0180859375
2 0.32850260416666666 0.5440625 0.02170572916666667 0.01853515625
2 0.3511067708333333 0.550166015625 0.023502604166666666 0.020791015625
2 0.39058593750000004 0.577744140625 0.022903645833333333 0.019892578125
2 0.3966145833333334 0.55943359375 0.0253125 0.019443359375
2 0.40837239583333335 0.574580078125 0.0223046875 0.017177734375
2 0.4204296875 0.5854296875 0.021093749999999998 0.016279296875
2 0.41259114583333334 0.56283203125 0.01989583333333333 0.017177734375
2 0.43941406250000004 0.584072265625 0.020494791666666668 0.013564453125
2 0.4538802083333333 0.593564453125 0.02170572916666667 0.017177734375
2 0.46472656250000005 0.605546875 0.02170572916666667 0.017626953125
2 0.4876302083333333 0.601484375 0.022903645833333333 0.014921875
2 0.4969791666666667 0.56283203125 0.0223046875 0.014462890625
2 0.5289192708333333 0.572099609375 0.021093749999999998 0.0221484375
2 0.5322395833333333 0.589951171875 0.0180859375 0.02169921875
2 0.5448958333333334 0.600126953125 0.02411458333333333 0.020341796875
2 0.5014973958333333 0.608935546875 0.027721354166666667 0.017177734375
2 0.5150651041666666 0.618662109375 0.023502604166666666 0.016728515625
2 0.4755729166666667 0.635615234375 0.0253125 0.023505859375
2 0.50390625 0.665 0.0253125 0.0180859375
2 0.5572526041666667 0.633349609375 0.023502604166666666 0.019892578125
2 0.5759375 0.629052734375 0.021093749999999998 0.01853515625
2 0.654296875 0.636064453125 0.02471354166666667 0.019892578125
2 0.6865494791666666 0.640361328125 0.0253125 0.02125
2 0.6705729166666666 0.649169921875 0.021093749999999998 0.017177734375
2 0.6747916666666667 0.66228515625 0.021093749999999998 0.0180859375
2 0.6937760416666667 0.6584375 0.0253125 0.020341796875
2 0.6889583333333333 0.691220703125 0.027721354166666667 0.019892578125
2 0.6976953125 0.7081640625 0.02712239583333333 0.023056640625
2 0.6796093750000001 0.7187890625 0.023502604166666666 0.019892578125
2 0.67328125 0.735068359375 0.02411458333333333 0.0180859375
2 0.6536979166666667 0.734384765625 0.028333333333333335 0.016728515625
2 0.6316927083333334 0.733486328125 0.0265234375 0.02125
2 0.5370572916666666 0.70048828125 0.02170572916666667 0.016728515625
2 0.5575520833333333 0.700029296875 0.02170572916666667 0.017626953125
2 0.6105989583333333 0.627021484375 0.020494791666666668 0.019892578125