0 0.45735833333333337 0.6404125 0.025966666666666666 0.02114375
0 0.441775 0.6732375 0.028933333333333332 0.020031249999999997
0 0.44994166666666663 0.6910437500000001 0.024483333333333333 0.02114375
0 0.47330833333333333 0.69855625 0.029675 0.020587499999999998
0 0.4236 0.70550625 0.032641666666666666 0.022256249999999998
0 0.4447416666666667 0.7077312499999999 0.030416666666666668 0.02114375
0 0.46922500000000006 0.71190625 0.030416666666666668 0.0228125
0 0.39355833333333334 0.7102375000000001 0.024483333333333333 0.01725
0 0.40876666666666667 0.7188625000000001 0.025225 0.01780625
0 0.4206333333333333 0.73249375 0.031158333333333333 0.020587499999999998
0 0.4380666666666666 0.72136875 0.030416666666666668 0.019475
0 0.462175 0.7272062499999999 0.02670833333333333 0.018918749999999998
0 0.44399999999999995 0.7411187499999999 0.028933333333333332 0.01669375
0 0.39540833333333336 0.7369437499999999 0.032641666666666666 0.01725
0 0.400975 0.7514125 0.02745 0.020587499999999998
0 0.42656666666666665 0.7503 0.028191666666666667 0.023925000000000002
0 0.44994166666666663 0.7555812500000001 0.025966666666666666 0.020031249999999997
2 0.4628333333333333 0.62603125 0.029566666666666665 0.021425
2 0.48363333333333336 0.6155062499999999 0.028066666666666667 0.019168750000000002
2 0.5074416666666667 0.6196375 0.030574999999999998 0.020675
2 0.49165000000000003 0.6305375 0.027066666666666662 0.01766875
2 0.51395 0.63655625 0.023558333333333334 0.019168750000000002
2 0.4939083333333334 0.6461374999999999 0.026558333333333333 0.01954375
2 0.5192166666666667 0.6538437500000001 0.027066666666666662 0.0169125
2 0.523975 0.66906875 0.028566666666666667 0.02105
2 0.42424166666666663 0.65421875 0.025558333333333336 0.020675
2 0.4488 0.6551625 0.02455833333333333 0.01879375
2 0.47360833333333335 0.6585437500000001 0.026058333333333333 0.01954375
2 0.4956583333333333 0.6638062499999999 0.025058333333333335 0.01804375
2 0.48087499999999994 0.6745187500000001 0.02455833333333333 0.01991875
2 0.4189833333333333 0.6715125000000001 0.030066666666666665 0.020675
2 0.5056833333333334 0.6767749999999999 0.025058333333333335 0.020675
2 0.49090000000000006 0.68955 0.027566666666666666 0.019168750000000002
2 0.5142083333333333 0.6929375 0.027066666666666662 0.020675
2 0.502925 0.7081562499999999 0.031575 0.01804375
2 0.4871416666666667 0.7201875 0.024058333333333334 0.0203
2 0.4057 0.6918062500000001 0.026558333333333333 0.019168750000000002
2 0.44053333333333333 0.63880625 0.024058333333333334 0.021425
2 0.5041833333333333 0.73334375 0.029066666666666668 0.0218
2 0.49415833333333337 0.7474375000000001 0.027066666666666662 0.022174999999999997
2 0.4721083333333333 0.75458125 0.026058333333333333 0.02293125
2 0.36109166666666664 0.7519499999999999 0.028566666666666667 0.02293125
2 0.3756333333333333 0.71868125 0.02455833333333333 0.0203
2 0.3793916666666666 0.73296875 0.02305 0.02105
2 0.371875 0.76529375 0.029066666666666668 0.01879375
2 0.3813916666666667 0.7795749999999999 0.030066666666666665 0.02405625
0 0.414725 0.76529375 0.027566666666666666 0.0203