0 0.423375 0.6198312500000001 0.04873333333333333 0.035025
0 0.45332500000000003 0.6655187499999999 0.047716666666666664 0.035025
0 0.47972499999999996 0.6400125 0.04975 0.0357875
0 0.5254083333333334 0.64153125 0.045691666666666665 0.03426875
0 0.552825 0.61906875 0.047716666666666664 0.035025
0 0.5609416666666667 0.6525749999999999 0.051783333333333334 0.04264375
0 0.536575 0.6765625 0.051783333333333334 0.0357875
0 0.49393333333333334 0.6712312500000001 0.047716666666666664 0.0388375
0 0.47109166666666663 0.699025 0.04264166666666667 0.035025
0 0.5112000000000001 0.7047374999999999 0.04975 0.0357875
2 0.24265 0.5170375 0.0467 0.039593750000000004
2 0.27819166666666667 0.52769375 0.04264166666666667 0.03655
2 0.244175 0.5513 0.047716666666666664 0.035025
2 0.28834166666666666 0.5604375 0.04264166666666667 0.03655
2 0.257375 0.57756875 0.041625 0.03274375
2 0.31169166666666664 0.53416875 0.0467 0.0373125
2 0.3396166666666667 0.547875 0.041625 0.03274375
2 0.3162583333333333 0.5737625 0.041625 0.0388375
2 0.2858 0.59660625 0.047716666666666664 0.0373125
2 0.3360583333333333 0.601175 0.03655 0.02513125
2 0.3584 0.57643125 0.05076666666666667 0.04111875
2 0.3812416666666667 0.54749375 0.051783333333333334 0.038075
2 0.30661666666666665 0.62288125 0.04873333333333333 0.03655
2 0.3340333333333333 0.64153125 0.044675 0.040356249999999996
2 0.3715916666666667 0.6525749999999999 0.04873333333333333 0.03350625
2 0.39495 0.664375 0.05279166666666667 0.0357875
2 0.3624583333333333 0.6186875 0.04060833333333333 0.0357875
2 0.3842833333333333 0.5928 0.04975 0.040356249999999996
2 0.4096666666666667 0.5680499999999999 0.053808333333333326 0.039593750000000004
2 0.4457083333333334 0.57224375 0.0467 0.0388375
2 0.42083333333333334 0.59584375 0.045691666666666665 0.03274375
2 0.45586666666666664 0.61716875 0.03858333333333333 0.0388375
2 0.47870833333333335 0.58899375 0.04975 0.0388375
2 0.49139999999999995 0.6194500000000001 0.044675 0.031218750000000003
2 0.5167833333333334 0.5901375 0.0467 0.039593750000000004
2 0.5584083333333334 0.58975625 0.054825000000000006 0.0357875
2 0.5741416666666667 0.56158125 0.05584166666666667 0.0373125
2 0.6005416666666666 0.58670625 0.047716666666666664 0.0373125
2 0.6203416666666667 0.6209749999999999 0.05076666666666667 0.0357875
2 0.6335416666666667 0.6541 0.05279166666666667 0.035025
2 0.5954666666666666 0.647625 0.04975 0.040356249999999996
2 0.609175 0.6857 0.05279166666666667 0.0388375
2 0.5802333333333333 0.71196875 0.05584166666666667 0.03655
2 0.5975 0.7458562499999999 0.051783333333333334 0.040356249999999996
2 0.5685583333333333 0.7713625000000001 0.054825000000000006 0.038075
2 0.5492666666666667 0.73938125 0.05279166666666667 0.035025
2 0.5299833333333334 0.7641312499999999 0.054825000000000006 0.040356249999999996
2 0.5122083333333333 0.7321500000000001 0.047716666666666664 0.03274375
2 0.4812416666666667 0.75765625 0.05685833333333334 0.04264375
2 0.473125 0.7249125 0.05279166666666667 0.03350625
2 0.44774166666666665 0.747 0.04873333333333333 0.039593750000000004
2 0.440125 0.7173 0.04975 0.03655
2 0.4030666666666667 0.70206875 0.054825000000000006 0.039593750000000004
2 0.36499166666666666 0.69065 0.041625 0.035025
2 0.3365666666666667 0.679225 0.051783333333333334 0.04111875
2 0.330475 0.7100687499999999 0.047716666666666664 0.0357875
2 0.36855 0.72225 0.054825000000000006 0.04188125
2 0.37362500000000004 0.7546125 0.05279166666666667 0.038075
2 0.403575 0.7397624999999999 0.04975 0.028175
2 0.416775 0.7645125 0.05584166666666667 0.039593750000000004
2 0.39037499999999997 0.78659375 0.057875 0.038075