0 0.33503333333333335 0.5772375000000001 0.026383333333333335 0.02275
0 0.3594333333333333 0.58490625 0.029016666666666666 0.022256249999999998
0 0.38680000000000003 0.55349375 0.025725 0.02374375
0 0.4065916666666667 0.54063125 0.031000000000000003 0.02275
0 0.4079083333333333 0.5636312499999999 0.029675 0.022256249999999998
0 0.3943833333333333 0.578475 0.029016666666666666 0.0262125
0 0.419775 0.57674375 0.0244 0.020775000000000002
0 0.43395833333333333 0.5591812500000001 0.025058333333333335 0.02720625
0 0.44912500000000005 0.5448375 0.026383333333333335 0.022256249999999998
0 0.47451666666666664 0.5554749999999999 0.0244 0.02473125
0 0.4969416666666667 0.56610625 0.025725 0.022256249999999998
0 0.5035333333333334 0.54904375 0.02704166666666667 0.02473125
0 0.3821833333333333 0.6207625 0.029675 0.02473125
0 0.4286833333333333 0.61210625 0.030333333333333334 0.024237500000000002
0 0.443525 0.59751875 0.0244 0.02473125
0 0.46165833333333334 0.60864375 0.030333333333333334 0.0262125
0 0.4995833333333333 0.6556375 0.028358333333333333 0.024237500000000002
2 0.35613333333333336 0.52703125 0.030333333333333334 0.02028125
2 0.34624166666666667 0.5470625 0.03561666666666667 0.02473125
2 0.3304166666666667 0.56041875 0.034291666666666665 0.02571875
2 0.30865 0.57649375 0.03561666666666667 0.024237500000000002
2 0.2868833333333333 0.58935625 0.030333333333333334 0.02720625
2 0.30930833333333335 0.6024625 0.029016666666666666 0.0267125
2 0.40856666666666663 0.6267 0.029675 0.02374375
2 0.3943833333333333 0.6007312499999999 0.032975 0.024237500000000002
2 0.36108333333333337 0.60395 0.034949999999999995 0.02374375
2 0.33734166666666665 0.5957875 0.03231666666666667 0.023250000000000003
2 0.398675 0.5262875 0.028358333333333333 0.0217625
2 0.3943833333333333 0.5077437499999999 0.030333333333333334 0.023250000000000003
2 0.41483333333333333 0.49710625 0.030333333333333334 0.02473125
2 0.42340833333333333 0.51639375 0.026383333333333335 0.02374375
2 0.44978333333333337 0.51219375 0.027700000000000002 0.023250000000000003
2 0.47220833333333334 0.52455625 0.027700000000000002 0.024237500000000002
2 0.4933166666666667 0.5159 0.027700000000000002 0.0217625
2 0.5183749999999999 0.5243125 0.027700000000000002 0.0217625
2 0.542775 0.5656125 0.03825 0.02918125
2 0.5342 0.5861375 0.025058333333333335 0.02473125
2 0.5098 0.59059375 0.032975 0.02374375
2 0.48573333333333335 0.59949375 0.025725 0.02473125
2 0.4441833333333333 0.57575 0.029675 0.020775000000000002
2 0.4633083333333334 0.569325 0.029675 0.0197875
2 0.48474166666666674 0.5787187500000001 0.027700000000000002 0.02374375
2 0.46034166666666665 0.5888625 0.030333333333333334 0.022256249999999998
2 0.5068333333333334 0.6140875 0.029675 0.02720625
2 0.5295833333333333 0.60518125 0.027700000000000002 0.025225
2 0.5592666666666667 0.6032062499999999 0.03165833333333334 0.023250000000000003
2 0.5559666666666666 0.62225 0.03693333333333333 0.02473125
2 0.5253 0.62966875 0.033633333333333335 0.02374375
2 0.5015583333333333 0.6328812500000001 0.031000000000000003 0.022256249999999998
2 0.459675 0.6348625 0.030333333333333334 0.025225
2 0.43725833333333336 0.64549375 0.032975 0.02473125
2 0.4049416666666667 0.65266875 0.034291666666666665 0.025225
2 0.535525 0.6783875 0.03165833333333334 0.0262125
2 0.5678416666666667 0.69174375 0.03165833333333334 0.02720625
2 0.5384916666666667 0.643025 0.029675 0.0277
2 0.5685 0.6437625 0.03165833333333334 0.02918125