0 0.3717666666666667 0.6634187500000001 0.029208333333333333 0.021281249999999998
0 0.3388 0.6365062499999999 0.030041666666666664 0.023781249999999997
0 0.364675 0.63275 0.028374999999999997 0.021281249999999998
0 0.37969166666666665 0.64495625 0.026699999999999998 0.02190625
0 0.39805 0.6556000000000001 0.03170833333333333 0.02190625
0 0.40305833333333335 0.6386999999999999 0.03170833333333333 0.020656249999999998
0 0.35758333333333336 0.59989375 0.03254166666666666 0.024406249999999997
0 0.38386666666666663 0.60865625 0.02503333333333333 0.02190625
0 0.4013916666666667 0.619925 0.028374999999999997 0.02190625
0 0.42892500000000006 0.628375 0.033383333333333334 0.020025
0 0.40973333333333334 0.6024 0.028374999999999997 0.020656249999999998
0 0.43435 0.6133500000000001 0.03254166666666666 0.020025
0 0.4043083333333333 0.5864375 0.03755 0.021281249999999998
0 0.4064 0.5682875 0.03170833333333333 0.021281249999999998
0 0.43644166666666667 0.5776749999999999 0.026699999999999998 0.020025
0 0.427675 0.557025 0.025866666666666666 0.02253125
0 0.4381083333333333 0.5936375 0.030041666666666664 0.020656249999999998
0 0.4610583333333333 0.587375 0.030874999999999996 0.02190625
0 0.4568833333333333 0.6061562500000001 0.029208333333333333 0.02190625
0 0.48274999999999996 0.6136625 0.029208333333333333 0.020656249999999998
0 0.5107083333333333 0.62743125 0.033383333333333334 0.02315625
0 0.4852583333333333 0.5945750000000001 0.034216666666666666 0.0250375
0 0.48442499999999994 0.5748624999999999 0.030874999999999996 0.020656249999999998
0 0.46064166666666667 0.5689125 0.03170833333333333 0.021281249999999998
0 0.451875 0.5488875 0.030874999999999996 0.0250375
0 0.46064166666666667 0.5304249999999999 0.033383333333333334 0.020656249999999998
0 0.4573 0.5119625 0.030041666666666664 0.02253125
0 0.4798333333333333 0.50131875 0.030041666666666664 0.02253125
0 0.48316666666666663 0.51946875 0.028374999999999997 0.020025
0 0.4894333333333334 0.53605625 0.029208333333333333 0.020656249999999998
0 0.4744083333333333 0.5513875 0.03254166666666666 0.02253125
0 0.500275 0.559525 0.027541666666666666 0.02253125
0 0.523225 0.5748624999999999 0.033383333333333334 0.020656249999999998
0 0.53115 0.5567125 0.029208333333333333 0.02190625
0 0.5566083333333333 0.5473250000000001 0.03170833333333333 0.0194
0 0.5595249999999999 0.56453125 0.030874999999999996 0.021281249999999998
0 0.5153 0.5476375 0.030874999999999996 0.020025
0 0.5136333333333334 0.52729375 0.030874999999999996 0.02190625
0 0.5390833333333334 0.53668125 0.028374999999999997 0.02315625
0 0.5595249999999999 0.52729375 0.029208333333333333 0.024406249999999997
0 0.5828916666666667 0.51696875 0.030874999999999996 0.020025
0 0.5065333333333334 0.51039375 0.033383333333333334 0.020656249999999998
0 0.534075 0.51696875 0.030041666666666664 0.020025
0 0.52865 0.50069375 0.029208333333333333 0.018775
0 0.508625 0.4935 0.029208333333333333 0.02315625
0 0.48316666666666663 0.48473750000000004 0.03170833333333333 0.02190625
0 0.5027833333333334 0.47346875 0.029208333333333333 0.026912500000000002
0 0.523225 0.461575 0.028374999999999997 0.02315625
0 0.5282333333333333 0.48129375 0.030041666666666664 0.021281249999999998
0 0.5457583333333333 0.4684625 0.030041666666666664 0.02190625
0 0.5699583333333333 0.45876249999999996 0.028374999999999997 0.020025
0 0.569125 0.47691249999999996 0.03170833333333333 0.02253125
0 0.55285 0.48911875000000005 0.027541666666666666 0.0194
0 0.55535 0.50726875 0.029208333333333333 0.020656249999999998
0 0.5816416666666667 0.4950625 0.033383333333333334 0.0250375
0 0.6008333333333333 0.485675 0.03170833333333333 0.02253125
0 0.5954083333333333 0.4665875 0.034216666666666666 0.02315625
0 0.531575 0.43498125000000004 0.033383333333333334 0.0250375
2 0.567875 0.35361875 0.027541666666666666 0.02253125
2 0.5445083333333333 0.36269375 0.029208333333333333 0.02315625
2 0.5240583333333333 0.37145000000000006 0.03170833333333333 0.0256625
2 0.5015333333333334 0.3783375 0.026699999999999998 0.02190625
2 0.5173833333333333 0.39398125 0.030041666666666664 0.02190625
2 0.49068333333333336 0.39993125 0.028374999999999997 0.02253125
2 0.49068333333333336 0.41964375 0.030041666666666664 0.02190625
2 0.5157166666666667 0.41150624999999996 0.028374999999999997 0.02190625
2 0.4731583333333333 0.43091250000000003 0.033383333333333334 0.0256625
2 0.45521666666666666 0.44468125000000003 0.030874999999999996 0.02190625
2 0.47732499999999994 0.45375624999999997 0.026699999999999998 0.020025
2 0.4956916666666667 0.4403 0.0217 0.02190625
2 0.5148833333333334 0.42934375 0.0217 0.018775
2 0.5390833333333334 0.41776874999999997 0.028374999999999997 0.0194
2 0.53825 0.40211874999999997 0.02503333333333333 0.02190625
2 0.53825 0.38428125 0.03170833333333333 0.0250375
2 0.5595249999999999 0.396175 0.030874999999999996 0.026287500000000002
2 0.5607749999999999 0.37551875 0.028374999999999997 0.023781249999999997
2 0.5828916666666667 0.36926250000000005 0.030874999999999996 0.018775
2 0.5929083333333334 0.35643125 0.029208333333333333 0.02190625
2 0.616275 0.3605 0.029208333333333333 0.023781249999999997
2 0.5828916666666667 0.385225 0.030874999999999996 0.02315625
2 0.6075083333333333 0.37551875 0.030041666666666664 0.023781249999999997
2 0.605425 0.3952375 0.030874999999999996 0.02190625
2 0.5874833333333334 0.40431249999999996 0.030041666666666664 0.02253125
2 0.5607749999999999 0.4146375 0.03170833333333333 0.01815
2 0.5574416666666666 0.43341250000000003 0.02503333333333333 0.020656249999999998
2 0.5820583333333333 0.42621875000000004 0.030874999999999996 0.021281249999999998
2 0.5803916666666666 0.442175 0.030874999999999996 0.026912500000000002
2 0.604175 0.43310000000000004 0.030041666666666664 0.02253125
2 0.6033333333333334 0.41495 0.030041666666666664 0.020025
2 0.62295 0.40681249999999997 0.03254166666666666 0.027537500000000003
2 0.629625 0.38585 0.027541666666666666 0.02941875
2 0.6488166666666667 0.39961874999999997 0.030874999999999996 0.02315625
2 0.6529916666666667 0.41870624999999995 0.029208333333333333 0.020025
2 0.628375 0.42746875 0.028374999999999997 0.021281249999999998
2 0.6550750000000001 0.43591875 0.03170833333333333 0.0256625
2 0.6300416666666666 0.44405625 0.035050000000000005 0.02190625
2 0.6521583333333334 0.4572 0.03755 0.0256625
2 0.6262833333333333 0.46345624999999996 0.03254166666666666 0.0256625
2 0.45605 0.46220625 0.034216666666666666 0.02315625
2 0.43310000000000004 0.4694 0.030041666666666664 0.023781249999999997
2 0.4527083333333333 0.47909999999999997 0.029208333333333333 0.024406249999999997
2 0.6392166666666667 0.48004375000000005 0.03170833333333333 0.026287500000000002
2 0.6358833333333332 0.49944375 0.028374999999999997 0.023781249999999997
2 0.6141833333333333 0.50758125 0.033383333333333334 0.023781249999999997
2 0.6337999999999999 0.51946875 0.03254166666666666 0.023781249999999997
2 0.6221166666666667 0.53418125 0.03254166666666666 0.0256625
2 0.6004166666666667 0.51946875 0.030874999999999996 0.02253125
2 0.42892500000000006 0.49036875 0.028374999999999997 0.024406249999999997
2 0.41349166666666665 0.5032 0.030874999999999996 0.023781249999999997
2 0.41975 0.521975 0.030041666666666664 0.02253125
2 0.4114083333333333 0.5391875 0.03170833333333333 0.02315625
2 0.4381083333333333 0.53355 0.028374999999999997 0.02315625
2 0.3675916666666667 0.5783 0.034216666666666666 0.023781249999999997
2 0.3333833333333333 0.58800625 0.035883333333333337 0.0281625
2 0.31376666666666664 0.5952000000000001 0.030041666666666664 0.023781249999999997
2 0.28748333333333337 0.60584375 0.035883333333333337 0.026287500000000002
2 0.2724583333333333 0.619925 0.030874999999999996 0.0256625
2 0.29123333333333334 0.6343187499999999 0.035050000000000005 0.02315625
2 0.31251666666666666 0.61898125 0.029208333333333333 0.0250375
2 0.33463333333333334 0.60771875 0.033383333333333334 0.02253125
2 0.3171083333333333 0.6371312499999999 0.028374999999999997 0.02253125
2 0.29665833333333336 0.65278125 0.03254166666666666 0.02253125
2 0.32170000000000004 0.6559125 0.030874999999999996 0.0250375
2 0.3446416666666667 0.66091875 0.03170833333333333 0.0250375
2 0.30459166666666665 0.66999375 0.03170833333333333 0.024406249999999997
2 0.32420000000000004 0.6753125 0.030874999999999996 0.02253125
2 0.3087583333333333 0.6909562499999999 0.033383333333333334 0.023781249999999997
2 0.33129166666666665 0.6975312499999999 0.03170833333333333 0.02315625
2 0.3479833333333333 0.68156875 0.03170833333333333 0.0250375
2 0.3680083333333333 0.6919 0.03170833333333333 0.024406249999999997
2 0.387625 0.68031875 0.03254166666666666 0.02253125
2 0.40681666666666666 0.6687375 0.03254166666666666 0.02190625
2 0.4310166666666667 0.65935 0.030874999999999996 0.024406249999999997
2 0.4543833333333333 0.6505875 0.034216666666666666 0.02315625
2 0.45813333333333334 0.6318125 0.03170833333333333 0.0256625
2 0.4752416666666666 0.6440187500000001 0.03254166666666666 0.0250375
2 0.49652500000000005 0.65434375 0.03170833333333333 0.0281625
2 0.5253083333333334 0.64715 0.027541666666666666 0.021281249999999998
2 0.5445083333333333 0.6606062500000001 0.035883333333333337 0.024406249999999997
2 0.5490916666666666 0.6412 0.026699999999999998 0.026912500000000002
2 0.5682916666666668 0.65528125 0.02503333333333333 0.023781249999999997
2 0.5874833333333334 0.6462062500000001 0.030041666666666664 0.024406249999999997
2 0.5687083333333334 0.6318125 0.030874999999999996 0.02190625
2 0.5495166666666667 0.6202375 0.035883333333333337 0.0250375
2 0.5290666666666667 0.60959375 0.035050000000000005 0.023781249999999997
2 0.5148833333333334 0.5967687500000001 0.028374999999999997 0.024406249999999997
2 0.5511833333333332 0.59989375 0.035883333333333337 0.026912500000000002
2 0.531575 0.5855 0.035050000000000005 0.026912500000000002
2 0.5662 0.5855 0.029208333333333333 0.0256625
2 0.592075 0.5842499999999999 0.03254166666666666 0.020656249999999998
2 0.5979166666666667 0.5670375 0.030874999999999996 0.021281249999999998
2 0.5924916666666666 0.5379312500000001 0.028374999999999997 0.02190625
2 0.609175 0.5507625 0.03170833333333333 0.0250375
2 0.6200249999999999 0.57204375 0.035050000000000005 0.027537500000000003
2 0.6183583333333333 0.59175625 0.035050000000000005 0.024406249999999997
2 0.594575 0.60083125 0.030874999999999996 0.02253125
2 0.569125 0.60990625 0.030041666666666664 0.0256625
2 0.5949916666666667 0.6214875 0.033383333333333334 0.02253125
2 0.6137666666666667 0.6133500000000001 0.029208333333333333 0.026287500000000002
2 0.6083416666666667 0.6371312499999999 0.030041666666666664 0.023781249999999997
2 0.392625 0.69878125 0.027541666666666666 0.02315625
2 0.4185 0.7012875 0.030874999999999996 0.0194
2 0.3363 0.7163062499999999 0.03170833333333333 0.02315625
2 0.3621666666666667 0.7128625 0.030041666666666664 0.0250375
2 0.38887499999999997 0.7169312499999999 0.03671666666666667 0.026912500000000002
2 0.41933333333333334 0.7206874999999999 0.034216666666666666 0.024406249999999997
2 0.307925 0.7228812499999999 0.033383333333333334 0.027537500000000003
2 0.32628333333333337 0.7347687500000001 0.03170833333333333 0.021281249999999998
2 0.35299166666666665 0.73226875 0.035050000000000005 0.02253125
2 0.379275 0.7341437500000001 0.034216666666666666 0.023781249999999997
2 0.2803916666666667 0.7269437499999999 0.035050000000000005 0.0256625
2 0.29833333333333334 0.7460375 0.034216666666666666 0.027537500000000003
2 0.3208583333333333 0.7551125000000001 0.03755 0.024406249999999997
2 0.34673333333333334 0.7522937500000001 0.035883333333333337 0.03004375
2 0.37635833333333335 0.7544875000000001 0.03838333333333333 0.03066875
2 0.399725 0.7485375000000001 0.03170833333333333 0.0250375
2 0.26703333333333334 0.7501062500000001 0.033383333333333334 0.026912500000000002
2 0.2816416666666667 0.78703125 0.035883333333333337 0.02190625
2 0.283725 0.7660625 0.030041666666666664 0.020025
2 0.307925 0.7695062500000001 0.033383333333333334 0.024406249999999997
2 0.242 0.7616812500000001 0.033383333333333334 0.02253125
2 0.25785833333333336 0.77951875 0.03170833333333333 0.0256625
2 0.23157499999999998 0.78265 0.035883333333333337 0.02941875
2 0.24409166666666668 0.79766875 0.034216666666666666 0.0256625