2 0.3516916666666666 0.5364875 0.015541666666666665 0.0128375
2 0.360025 0.5454375 0.014191666666666668 0.010475000000000002
2 0.3867083333333333 0.53488125 0.01576666666666667 0.011993750000000001
2 0.38198333333333334 0.5445125000000001 0.015316666666666666 0.01064375
2 0.39775 0.541975 0.015316666666666666 0.01098125
2 0.41329166666666667 0.5429875 0.01576666666666667 0.01266875
2 0.3938083333333333 0.55025625 0.013291666666666667 0.011318749999999999
2 0.40641666666666665 0.5530375 0.014641666666666667 0.010812500000000001
2 0.37240833333333334 0.55286875 0.014191666666666668 0.010137499999999999
2 0.3846833333333333 0.55810625 0.013966666666666667 0.010812500000000001
2 0.3973 0.5619062499999999 0.013066666666666666 0.011318749999999999
2 0.36723333333333336 0.5628375 0.015541666666666665 0.0114875
2 0.3786 0.56824375 0.014416666666666668 0.010812500000000001
2 0.3914416666666667 0.57145 0.015316666666666666 0.01115