2 0.40703333333333336 0.42308750000000006 0.027774999999999998 0.019525
2 0.3905416666666666 0.43578125 0.020825 0.017575
2 0.37015 0.43675624999999996 0.0217 0.016925
2 0.34541666666666665 0.4400125 0.027774999999999998 0.016925
2 0.34497500000000003 0.45693125 0.025166666666666667 0.022131249999999998
2 0.41006666666666663 0.4419625 0.023433333333333334 0.018225
2 0.4300333333333333 0.431225 0.023433333333333334 0.016274999999999998
2 0.44955833333333334 0.43740625 0.017358333333333333 0.015618749999999999
0 0.42612500000000003 0.47483125000000004 0.026033333333333332 0.016274999999999998
2 0.4547666666666667 0.45335625 0.022566666666666665 0.017575
2 0.47689166666666666 0.45270625000000003 0.025166666666666667 0.018875
2 0.4808 0.4693 0.027774999999999998 0.019525
2 0.459975 0.467675 0.0243 0.01496875
2 0.4656166666666667 0.48231875 0.0269 0.016925
2 0.4799333333333333 0.4972875 0.020825 0.016925
2 0.46300833333333336 0.50998125 0.025166666666666667 0.020175000000000002
2 0.484275 0.51811875 0.0243 0.019525
2 0.484275 0.53634375 0.027774999999999998 0.019525
2 0.484275 0.5548937500000001 0.0243 0.017575
2 0.4803666666666667 0.5701937499999999 0.025166666666666667 0.016925
2 0.4821 0.5867875 0.030375000000000003 0.018875
2 0.46084166666666665 0.596225 0.0243 0.016925
2 0.45433333333333337 0.6125 0.023433333333333334 0.01431875
2 0.4473916666666667 0.62845 0.028641666666666666 0.018875
2 0.44130833333333336 0.64406875 0.0269 0.017575
2 0.41700833333333337 0.6489499999999999 0.0269 0.019525
2 0.4343666666666667 0.6619687500000001 0.023433333333333334 0.018225
2 0.413975 0.6675 0.02950833333333333 0.021481249999999997
2 0.4061666666666666 0.684425 0.02950833333333333 0.018875
2 0.403125 0.70265 0.028641666666666666 0.018875
2 0.380125 0.7098125000000001 0.026033333333333332 0.017575
2 0.401825 0.718925 0.027774999999999998 0.020175000000000002
2 0.38055833333333333 0.7283625 0.028641666666666666 0.02083125
2 0.39965833333333334 0.738775 0.028641666666666666 0.018225
2 0.37622500000000003 0.7446312500000001 0.0269 0.019525
2 0.3553916666666667 0.73259375 0.028641666666666666 0.020175000000000002
2 0.3271833333333333 0.738125 0.032975 0.02343125
2 0.31026666666666664 0.72575625 0.025166666666666667 0.019525
2 0.28379166666666666 0.7329187500000001 0.02950833333333333 0.02083125
2 0.26426666666666665 0.72055 0.030375000000000003 0.019525
2 0.2673083333333333 0.7045999999999999 0.027774999999999998 0.018875
2 0.2594916666666667 0.6619687500000001 0.02950833333333333 0.02343125
2 0.281625 0.6723812499999999 0.0217 0.02083125
2 0.2703416666666667 0.685725 0.0269 0.021481249999999997
2 0.2877 0.7133875000000001 0.0269 0.015618749999999999
2 0.2864 0.6557875 0.0243 0.020175000000000002
2 0.28683333333333333 0.6378875 0.030375000000000003 0.022131249999999998
2 0.2846583333333333 0.6206375 0.026033333333333332 0.021481249999999997
2 0.30939999999999995 0.60989375 0.028641666666666666 0.018225
2 0.32155 0.593625 0.028641666666666666 0.019525
2 0.3271833333333333 0.57995625 0.0243 0.019525
2 0.34541666666666665 0.58776875 0.0243 0.02083125
2 0.3271833333333333 0.5623812499999999 0.027774999999999998 0.019525
2 0.34975 0.5724687500000001 0.022566666666666665 0.020175000000000002
2 0.3488833333333334 0.5545687499999999 0.026033333333333332 0.02083125
2 0.351925 0.539925 0.0269 0.020175000000000002
2 0.3506166666666667 0.47125625 0.027774999999999998 0.022131249999999998
2 0.35105 0.49371250000000005 0.0269 0.017575
2 0.34975 0.50705625 0.027774999999999998 0.019525
2 0.36233333333333334 0.5236500000000001 0.018225 0.017575
2 0.39227500000000004 0.67173125 0.0243 0.018225
0 0.38143333333333335 0.4575875 0.0269 0.016925
0 0.400525 0.46832500000000005 0.023433333333333334 0.017575
0 0.4326333333333333 0.4572625 0.0217 0.020175000000000002
0 0.44087499999999996 0.484275 0.020825 0.019525
0 0.404425 0.48329374999999997 0.027774999999999998 0.016274999999999998
0 0.38055833333333333 0.47288125000000003 0.025166666666666667 0.017575
0 0.38706666666666667 0.48784999999999995 0.0243 0.016274999999999998
0 0.37882499999999997 0.504125 0.028641666666666666 0.021481249999999997
0 0.4013916666666667 0.50151875 0.025166666666666667 0.016274999999999998
0 0.4204833333333333 0.4959875 0.025166666666666667 0.015618749999999999
0 0.39921666666666666 0.51649375 0.026033333333333332 0.016274999999999998
0 0.42439166666666667 0.51095625 0.0243 0.018225
0 0.37622500000000003 0.523975 0.0269 0.018225
0 0.37405 0.54099375 0.0265 0.01818125
0 0.39603333333333335 0.5338 0.02536666666666667 0.0215625
0 0.41999166666666665 0.52619375 0.025933333333333333 0.020718749999999998
0 0.4402916666666667 0.5196375 0.02255 0.02029375
0 0.449875 0.53591875 0.02480833333333333 0.019025
0 0.43070833333333336 0.54289375 0.02480833333333333 0.01860625
0 0.40928333333333333 0.54733125 0.023675 0.019025
0 0.3873 0.5534625 0.027058333333333334 0.0169125
0 0.38250833333333334 0.5682625 0.0265 0.02029375
0 0.4075916666666667 0.562975 0.023675 0.01818125
0 0.4270416666666667 0.55769375 0.02536666666666667 0.019450000000000002
0 0.4512833333333333 0.55219375 0.021983333333333334 0.01860625
0 0.44875 0.56889375 0.02480833333333333 0.01818125
0 0.42394166666666666 0.57671875 0.029316666666666668 0.01775625
0 0.40223333333333333 0.57968125 0.024241666666666665 0.01775625
0 0.37940833333333335 0.585175 0.029316666666666668 0.019450000000000002
0 0.37545833333333334 0.60124375 0.02480833333333333 0.02029375
0 0.35262499999999997 0.6037812499999999 0.023116666666666664 0.01860625
0 0.39913333333333334 0.597225 0.02480833333333333 0.019025
0 0.42196666666666666 0.592575 0.0265 0.019875
0 0.439725 0.60293125 0.02480833333333333 0.02029375
0 0.418025 0.61118125 0.0265 0.019025
0 0.39265 0.6137125 0.02536666666666667 0.01818125
0 0.3726416666666667 0.6168875 0.028191666666666667 0.01860625
0 0.3422 0.6192125 0.031566666666666666 0.020718749999999998
0 0.32303333333333334 0.62365 0.028191666666666667 0.019450000000000002
0 0.3639 0.63189375 0.024241666666666665 0.019025
0 0.3867333333333333 0.6293562500000001 0.023675 0.020718749999999998
0 0.4123833333333333 0.62555625 0.02536666666666667 0.019875
0 0.339375 0.6363375 0.027058333333333334 0.01860625
0 0.31598333333333334 0.6390812499999999 0.024241666666666665 0.0164875
0 0.32979166666666665 0.6519812500000001 0.027058333333333334 0.01860625
0 0.3579833333333333 0.64775 0.02480833333333333 0.0169125
0 0.3796833333333333 0.6471187500000001 0.0265 0.019025
0 0.37123333333333336 0.6640312500000001 0.0265 0.01818125
0 0.34670833333333334 0.6655125 0.02480833333333333 0.01606875
0 0.3086583333333333 0.65620625 0.02536666666666667 0.019450000000000002
0 0.3241583333333333 0.6697375 0.02480833333333333 0.01860625
0 0.2985083333333333 0.67375625 0.0265 0.019025
0 0.33571666666666666 0.6836937500000001 0.02536666666666667 0.01860625
0 0.35939166666666666 0.6786187499999999 0.024241666666666665 0.01860625
0 0.31345 0.68813125 0.025933333333333333 0.019025
0 0.291175 0.69278125 0.02536666666666667 0.019025
0 0.307525 0.7031375 0.02536666666666667 0.02114375
0 0.33233333333333337 0.69975625 0.027625 0.01860625
0 0.34050833333333336 0.71455625 0.029316666666666668 0.02114375
0 0.35431666666666667 0.6970125 0.023116666666666664 0.0173375
0 0.37743333333333334 0.69235625 0.0265 0.019875