2 0.752890625 0.58830078125 0.0194921875 0.01435546875
2 0.7683854166666667 0.587255859375 0.017057291666666665 0.013837890625
2 0.7737760416666667 0.57537109375 0.018098958333333335 0.0156640625
2 0.7896223958333333 0.57720703125 0.018450520833333334 0.0141015625
2 0.7795182291666666 0.56466796875 0.018450520833333334 0.01513671875
2 0.7957161458333334 0.564541015625 0.018098958333333335 0.013837890625
2 0.7861328125 0.552919921875 0.017747395833333336 0.013056640625
2 0.8014583333333333 0.551748046875 0.017747395833333336 0.01435546875
2 0.8176432291666668 0.552138671875 0.021575520833333334 0.014619140625
2 0.7793489583333333 0.542744140625 0.018098958333333335 0.01201171875
2 0.7617708333333333 0.54208984375 0.019140624999999998 0.01279296875
2 0.7701302083333333 0.552666015625 0.017057291666666665 0.013056640625
2 0.763515625 0.563759765625 0.017057291666666665 0.011748046875
2 0.7586328125 0.574072265625 0.018450520833333334 0.0141015625
2 0.7427994791666667 0.5747265625 0.018098958333333335 0.01435546875
2 0.7480208333333334 0.56310546875 0.017408854166666664 0.01357421875
2 0.7548046875000001 0.552275390625 0.017747395833333336 0.011748046875
2 0.7393229166666666 0.551357421875 0.017408854166666664 0.01357421875
2 0.7327083333333334 0.5621875 0.016705729166666666 0.012265625
2 0.7264453125 0.5747265625 0.018098958333333335 0.012265625
2 0.7194791666666666 0.58451171875 0.020885416666666667 0.01357421875
2 0.7024218750000001 0.5858203125 0.018802083333333334 0.01357421875
2 0.6858854166666667 0.586337890625 0.017057291666666665 0.01513671875
2 0.6784114583333333 0.576025390625 0.018802083333333334 0.013837890625
2 0.6958072916666667 0.57458984375 0.0153125 0.011484375
2 0.7111328124999999 0.57419921875 0.017408854166666664 0.01279296875
2 0.7010286458333334 0.564541015625 0.016705729166666666 0.013310546875
2 0.7180859375 0.56388671875 0.017408854166666664 0.012529296875
2 0.7236588541666666 0.552919921875 0.016705729166666666 0.01201171875
2 0.7170442708333334 0.543525390625 0.018802083333333334 0.01357421875
2 0.7003385416666666 0.542216796875 0.017408854166666664 0.01201171875
2 0.7064322916666667 0.55201171875 0.018450520833333334 0.013310546875
2 0.6940755208333332 0.553447265625 0.017408854166666664 0.01201171875
2 0.6881510416666666 0.563369140625 0.016015625000000002 0.01357421875
2 0.6770182291666668 0.5533203125 0.018098958333333335 0.012265625
2 0.685546875 0.543525390625 0.0156640625 0.013056640625
2 0.6709244791666666 0.565322265625 0.016354166666666666 0.012265625
2 0.661875 0.55775390625 0.018450520833333334 0.013837890625
2 0.65734375 0.56962890625 0.017747395833333336 0.01357421875
2 0.6563020833333334 0.546005859375 0.017057291666666665 0.013837890625
2 0.6411588541666667 0.5441796875 0.016705729166666666 0.01279296875
2 0.6469010416666666 0.555146484375 0.0156640625 0.011748046875
2 0.6413411458333333 0.5663671875 0.016354166666666666 0.013310546875
2 0.62515625 0.56689453125 0.0153125 0.012265625
2 0.6279296875 0.5445703125 0.016015625000000002 0.01201171875
2 0.6331510416666667 0.5548828125 0.016015625000000002 0.013837890625
2 0.6093098958333333 0.567802734375 0.019140624999999998 0.01513671875
2 0.5929557291666666 0.5663671875 0.017057291666666665 0.013310546875
2 0.5779817708333334 0.568330078125 0.01984375 0.01357421875
0 0.5941666666666666 0.550048828125 0.016015625000000002 0.01357421875
0 0.610703125 0.550048828125 0.016354166666666666 0.013056640625
0 0.56859375 0.550966796875 0.017747395833333336 0.012265625
0 0.5527473958333333 0.55123046875 0.018098958333333335 0.011748046875
2 0.5555338541666667 0.568974609375 0.021575520833333334 0.015927734375
2 0.5391796875 0.56806640625 0.0153125 0.0156640625
2 0.5240364583333333 0.567939453125 0.017747395833333336 0.01435546875
2 0.5242057291666666 0.546005859375 0.016705729166666666 0.012265625
2 0.5367447916666667 0.54548828125 0.014622395833333334 0.013310546875
2 0.51671875 0.557099609375 0.013580729166666666 0.01357421875
2 0.5292578125 0.556708984375 0.017747395833333336 0.013837890625
2 0.6169661458333333 0.5568359375 0.0149609375 0.01357421875
2 0.5873828125 0.555009765625 0.016354166666666666 0.01357421875
2 0.5026302083333333 0.558671875 0.018098958333333335 0.01513671875
2 0.4820963541666667 0.548095703125 0.018098958333333335 0.011748046875
2 0.488359375 0.559453125 0.017408854166666664 0.0156640625
2 0.4730338541666667 0.559580078125 0.018098958333333335 0.013837890625
2 0.46903645833333335 0.548486328125 0.017747395833333336 0.01357421875
2 0.4516276041666667 0.547568359375 0.017057291666666665 0.01279296875
2 0.4575520833333333 0.558271484375 0.017057291666666665 0.013310546875
2 0.4373567708333333 0.54705078125 0.018450520833333334 0.013837890625
2 0.44328125 0.55775390625 0.0156640625 0.01279296875
2 0.4267447916666667 0.557626953125 0.018098958333333335 0.014619140625
2 0.4138671875 0.5621875 0.017408854166666664 0.013837890625
0 0.40046875 0.55240234375 0.018450520833333334 0.012529296875
2 0.37627604166666667 0.54548828125 0.018098958333333335 0.013310546875
2 0.3708723958333333 0.557099609375 0.0149609375 0.013056640625
2 0.38480468749999996 0.55814453125 0.0149609375 0.01357421875
2 0.3928125 0.569765625 0.017057291666666665 0.013837890625
2 0.375234375 0.569765625 0.018098958333333335 0.013837890625
2 0.36009114583333335 0.5671484375 0.018450520833333334 0.0148828125
2 0.39872395833333335 0.560498046875 0.017057291666666665 0.010966796875
2 0.356953125 0.55435546875 0.017747395833333336 0.015927734375
2 0.34093749999999995 0.55697265625 0.018450520833333334 0.013837890625
2 0.3473828125 0.57341796875 0.018098958333333335 0.013310546875
2 0.3313671875 0.56806640625 0.018802083333333334 0.0156640625
2 0.3313671875 0.547177734375 0.0194921875 0.01513671875
2 0.3115364583333333 0.54953125 0.021575520833333334 0.01357421875
2 0.3225 0.557626953125 0.021236979166666666 0.01357421875
2 0.31536458333333334 0.569111328125 0.020885416666666667 0.013056640625
2 0.30526041666666665 0.561015625 0.020182291666666668 0.01513671875
2 0.2887369791666667 0.55814453125 0.01984375 0.0141015625
2 0.2742838541666667 0.56140625 0.016015625000000002 0.0148828125
2 0.2579296875 0.563623046875 0.018098958333333335 0.016181640625
2 0.2601953125 0.5766796875 0.019140624999999998 0.01357421875
2 0.25287760416666666 0.55123046875 0.019140624999999998 0.013837890625
2 0.23600260416666666 0.55083984375 0.016705729166666666 0.014619140625
2 0.242265625 0.56232421875 0.0194921875 0.01513671875
2 0.23199218749999997 0.57224609375 0.017747395833333336 0.014619140625
2 0.2450520833333333 0.57916015625 0.018098958333333335 0.013310546875
2 0.22608072916666666 0.585166015625 0.020533854166666667 0.01435546875
2 0.22503906250000003 0.55970703125 0.018450520833333334 0.014619140625
2 0.20832031250000002 0.5590625 0.0156640625 0.013837890625
2 0.21790364583333333 0.570283203125 0.018802083333333334 0.015927734375
2 0.20971354166666667 0.583076171875 0.017747395833333336 0.0148828125
2 0.1991015625 0.570810546875 0.0194921875 0.013837890625
2 0.19213541666666667 0.55892578125 0.020885416666666667 0.0141015625
2 0.1738671875 0.560234375 0.017747395833333336 0.0141015625
2 0.18518229166666667 0.570419921875 0.017408854166666664 0.01513671875
2 0.19475260416666665 0.58294921875 0.017057291666666665 0.01357421875
2 0.17647135416666668 0.583203125 0.018802083333333334 0.014619140625
2 0.16742187500000003 0.572109375 0.016705729166666666 0.012265625
2 0.15785156250000001 0.560625 0.01984375 0.01435546875
2 0.15158854166666666 0.57185546875 0.019140624999999998 0.013310546875
2 0.15541666666666668 0.583603515625 0.020533854166666667 0.01435546875
2 0.126875 0.551357421875 0.020533854166666667 0.0141015625
2 0.13575520833333335 0.562978515625 0.0194921875 0.013837890625
2 0.13592447916666667 0.5774609375 0.017747395833333336 0.01357421875
2 0.1226953125 0.570283203125 0.017747395833333336 0.0148828125
2 0.10372395833333332 0.568583984375 0.022278645833333333 0.01513671875