2 0.38680833333333337 0.91015625 0.041666666666666664 0.04010625
2 0.4336833333333333 0.9138 0.04514166666666667 0.03801875
2 0.4798583333333334 0.9138 0.04305833333333334 0.03801875
2 0.41354166666666664 0.8783875000000001 0.046525 0.0359375
2 0.35660000000000003 0.8841125 0.049308333333333336 0.033856250000000004
2 0.3802083333333333 0.8536437499999999 0.038191666666666665 0.03541875
2 0.3423583333333333 0.8372375 0.04583333333333333 0.03698125
2 0.4586833333333333 0.8807312500000001 0.04514166666666667 0.03541875
2 0.50035 0.8841125 0.04791666666666667 0.04114375
2 0.47534999999999994 0.8533875000000001 0.046525 0.0359375
2 0.42604166666666665 0.84635625 0.052083333333333336 0.036456249999999996
2 0.3892333333333333 0.8221375000000001 0.05069166666666666 0.03489375
2 0.352775 0.80234375 0.04860833333333333 0.0359375
2 0.3486083333333333 0.76145625 0.05 0.0375
2 0.5225666666666667 0.8528625 0.04375 0.0359375
2 0.4493083333333333 0.823175 0.044441666666666664 0.03489375
2 0.4930583333333333 0.820575 0.04583333333333333 0.03489375
2 0.5413166666666667 0.82734375 0.04375 0.033856250000000004
2 0.5184000000000001 0.798175 0.03958333333333333 0.03176875
2 0.4197916666666667 0.7984375 0.04514166666666667 0.03958125
2 0.3920166666666667 0.7794249999999999 0.040975000000000004 0.03073125
2 0.4288166666666667 0.770575 0.04375 0.03176875
2 0.46285 0.7903625 0.04235833333333333 0.0296875
2 0.4881916666666667 0.7747375 0.040275 0.03176875
2 0.46389166666666665 0.7533875000000001 0.041666666666666664 0.0328125
2 0.5017333333333334 0.74635625 0.04235833333333333 0.028125
2 0.5600666666666667 0.7997375 0.046525 0.03801875
2 0.5333333333333333 0.76979375 0.044441666666666664 0.03333125
2 0.5795166666666667 0.77239375 0.049308333333333336 0.03541875
2 0.5482666666666667 0.7434875 0.04375 0.0328125
2 0.5951416666666667 0.74296875 0.04583333333333333 0.0328125
2 0.39305833333333334 0.7487 0.05 0.0328125
2 0.42951666666666666 0.73671875 0.046525 0.033856250000000004
2 0.46389166666666665 0.7247374999999999 0.04860833333333333 0.0328125
2 0.5048583333333334 0.7190125 0.04583333333333333 0.03176875
2 0.35868333333333335 0.7286437499999999 0.04235833333333333 0.03125
2 0.3975666666666667 0.7169249999999999 0.046525 0.033856250000000004
2 0.36354166666666665 0.6971375000000001 0.046525 0.033856250000000004
2 0.5690999999999999 0.71979375 0.04375 0.03125
2 0.609725 0.7208312499999999 0.047225 0.03541875
2 0.5826416666666666 0.69505 0.044441666666666664 0.03073125
2 0.6197916666666666 0.6932312500000001 0.04235833333333333 0.03333125
2 0.546525 0.6880187499999999 0.044441666666666664 0.03541875
2 0.50625 0.69245 0.05139166666666667 0.03073125
2 0.46875 0.6940125 0.047225 0.03176875
2 0.43020833333333336 0.704425 0.04235833333333333 0.03073125
2 0.4010416666666667 0.6872375 0.04375 0.03176875
2 0.37048333333333333 0.66640625 0.046525 0.03176875
2 0.375 0.6372375 0.04305833333333334 0.0328125
2 0.38229166666666664 0.6078125 0.046525 0.03125
2 0.40729166666666666 0.6544249999999999 0.04514166666666667 0.033856250000000004
2 0.41735833333333333 0.62551875 0.041666666666666664 0.03229375
2 0.42673333333333335 0.6033875 0.03680833333333333 0.03073125
2 0.434725 0.673175 0.041666666666666664 0.03073125
2 0.478125 0.6684874999999999 0.04375 0.033856250000000004
2 0.5177083333333333 0.66328125 0.03680833333333333 0.0328125
2 0.4850666666666667 0.64140625 0.04375 0.03176875
2 0.44548333333333334 0.646875 0.03958333333333333 0.03020625
2 0.4586833333333333 0.62291875 0.038191666666666665 0.03229375
2 0.4576416666666666 0.59453125 0.03610833333333333 0.0296875
2 0.48610833333333336 0.6078125 0.0375 0.03125
2 0.5128499999999999 0.62890625 0.038191666666666665 0.03489375
2 0.5420166666666666 0.6434875 0.038191666666666665 0.03176875
2 0.5663166666666667 0.66171875 0.04514166666666667 0.03073125
2 0.5826416666666666 0.6408875 0.041666666666666664 0.027606250000000002
2 0.6076416666666666 0.65989375 0.04305833333333334 0.03541875
2 0.6482666666666667 0.676825 0.04375 0.03176875
2 0.6784749999999999 0.6502625000000001 0.040275 0.03489375
2 0.6423583333333334 0.6450499999999999 0.038891666666666665 0.03073125
2 0.6517333333333334 0.6203125 0.040975000000000004 0.028125
2 0.6881916666666666 0.6276062499999999 0.04583333333333333 0.02916875
2 0.61285 0.6265625 0.03958333333333333 0.02604375
2 0.62465 0.60495 0.03958333333333333 0.027606250000000002
2 0.5892333333333334 0.6106750000000001 0.04514166666666667 0.03176875
2 0.5517333333333334 0.61796875 0.04235833333333333 0.0296875
2 0.5229166666666667 0.59921875 0.041666666666666664 0.0296875
2 0.5597249999999999 0.59140625 0.03610833333333333 0.0265625
2 0.4899333333333333 0.5815125 0.04235833333333333 0.03176875
2 0.5267333333333334 0.5768875 0.038191666666666665 0.03176875
2 0.503125 0.55891875 0.04375 0.02916875
2 0.4631916666666667 0.56360625 0.044441666666666664 0.03541875