2 0.43143333333333334 0.4576125 0.02888333333333333 0.029787499999999998
2 0.5609583333333333 0.45490625 0.03700833333333333 0.02843125
2 0.45896666666666663 0.53376875 0.03339166666666667 0.0264
2 0.47520833333333334 0.52090625 0.031591666666666664 0.02369375
2 0.4905583333333333 0.5097375000000001 0.031591666666666664 0.025724999999999998
2 0.6047333333333333 0.48164375 0.03249166666666667 0.02504375
2 0.6146583333333333 0.50195 0.0343 0.0264
2 0.6218833333333333 0.5226 0.03249166666666667 0.027075000000000002
2 0.6047333333333333 0.53715 0.03249166666666667 0.02504375
2 0.5884833333333332 0.5534 0.02888333333333333 0.02369375
2 0.568625 0.56591875 0.02888333333333333 0.02436875
2 0.550125 0.57844375 0.0352 0.0209875
2 0.5338833333333333 0.5902937500000001 0.031591666666666664 0.02030625
2 0.5162749999999999 0.60383125 0.03249166666666667 0.021662499999999998
2 0.49732499999999996 0.615675 0.030691666666666666 0.02504375
2 0.479275 0.6292125 0.037908333333333336 0.02369375
2 0.46347499999999997 0.64410625 0.03700833333333333 0.0223375
2 0.44903333333333334 0.6586624999999999 0.038808333333333334 0.027075000000000002
2 0.4151916666666667 0.6722 0.037908333333333336 0.025724999999999998
2 0.3908166666666667 0.6793062500000001 0.030691666666666666 0.0209875
2 0.35968333333333335 0.6793062500000001 0.0352 0.02504375
2 0.34208333333333335 0.664075 0.03249166666666667 0.02436875
2 0.3669 0.6623874999999999 0.0352 0.0264
2 0.33305833333333335 0.68235625 0.037908333333333336 0.025724999999999998
2 0.31635833333333335 0.66983125 0.03700833333333333 0.02504375
2 0.288825 0.6684749999999999 0.0343 0.0223375
2 0.3032666666666667 0.68235625 0.0343 0.025724999999999998
2 0.27122500000000005 0.6806625 0.038808333333333334 0.027756249999999996
2 0.2599416666666667 0.6623874999999999 0.039716666666666664 0.027756249999999996
2 0.24325 0.67761875 0.03700833333333333 0.02843125
2 0.219325 0.6634 0.030691666666666666 0.023018749999999998
2 0.21030000000000001 0.64749375 0.03249166666666667 0.027756249999999996
2 0.19495833333333332 0.6586624999999999 0.037908333333333336 0.02436875
2 0.18141666666666667 0.63970625 0.037908333333333336 0.023018749999999998
2 0.199925 0.62616875 0.029783333333333335 0.023018749999999998
2 0.2283583333333333 0.6285375 0.0343 0.0223375
2 0.217975 0.60924375 0.03339166666666667 0.027075000000000002
2 0.24099166666666666 0.6018 0.03249166666666667 0.02436875
2 0.2572333333333333 0.58690625 0.03249166666666667 0.025724999999999998
2 0.27393333333333336 0.567275 0.0352 0.025724999999999998
2 0.3113916666666667 0.58284375 0.03249166666666667 0.02436875
2 0.3258333333333333 0.56524375 0.0361 0.02436875
2 0.2834083333333333 0.5842 0.03249166666666667 0.02030625
2 0.358325 0.56998125 0.030691666666666666 0.025724999999999998
2 0.3768333333333333 0.55711875 0.027983333333333332 0.025724999999999998
2 0.3957833333333333 0.55711875 0.03339166666666667 0.023018749999999998
2 0.38495 0.576075 0.029783333333333335 0.021662499999999998
2 0.4066166666666667 0.57844375 0.031591666666666664 0.0223375
2 0.41428333333333334 0.54256875 0.02888333333333333 0.02504375
2 0.4242166666666667 0.5638875 0.025275 0.02436875
2 0.44000833333333333 0.55035 0.027983333333333332 0.02436875
0 0.24550000000000002 0.6380125 0.03249166666666667 0.02504375
0 0.26084999999999997 0.6197375 0.02888333333333333 0.02504375
0 0.2798 0.59875 0.030691666666666666 0.02369375
0 0.287925 0.620075 0.030691666666666666 0.025724999999999998
0 0.27393333333333336 0.6410625 0.031591666666666664 0.025724999999999998
0 0.3032666666666667 0.63936875 0.03249166666666667 0.02504375
0 0.3289916666666667 0.6349687500000001 0.0352 0.02843125
0 0.322675 0.65561875 0.0352 0.0209875
0 0.31680833333333336 0.6160125 0.03249166666666667 0.025724999999999998
0 0.3091333333333333 0.5984125 0.031591666666666664 0.027075000000000002
0 0.3326 0.598075 0.031591666666666664 0.0209875
0 0.35200833333333337 0.5848749999999999 0.030691666666666666 0.021662499999999998
0 0.37953333333333333 0.5909687499999999 0.031591666666666664 0.023018749999999998
0 0.3610333333333333 0.60518125 0.030691666666666666 0.021662499999999998
0 0.341175 0.61838125 0.0361 0.02504375
0 0.34975 0.63835625 0.029783333333333335 0.025724999999999998
0 0.3714166666666667 0.623125 0.031591666666666664 0.02504375
0 0.375475 0.64410625 0.030691666666666666 0.02369375
0 0.3845 0.6634 0.03249166666666667 0.021662499999999998
0 0.40165 0.649525 0.02888333333333333 0.0223375
0 0.3957833333333333 0.62989375 0.03339166666666667 0.0209875
0 0.3908166666666667 0.6095812500000001 0.030691666666666666 0.027756249999999996
0 0.409325 0.60010625 0.029783333333333335 0.0264
0 0.42556666666666665 0.5872437500000001 0.029783333333333335 0.02369375
0 0.43955833333333333 0.5710000000000001 0.030691666666666666 0.02369375
0 0.4652833333333334 0.56016875 0.027983333333333332 0.02369375
0 0.4819833333333333 0.5537375 0.0361 0.02436875
0 0.4991333333333334 0.5402 0.030691666666666666 0.021662499999999998
0 0.5198916666666666 0.527675 0.03249166666666667 0.02369375
0 0.54065 0.514475 0.03249166666666667 0.025724999999999998
0 0.533425 0.4978875 0.03249166666666667 0.0264
0 0.5537333333333333 0.48401249999999996 0.0352 0.027075000000000002
0 0.5776583333333334 0.48908749999999995 0.03249166666666667 0.02504375
0 0.5600583333333333 0.5016125 0.027983333333333332 0.023018749999999998
0 0.584425 0.5100750000000001 0.029783333333333335 0.02369375
0 0.566375 0.52090625 0.031591666666666664 0.02369375
0 0.5492250000000001 0.53444375 0.0352 0.0223375
0 0.5284666666666666 0.5462874999999999 0.0352 0.021662499999999998
0 0.5117666666666667 0.5578 0.027075000000000002 0.025724999999999998
0 0.4919083333333333 0.5720125 0.03249166666666667 0.023018749999999998
0 0.4679916666666667 0.580475 0.03700833333333333 0.0223375
0 0.45264999999999994 0.593675 0.038808333333333334 0.025724999999999998
0 0.4341416666666667 0.60890625 0.03249166666666667 0.02504375
0 0.4129333333333333 0.6197375 0.031591666666666664 0.02369375
0 0.4219583333333334 0.642075 0.03700833333333333 0.02504375
0 0.4422666666666667 0.627525 0.030691666666666666 0.025724999999999998
0 0.4643833333333333 0.6126312500000001 0.029783333333333335 0.027075000000000002
0 0.47836666666666666 0.5984125 0.0343 0.02843125
0 0.5031916666666667 0.593675 0.029783333333333335 0.025724999999999998
0 0.5212416666666667 0.57471875 0.029783333333333335 0.02843125
0 0.54065 0.56524375 0.0343 0.021662499999999998
0 0.5559916666666667 0.55271875 0.037908333333333336 0.02910625
0 0.5731416666666667 0.53985625 0.030691666666666666 0.02504375