0 0.32415 0.5480625 0.016491666666666665 0.01431875
0 0.340875 0.5318437500000001 0.019808333333333334 0.012118750000000001
0 0.33905 0.54259375 0.0172 0.01094375
0 0.3312333333333333 0.5590062499999999 0.016158333333333334 0.010162500000000001
0 0.34660833333333335 0.55803125 0.015633333333333336 0.01055625
0 0.35495 0.54786875 0.015633333333333336 0.01055625
0 0.36824166666666663 0.541025 0.0172 0.010162500000000001
0 0.35964166666666664 0.5336 0.016675000000000002 0.014074999999999999
0 0.3745 0.530275 0.0172 0.0129
0 0.382575 0.53868125 0.017725 0.01094375
0 0.399775 0.536725 0.015633333333333336 0.012506250000000002
0 0.39482500000000004 0.5470875000000001 0.018241666666666666 0.0113375
0 0.37736666666666663 0.5513875 0.019808333333333334 0.01055625
0 0.36485833333333334 0.55705625 0.010425 0.01094375
0 0.35599166666666665 0.56506875 0.015633333333333336 0.0113375
0 0.33879166666666666 0.5676125 0.021891666666666667 0.01094375
0 0.34765833333333335 0.5771875 0.018766666666666668 0.01055625
0 0.3460916666666667 0.5891125 0.014591666666666668 0.01094375
0 0.365375 0.59243125 0.014591666666666668 0.0113375
0 0.3765833333333333 0.584225 0.019283333333333333 0.009775
0 0.3692833333333333 0.57679375 0.0172 0.0113375
0 0.3745 0.564875 0.016158333333333334 0.01329375
0 0.389875 0.55764375 0.017725 0.0129
0 0.3841416666666667 0.57210625 0.021891666666666667 0.012118750000000001
0 0.404725 0.5578375 0.0172 0.01329375
0 0.4003 0.5697625 0.018766666666666668 0.0113375
0 0.3932583333333334 0.58129375 0.019283333333333333 0.01094375
0 0.41124166666666667 0.5783625 0.018766666666666668 0.012118750000000001
0 0.404725 0.5891125 0.021366666666666666 0.01094375
0 0.38830833333333337 0.58969375 0.019808333333333334 0.0129
0 0.37579999999999997 0.599275 0.019808333333333334 0.01094375
0 0.3541666666666667 0.59908125 0.0172 0.009775
0 0.36485833333333334 0.6080687499999999 0.017725 0.009775
0 0.37215 0.61784375 0.018766666666666668 0.009775
0 0.382575 0.60963125 0.017725 0.01055625
0 0.393525 0.59908125 0.014591666666666668 0.0129
0 0.4130666666666667 0.59888125 0.020325 0.011725000000000001
0 0.4221916666666667 0.58969375 0.016675000000000002 0.01055625
0 0.4354833333333334 0.5943875 0.0172 0.0144625
0 0.419325 0.6082625 0.020325 0.010162500000000001
0 0.40238333333333337 0.60963125 0.016675000000000002 0.009775
0 0.38805 0.6190125 0.019283333333333333 0.01055625
0 0.37866666666666665 0.62956875 0.019283333333333333 0.0144625
0 0.3698083333333333 0.6385625 0.018241666666666666 0.01055625
0 0.355475 0.64618125 0.02085 0.01485625
0 0.35912499999999997 0.6561499999999999 0.017725 0.0113375
0 0.37866666666666665 0.6481375 0.019283333333333333 0.010162500000000001
0 0.3771 0.6602562500000001 0.020325 0.012506250000000002
0 0.36641666666666667 0.6670999999999999 0.015633333333333336 0.0113375
0 0.39482500000000004 0.6538062499999999 0.016158333333333334 0.009775
0 0.39482500000000004 0.6405124999999999 0.015116666666666667 0.01055625
0 0.39769166666666667 0.62898125 0.015633333333333336 0.014074999999999999
0 0.408375 0.63660625 0.0172 0.0113375
0 0.4164583333333333 0.6248812499999999 0.018766666666666668 0.012118750000000001
0 0.42296666666666666 0.6407125 0.019283333333333333 0.01094375
0 0.40941666666666665 0.64775 0.0172 0.01094375
0 0.41255000000000003 0.6567375 0.020325 0.010162500000000001
0 0.40081666666666665 0.66573125 0.019808333333333334 0.01329375
0 0.382575 0.66983125 0.019808333333333334 0.0113375
0 0.3747583333333333 0.6798000000000001 0.02085 0.012506250000000002
0 0.38935000000000003 0.6803874999999999 0.018766666666666668 0.0113375
0 0.40342500000000003 0.67901875 0.015633333333333336 0.01329375
0 0.415675 0.6708124999999999 0.018241666666666666 0.012506250000000002
0 0.427925 0.6629937499999999 0.014591666666666668 0.014074999999999999
0 0.420625 0.6803874999999999 0.02085 0.01368125
0 0.41255000000000003 0.6927 0.022408333333333332 0.01641875
0 0.40055833333333335 0.70345 0.018241666666666666 0.0129
0 0.2835416666666667 0.50975625 0.016675000000000002 0.01329375
0 0.29891666666666666 0.5105375 0.016158333333333334 0.010162500000000001
0 0.30178333333333335 0.50135 0.015633333333333336 0.012118750000000001
0 0.310125 0.49665624999999997 0.014591666666666668 0.0113375
0 0.2864083333333333 0.49920000000000003 0.019283333333333333 0.012506250000000002
0 0.2726 0.49333750000000004 0.017725 0.01329375
0 0.25670000000000004 0.48649375 0.019283333333333333 0.012118750000000001
0 0.24758333333333335 0.47359375 0.016675000000000002 0.009775
0 0.26374166666666665 0.474375 0.014591666666666668 0.012118750000000001
0 0.262175 0.4630375 0.015633333333333336 0.0144625
0 0.2447166666666667 0.4630375 0.018241666666666666 0.0129
0 0.2460166666666667 0.45228749999999995 0.017725 0.01094375
0 0.27650833333333336 0.45756875 0.013033333333333334 0.0113375
0 0.29031666666666667 0.45385 0.018766666666666668 0.01094375
0 0.295275 0.46362499999999995 0.018241666666666666 0.012506250000000002
0 0.2812 0.46870625 0.0172 0.012506250000000002
0 0.279375 0.47945625 0.017725 0.0113375
0 0.2955333333333333 0.47515625 0.016675000000000002 0.0113375
0 0.29162499999999997 0.48551875 0.022408333333333332 0.012506250000000002
0 0.3077833333333333 0.48395625000000003 0.015116666666666667 0.01329375
0 0.32367500000000005 0.4804375 0.018766666666666668 0.01329375
0 0.30804166666666666 0.4706625 0.018766666666666668 0.01329375
0 0.31169166666666664 0.46010625 0.016675000000000002 0.01485625
0 0.326025 0.46714374999999997 0.0172 0.014074999999999999
0 0.3927416666666667 0.7763562500000001 0.021366666666666666 0.01641875
0 0.408375 0.7826125 0.016158333333333334 0.01329375
2 0.33526666666666666 0.65170625 0.022225 0.015449999999999998
2 0.37674166666666664 0.69703125 0.022766666666666668 0.01504375
2 0.38161666666666666 0.70841875 0.018433333333333333 0.015856250000000002
2 0.3802583333333333 0.72081875 0.020058333333333334 0.014637500000000001
2 0.382975 0.7346375 0.018975 0.014637500000000001
2 0.3846 0.7454125 0.022225 0.01341875
2 0.4005916666666666 0.7376874999999999 0.0206 0.014231249999999999
2 0.3973333333333333 0.7269125 0.0206 0.014637500000000001
2 0.39869166666666667 0.71471875 0.020058333333333334 0.0162625
2 0.34475833333333333 0.6643062500000001 0.016258333333333333 0.014637500000000001
2 0.44422500000000004 0.677925 0.017891666666666667 0.014231249999999999
2 0.456425 0.6887000000000001 0.021683333333333332 0.017075
2 0.44070000000000004 0.6909375 0.018433333333333333 0.01341875
2 0.4323 0.69906875 0.0168 0.0117875
2 0.44965000000000005 0.7004874999999999 0.020058333333333334 0.014637500000000001
2 0.41955833333333337 0.7073999999999999 0.016258333333333333 0.0130125
2 0.437725 0.7098375 0.018975 0.014637500000000001
2 0.45452499999999996 0.711875 0.020058333333333334 0.0162625
2 0.45804999999999996 0.7236625 0.0206 0.015449999999999998
2 0.4434166666666667 0.721425 0.01951666666666667 0.01504375
2 0.42688333333333334 0.7206125 0.015716666666666667 0.014231249999999999
2 0.41251666666666664 0.71553125 0.018433333333333333 0.013825
2 0.4149583333333333 0.72955625 0.017891666666666667 0.0126
2 0.4320333333333334 0.7309812499999999 0.01951666666666667 0.0130125
2 0.44991666666666663 0.7344375 0.01951666666666667 0.01341875
2 0.41820833333333335 0.74013125 0.018975 0.01341875
2 0.4371833333333333 0.74155 0.020058333333333334 0.015449999999999998
2 0.4537083333333334 0.7445999999999999 0.021683333333333332 0.015856250000000002
2 0.40628333333333333 0.7490749999999999 0.020058333333333334 0.014231249999999999
2 0.42715000000000003 0.75029375 0.018433333333333333 0.01504375
2 0.3919166666666667 0.755575 0.01951666666666667 0.0126
2 0.41278333333333334 0.75801875 0.0168 0.010974999999999999
2 0.41630833333333334 0.76899375 0.01735 0.0117875
2 0.43094166666666667 0.7620812499999999 0.015175000000000001 0.01504375
2 0.44395833333333334 0.7547624999999999 0.01735 0.014231249999999999
2 0.363725 0.7757 0.022766666666666668 0.014637500000000001
2 0.36670833333333336 0.7881 0.021141666666666666 0.01504375
2 0.36724999999999997 0.8011125 0.021141666666666666 0.014231249999999999
2 0.3846 0.7966374999999999 0.0168 0.0126
2 0.4014 0.801925 0.018975 0.01341875
2 0.38378333333333337 0.80843125 0.01951666666666667 0.01504375
2 0.37131666666666663 0.81696875 0.021683333333333332 0.01504375
2 0.3634583333333333 0.8283499999999999 0.024391666666666666 0.01829375
2 0.38378333333333337 0.836275 0.018433333333333333 0.015449999999999998
2 0.3902916666666667 0.8228624999999999 0.018433333333333333 0.0162625
2 0.40194166666666664 0.8137125000000001 0.020058333333333334 0.01666875
2 0.403575 0.82875625 0.020058333333333334 0.015856250000000002
2 0.39896666666666664 0.84339375 0.0206 0.01666875
2 0.41739166666666666 0.8478625 0.021683333333333332 0.01666875
2 0.41955833333333337 0.83586875 0.0206 0.0130125
2 0.41955833333333337 0.820625 0.018433333333333333 0.01829375
2 0.4336583333333333 0.8269249999999999 0.0206 0.014637500000000001
2 0.4542583333333333 0.82021875 0.024933333333333335 0.01829375
2 0.4371833333333333 0.8137125000000001 0.018975 0.014231249999999999
2 0.41955833333333337 0.81025625 0.02385 0.015449999999999998
2 0.433925 0.80233125 0.017891666666666667 0.01504375
2 0.4548 0.80761875 0.02385 0.01666875
2 0.41820833333333335 0.795825 0.021141666666666666 0.0126
2 0.4336583333333333 0.7881 0.01735 0.014231249999999999
2 0.44991666666666663 0.79318125 0.022766666666666668 0.015449999999999998
2 0.44965000000000005 0.78139375 0.021141666666666666 0.013825
2 0.433925 0.77610625 0.018975 0.014637500000000001
2 0.447475 0.7681812499999999 0.021141666666666666 0.0126
2 0.43500833333333333 0.6508875000000001 0.017891666666666667 0.014637500000000001
2 0.4542583333333333 0.64966875 0.01735 0.013825
2 0.4446583333333334 0.64034375 0.019091666666666667 0.01385
2 0.45561666666666667 0.63295 0.019091666666666667 0.01315
2 0.440275 0.6282562500000001 0.0216 0.0140875
2 0.43433333333333335 0.61804375 0.019725000000000003 0.01385
2 0.45420833333333327 0.6212125000000001 0.019408333333333333 0.013618749999999999
2 0.447475 0.60994375 0.019725000000000003 0.012675
2 0.3394833333333333 0.62919375 0.019091666666666667 0.01455625
2 0.357325 0.6304875 0.02035 0.015262500000000002
2 0.35059166666666663 0.620625 0.02128333333333333 0.0129125
2 0.3362 0.60571875 0.018783333333333332 0.015025
2 0.455775 0.5987874999999999 0.018158333333333332 0.01338125
2 0.44998333333333335 0.58951875 0.018466666666666666 0.01220625
2 0.33087500000000003 0.59221875 0.020033333333333334 0.01244375
2 0.3232083333333334 0.58141875 0.017841666666666665 0.0129125
2 0.4355833333333334 0.5788375 0.02035 0.01431875
2 0.42995000000000005 0.5650999999999999 0.019725000000000003 0.01315
2 0.42134166666666667 0.55500625 0.01753333333333333 0.012675
2 0.4232166666666667 0.5438562499999999 0.020658333333333334 0.01338125
2 0.4196166666666667 0.53281875 0.019091666666666667 0.01338125
2 0.30833333333333335 0.54878125 0.016900000000000002 0.01431875
2 0.29675 0.541625 0.01753333333333333 0.0140875
2 0.31381666666666663 0.53798125 0.019091666666666667 0.01244375
2 0.30895833333333333 0.5278875 0.019408333333333333 0.01431875
2 0.3264916666666667 0.5302375 0.016275 0.01431875
2 0.292375 0.52976875 0.02128333333333333 0.015262500000000002
2 0.27719166666666667 0.5244875 0.019091666666666667 0.01455625
2 0.3576416666666667 0.52108125 0.0216 0.014793750000000001
2 0.3747 0.51814375 0.018158333333333332 0.01315
2 0.39050833333333335 0.5162687499999999 0.017841666666666665 0.012675
2 0.40694166666666665 0.51779375 0.020033333333333334 0.01338125
2 0.3892583333333333 0.52683125 0.015966666666666667 0.011268750000000001
2 0.3454333333333333 0.5128625 0.01721666666666667 0.01338125
2 0.3606166666666667 0.509575 0.01753333333333333 0.01385
2 0.328525 0.5170875 0.019725000000000003 0.01431875
2 0.31319166666666665 0.51239375 0.015966666666666667 0.011975
2 0.32665 0.50535 0.019725000000000003 0.01244375
2 0.344175 0.49948125 0.019725000000000003 0.01385
2 0.32680833333333337 0.49255625000000003 0.018783333333333332 0.012675
2 0.34105 0.48774375 0.017841666666666665 0.01150625
2 0.3421416666666667 0.47611875 0.018158333333333332 0.0140875
2 0.34715 0.46368125 0.020033333333333334 0.01455625
2 0.33181666666666665 0.45628124999999997 0.02128333333333333 0.01338125
2 0.320075 0.44677500000000003 0.0216 0.01455625
2 0.30473333333333336 0.4411375 0.018466666666666666 0.01315
2 0.2890833333333333 0.444075 0.019091666666666667 0.011975
2 0.2602833333333333 0.44606875 0.01721666666666667 0.013618749999999999
2 0.24525833333333333 0.44231250000000005 0.02035 0.01455625
2 0.22663333333333333 0.43761875000000006 0.01753333333333333 0.012675
2 0.2303916666666667 0.45029375 0.01565 0.015025
2 0.22773333333333332 0.4623875 0.017841666666666665 0.01431875
2 0.21990833333333332 0.47154375000000004 0.016591666666666668 0.01244375
2 0.22444166666666665 0.4839875 0.018158333333333332 0.015262500000000002
2 0.24009166666666668 0.48563125 0.014400000000000001 0.01338125
2 0.27045833333333336 0.5094562499999999 0.015025 0.013618749999999999
2 0.1753 0.47095624999999997 0.018783333333333332 0.0140875
2 0.177175 0.45828125 0.018783333333333332 0.013618749999999999
2 0.19251666666666667 0.46520625000000004 0.02128333333333333 0.014793750000000001
2 0.20346666666666666 0.47659375 0.020033333333333334 0.01455625
2 0.20989166666666667 0.46379375 0.017841666666666665 0.015262500000000002
2 0.19861666666666666 0.45358125 0.019091666666666667 0.013618749999999999
2 0.1814 0.44700625000000005 0.0216 0.017375
2 0.19893333333333332 0.44008125 0.019091666666666667 0.01431875
2 0.21536666666666668 0.447125 0.013775 0.01385
2 0.3232083333333334 0.5683874999999999 0.01721666666666667 0.01315