1 0.7817303240740741 0.5993229166666667 0.028315972222222284 0.019965277777777856
1 0.7792766203703703 0.6164409722222223 0.029097222222222285 0.019999999999999928
1 0.7981886574074074 0.6141493055555556 0.021944444444444322 0.017343750000000036
1 0.7888657407407408 0.6278298611111112 0.02112268518518512 0.016527777777777787
1 0.7699247685185184 0.64578125 0.02601273148148131 0.020642361111111108
1 0.692974537037037 0.6196527777777778 0.024369212962962905 0.019010416666666606
1 0.691400462962963 0.604704861111111 0.0227662037037037 0.018159722222222285
1 0.7120891203703703 0.613454861111111 0.022604166666666713 0.015034722222222286
1 0.6737268518518519 0.6133159722222222 0.0211631944444445 0.017309027777777784
1 0.7008391203703704 0.6340972222222222 0.022806712962962904 0.018940972222222286
1 0.6194328703703704 0.5881944444444445 0.0242881944444445 0.017447916666666785
1 0.6376851851851851 0.5835243055555555 0.024369212962962905 0.019010416666666786
1 0.6384143518518519 0.5694618055555555 0.02268518518518512 0.016597222222222284
1 0.6271296296296296 0.5454687500000001 0.02445023148148149 0.020572916666666784
0 0.3546469907407407 0.43939236111111113 0.020260416666666715 0.014930555555555535
0 0.35391782407407407 0.4534548611111111 0.021041666666666715 0.014965277777777786
0 0.3677256944444444 0.44388888888888883 0.019519675925925916 0.015677083333333286
0 0.3870543981481481 0.44866319444444447 0.02034143518518521 0.016493055555555535
0 0.3685185185185185 0.45880208333333333 0.021082175925925917 0.015746527777777786
0 0.38710648148148147 0.4627604166666666 0.018119212962962993 0.018732638888888785
0 0.3547511574074074 0.46758680555555554 0.02112268518518521 0.016527777777777787
0 0.33752314814814816 0.46760416666666665 0.022806712962962904 0.018940972222222286
0 0.35332175925925924 0.4800520833333334 0.019641203703703702 0.018020833333333285
0 0.3685821759259259 0.4877777777777778 0.019681712962962995 0.018802083333333285
0 0.3708738425925926 0.4737847222222221 0.0180381944444445 0.017170138888888787
0 0.3864178240740741 0.4760416666666666 0.019560185185185118 0.016458333333333287
0 0.38642939814814814 0.49092013888888886 0.019519675925925916 0.015677083333333286
0 0.4026215277777778 0.4806770833333333 0.020300925925925917 0.015711805555555534
0 0.40084490740740736 0.46963541666666664 0.01877893518518512 0.016423611111111035
0 0.4147743055555555 0.45772569444444444 0.02034143518518512 0.016493055555555535
0 0.42002893518518525 0.44699652777777776 0.02112268518518512 0.016527777777777787
0 0.43609953703703697 0.43909722222222225 0.0219444444444445 0.01734374999999986
0 0.4537847222222222 0.4453645833333333 0.02112268518518512 0.016527777777777787
0 0.4338078703703704 0.4530902777777778 0.0211631944444445 0.017309027777777784
0 0.44997106481481486 0.45850694444444445 0.0180381944444445 0.017170138888888787
0 0.43155671296296294 0.46630208333333323 0.023385416666666714 0.015069444444444358
0 0.41939236111111117 0.47437500000000005 0.0211631944444445 0.017309027777777784
0 0.43465277777777783 0.4821006944444445 0.021863425925926095 0.015781249999999858
0 0.4171006944444445 0.4883680555555555 0.02034143518518512 0.016493055555555535
0 0.4018518518518518 0.4955208333333333 0.0203819444444445 0.017274305555555536
0 0.4034664351851852 0.5096875 0.021822916666666713 0.015000000000000036
0 0.41953703703703693 0.5017881944444444 0.018657407407407334 0.014079861111111036
0 0.41962962962962963 0.5151041666666667 0.020260416666666715 0.014930555555555535
0 0.40281828703703704 0.5221875 0.01877893518518512 0.016423611111111215
0 0.4188599537037037 0.5299479166666667 0.021041666666666715 0.014965277777777786
0 0.43637152777777777 0.5244618055555555 0.021041666666666715 0.014965277777777786
0 0.43479745370370376 0.5095138888888888 0.019560185185185118 0.016458333333333287
0 0.4339641203703703 0.4953819444444445 0.0196006944444445 0.017239583333333287
0 0.4499537037037037 0.4890451388888889 0.020300925925925917 0.015711805555555534
0 0.4499016203703704 0.4749479166666667 0.019641203703703702 0.018020833333333285
0 0.4644097222222222 0.46697916666666667 0.021863425925925918 0.015781250000000035
0 0.4846006944444444 0.47022569444444445 0.020422453703703703 0.018055555555555537
0 0.4999826388888889 0.4756076388888889 0.020422453703703703 0.018055555555555713
0 0.514542824074074 0.48173611111111114 0.0235069444444445 0.017413194444444356
0 0.4652025462962962 0.4818923611111111 0.0203819444444445 0.017274305555555536
0 0.48226851851851854 0.485 0.021244212962962906 0.018871527777777786
0 0.5007349537037037 0.49130208333333336 0.0211631944444445 0.017309027777777784
0 0.5153356481481481 0.49664930555555553 0.021041666666666715 0.014965277777777786
0 0.5130034722222222 0.5114236111111111 0.0219444444444445 0.01734374999999986
0 0.49692129629629633 0.5044444444444445 0.019681712962962904 0.018802083333333285
0 0.4806365740740741 0.5013715277777778 0.0219444444444445 0.017343750000000036
0 0.4660763888888889 0.4952430555555556 0.0203819444444445 0.017274305555555536
0 0.45082754629629634 0.5023958333333333 0.021082175925926094 0.015746527777777786
0 0.4644444444444444 0.5116145833333333 0.019479166666666714 0.014895833333333285
0 0.4516203703703704 0.5173090277777778 0.0211631944444445 0.017309027777777784
0 0.4653587962962963 0.5241840277777777 0.02112268518518512 0.016527777777777787
0 0.4806481481481482 0.51625 0.02112268518518512 0.016527777777777787
0 0.5320486111111111 0.5216666666666667 0.0219849537037037 0.018125000000000037
0 0.49771412037037044 0.519357638888889 0.02424768518518512 0.016666666666666784
0 0.4814004629629629 0.5319444444444444 0.019560185185185118 0.016458333333333287
0 0.46310763888888895 0.5373958333333333 0.02112268518518512 0.016527777777777787
0 0.4501504629629629 0.5305555555555556 0.0196006944444445 0.017239583333333287
0 0.4332986111111111 0.538420138888889 0.02190393518518512 0.016562500000000036
0 0.450162037037037 0.5454340277777778 0.01877893518518512 0.016423611111111215
0 0.46225694444444443 0.5538020833333333 0.023466435185185118 0.01663194444444436
0 0.476724537037037 0.5466145833333333 0.0219444444444445 0.01734374999999986
0 0.4928356481481481 0.5379340277777778 0.019560185185185118 0.016458333333333287
0 0.5080439814814814 0.5315625 0.0235069444444445 0.017413194444444356
0 0.5048495370370369 0.5478645833333333 0.019681712962962904 0.018802083333333285
0 0.5208506944444444 0.55640625 0.019560185185185118 0.016458333333333287
0 0.5055613425925927 0.5643402777777778 0.023344907407407335 0.014288194444444357
0 0.4927662037037036 0.5543750000000001 0.0164756944444445 0.017100694444444463
0 0.49187499999999995 0.5715625 0.0164756944444445 0.017100694444444463
0 0.4950925925925926 0.5850173611111111 0.020260416666666715 0.014930555555555535
0 0.5120370370370371 0.59046875 0.015572916666666714 0.014722222222222215
0 0.5072974537037037 0.5761631944444444 0.022025462962962906 0.018906249999999857
0 0.5240682870370371 0.5698611111111112 0.022563657407407334 0.014253472222222285
0 0.5273668981481482 0.5817534722222222 0.022025462962962906 0.018906249999999857
0 0.5274189814814815 0.5958506944444444 0.02190393518518512 0.016562500000000036
0 0.5402430555555556 0.5901562499999999 0.021822916666666713 0.015000000000000036
0 0.5409722222222222 0.5760937500000001 0.0227662037037037 0.018159722222222285
0 0.5361921296296297 0.5625694444444445 0.022644675925925915 0.015815972222222287
0 0.533755787037037 0.5491493055555555 0.024988425925926094 0.01592013888888886
0 0.5368692129629629 0.5344097222222223 0.024126157407407332 0.014322916666666786
0 0.5200578703703703 0.5414930555555555 0.022025462962962906 0.018906250000000034
0 0.5549710648148147 0.5477430555555556 0.021863425925926095 0.015781250000000035
0 0.5565219907407407 0.5329340277777778 0.02268518518518512 0.016597222222222284
0 0.5533043981481482 0.5194791666666667 0.0219444444444445 0.01734374999999986
0 0.5691724537037037 0.5154861111111112 0.0227662037037037 0.018159722222222285
0 0.5882060185185185 0.5108506944444444 0.02112268518518512 0.016527777777777787
0 0.5883391203703704 0.5233854166666667 0.0219444444444445 0.01734374999999986
0 0.5723495370370371 0.5297222222222222 0.0219444444444445 0.01734374999999986
0 0.5708796296296297 0.54296875 0.0235069444444445 0.017413194444444356
0 0.5914756944444444 0.5384027777777778 0.020422453703703703 0.018055555555555537
0 0.5575289351851851 0.5588194444444444 0.023547453703703702 0.018194444444444534
0 0.57109375 0.5539409722222223 0.021822916666666713 0.014999999999999857
0 0.591568287037037 0.55171875 0.021782407407407334 0.014218749999999858
0 0.5932233796296297 0.5651041666666667 0.0211631944444445 0.017309027777777784
0 0.5750925925925926 0.5674305555555555 0.022644675925925915 0.015815972222222287
0 0.5599652777777777 0.5722395833333334 0.021001157407407333 0.014184027777777785
0 0.5608796296296296 0.5848090277777779 0.02268518518518512 0.016597222222222284
0 0.5790914351851851 0.5809201388888889 0.021041666666666715 0.014965277777777786
0 0.5957002314814815 0.5777430555555556 0.021041666666666715 0.014965277777777786
0 0.6138715277777778 0.5746354166666666 0.022604166666666713 0.015034722222222286
0 0.609832175925926 0.5619270833333333 0.021863425925925918 0.015781250000000035
0 0.6042708333333333 0.5483680555555556 0.021082175925925917 0.015746527777777786
0 0.6057002314814814 0.5359027777777777 0.021822916666666713 0.014999999999999857
0 0.6049074074074074 0.5209895833333333 0.019641203703703702 0.018020833333333285
0 0.6217708333333334 0.5280034722222222 0.019641203703703702 0.018020833333333285
0 0.6370717592592593 0.5349479166666666 0.019681712962962904 0.018802083333333285
0 0.6331944444444445 0.5191145833333334 0.021203703703703704 0.018090277777777785
0 0.5395543981481481 0.6034375 0.021822916666666713 0.015000000000000036
0 0.5562847222222222 0.5979166666666667 0.02034143518518512 0.016493055555555535
0 0.565133101851852 0.6084895833333334 0.0219444444444445 0.017343750000000036
0 0.5840451388888889 0.6061979166666667 0.024328703703703703 0.018229166666666786
0 0.5752372685185185 0.59484375 0.021203703703703704 0.018090277777777785
0 0.5926273148148148 0.5917013888888889 0.024907407407407333 0.014357638888888857
0 0.6038599537037037 0.6015972222222222 0.0219444444444445 0.01734374999999986
0 0.595318287037037 0.6153125 0.02581018518518512 0.016736111111111108
0 0.6158333333333333 0.6123090277777778 0.0219444444444445 0.017343750000000036
0 0.610457175925926 0.6253819444444444 0.021822916666666713 0.014999999999999857
0 0.627806712962963 0.6230208333333334 0.0227662037037037 0.018159722222222285
0 0.6324016203703703 0.6099131944444445 0.0227256944444445 0.017378472222222285
0 0.6322685185185184 0.5973784722222222 0.01877893518518512 0.016423611111111215
0 0.6492939814814814 0.6012673611111111 0.0203819444444445 0.017274305555555536
0 0.666724537037037 0.59734375 0.023466435185185118 0.01663194444444436
0 0.6651099537037037 0.5831770833333334 0.0219444444444445 0.017343750000000036
0 0.6619328703703704 0.5689409722222222 0.0203819444444445 0.017274305555555536
0 0.6603993055555556 0.5532118055555555 0.0203819444444445 0.017274305555555536
0 0.6540567129629629 0.5396180555555555 0.02112268518518512 0.016527777777777787
0 0.6765625 0.5586284722222222 0.0188599537037037 0.017986111111111213
0 0.6944502314814814 0.5609895833333333 0.0219444444444445 0.01734374999999986
0 0.6757291666666667 0.5444965277777778 0.024369212962962905 0.019010416666666786
0 0.6671238425925926 0.5292361111111111 0.025353009259259096 0.022951388888888858
0 0.6516608796296296 0.5254166666666666 0.022887731481481488 0.020503472222222284
0 0.6788368055555555 0.5751736111111111 0.02034143518518512 0.016493055555555712
0 0.6835763888888889 0.5894791666666667 0.01799768518518512 0.016388888888888786
0 0.6469212962962964 0.6168229166666667 0.021082175925926094 0.015746527777777786
0 0.6462731481481482 0.6293229166666666 0.0211631944444445 0.017309027777777784
0 0.662181712962963 0.6245486111111112 0.021822916666666713 0.015000000000000036
0 0.6592418981481482 0.6510416666666666 0.0227256944444445 0.017378472222222285
0 0.6599305555555556 0.6377604166666666 0.02268518518518512 0.016597222222222284
0 0.7265625 0.5608506944444445 0.024369212962962905 0.019010416666666786
0 0.7134953703703704 0.5712326388888889 0.020462962962962905 0.018836805555555537
0 0.6965219907407407 0.5814409722222222 0.0219444444444445 0.017343750000000036
0 0.6980960648148148 0.5963888888888889 0.021041666666666715 0.014965277777777786
0 0.7135185185185186 0.6009895833333333 0.021863425925925918 0.015781250000000035
0 0.7158101851851851 0.5869965277777778 0.020462962962962905 0.018836805555555714
0 0.7326620370370371 0.5791319444444445 0.0219444444444445 0.017343750000000036
0 0.747181712962963 0.5860416666666667 0.0188194444444445 0.017204861111111035
0 0.7311516203703704 0.5931597222222222 0.0203819444444445 0.017274305555555536
0 0.745630787037037 0.6008506944444445 0.021863425925925918 0.015781249999999858
0 0.7319039351851852 0.6088541666666666 0.019519675925925916 0.015677083333333286
0 0.7288310185185185 0.6228125 0.020260416666666715 0.014930555555555714
0 0.7129224537037037 0.6275868055555556 0.01705439814814813 0.013229166666666714
0 0.7304861111111112 0.6361979166666667 0.020300925925925917 0.015711805555555534
0 0.7464756944444445 0.6298611111111111 0.021082175925925917 0.015746527777777786
0 0.7472453703703703 0.615017361111111 0.0203819444444445 0.017274305555555713
0 0.7609837962962963 0.6218923611111111 0.020300925925926094 0.015711805555555534
0 0.7640972222222222 0.6071527777777778 0.02190393518518512 0.016562500000000036
0 0.7617013888888888 0.5929513888888889 0.019519675925925916 0.015677083333333286
0 0.7731655092592593 0.58328125 0.02190393518518512 0.016562500000000036
0 0.7805497685185185 0.5616840277777777 0.024328703703703703 0.018229166666666786
0 0.7910011574074074 0.5715451388888889 0.025931712962962906 0.019079861111111106
0 0.8086458333333333 0.57859375 0.021984953703703524 0.018125000000000037
0 0.7925752314814816 0.5864930555555555 0.02190393518518512 0.016562500000000036
0 0.8046296296296296 0.5956423611111111 0.02765625000000007 0.022274305555555606
0 0.8124942129629631 0.6100868055555555 0.019479166666666714 0.014895833333333285
0 0.678142361111111 0.6338715277777778 0.02112268518518512 0.016527777777777787
0 0.6767129629629629 0.6463368055555556 0.0227256944444445 0.017378472222222285
0 0.7115451388888889 0.6541493055555556 0.0250694444444445 0.017482638888888857
0 0.7016435185185186 0.663888888888889 0.021782407407407334 0.014218749999999858
0 0.7305381944444445 0.6502951388888889 0.022644675925925915 0.015815972222222287
0 0.7330555555555556 0.6621527777777778 0.0219444444444445 0.017343750000000036
0 0.7497858796296296 0.6566319444444444 0.023385416666666714 0.015069444444444358
0 0.7472685185185185 0.6447743055555556 0.02190393518518512 0.016562500000000036
0 0.7650462962962964 0.6643576388888889 0.024369212962962905 0.019010416666666786
0 0.7802662037037036 0.6728645833333333 0.023466435185185118 0.01663194444444436
0 0.7795543981481481 0.6563888888888889 0.021041666666666715 0.014965277777777786
0 0.7955150462962963 0.6657118055555555 0.025109953703703704 0.018263888888888857
0 0.8153298611111112 0.6611111111111111 0.022806712962962904 0.018940972222222286
0 0.8008912037037037 0.6526388888888889 0.023587962962962904 0.018975694444444358
0 0.8147800925925924 0.6415104166666666 0.025891203703703524 0.018298611111111106
0 0.82875 0.6288194444444445 0.023587962962962904 0.018975694444444358
0 0.8133275462962963 0.62421875 0.0203819444444445 0.017274305555555536
0 0.7986168981481482 0.63609375 0.017876157407407334 0.014045138888888786
2 0.8546875 0.6722569444444444 0.0172569444444445 0.017135416666666715
2 0.8688715277777778 0.6705381944444444 0.01799768518518512 0.016388888888888963
2 0.8727893518518517 0.6855902777777778 0.021984953703703524 0.018125000000000037
2 0.8562615740740741 0.6872048611111111 0.0196006944444445 0.017239583333333287
2 0.8450925925925926 0.7062847222222223 0.027453703703703525 0.01836805555555543
2 0.803605324074074 0.7060069444444445 0.0266319444444445 0.017552083333333357
2 0.8133854166666665 0.6986111111111111 0.024288194444444144 0.017447916666666785
2 0.8234085648148148 0.6865277777777778 0.021944444444444145 0.017343750000000036
2 0.8424826388888889 0.6811111111111111 0.022065972222222285 0.019687500000000035
2 0.8424305555555556 0.6670138888888889 0.02190393518518512 0.01656249999999986
2 0.8484259259259259 0.6571006944444444 0.021041666666666715 0.014965277777777786
2 0.8628530092592592 0.6506944444444445 0.021244212962962906 0.018871527777777786
2 0.8791782407407407 0.652986111111111 0.02190393518518512 0.016562500000000036
2 0.8849421296296296 0.6626388888888888 0.023547453703703525 0.018194444444444357
2 0.8836516203703703 0.6422222222222222 0.024988425925926094 0.01592013888888886
2 0.8812152777777778 0.6288020833333333 0.02424768518518512 0.016666666666666607
2 0.8706944444444444 0.6353819444444444 0.022563657407407334 0.014253472222222285
2 0.8516608796296297 0.6400173611111111 0.024126157407407332 0.014322916666666786
2 0.8417592592592593 0.6497569444444444 0.022604166666666713 0.015034722222222286
2 0.8249189814814816 0.6725 0.021001157407407333 0.014184027777777785
2 0.8097511574074074 0.6780902777777778 0.02264467592592574 0.015815972222222287
2 0.7982465277777777 0.6885416666666667 0.0219444444444445 0.017343750000000036
2 0.7822164351851851 0.6956597222222222 0.0235069444444445 0.017413194444444356
2 0.7796990740740741 0.6838020833333334 0.022523148148148132 0.013472222222222285
2 0.7630092592592593 0.6885416666666666 0.0227256944444445 0.017378472222222285
2 0.7446238425925926 0.6806770833333333 0.02424768518518512 0.016666666666666784
2 0.7262384259259259 0.6728125 0.022644675925925915 0.015815972222222287
2 0.7166203703703704 0.6770833333333334 0.019438657407407335 0.014114583333333286
2 0.7255497685185185 0.6860937500000001 0.024988425925925917 0.01592013888888886
2 0.8515972222222222 0.6110416666666667 0.02268518518518512 0.016597222222222284
2 0.8694039351851852 0.6149652777777778 0.021822916666666713 0.015000000000000036
2 0.8594618055555555 0.6254861111111112 0.018657407407407334 0.014079861111111213
2 0.8410358796296297 0.6184027777777777 0.024247685185185476 0.016666666666666607
2 0.8495659722222222 0.5898090277777778 0.022685185185185475 0.016597222222222284
2 0.839542824074074 0.6018923611111111 0.022604166666666713 0.015034722222222286
2 0.8234606481481481 0.5949131944444445 0.02112268518518512 0.016527777777777787
2 0.8334432870370371 0.5836111111111111 0.021041666666666715 0.014965277777777786
2 0.8379976851851852 0.5712847222222222 0.02581018518518512 0.016736111111111108
2 0.827667824074074 0.5590798611111112 0.025109953703703523 0.018263888888888857
2 0.8125 0.564670138888889 0.0258506944444445 0.01751736111111111
2 0.8077199074074073 0.5511458333333333 0.0250694444444445 0.017482638888888857
2 0.7859664351851852 0.5478298611111111 0.0219444444444445 0.01734374999999986
2 0.8136226851851852 0.5279166666666667 0.0250694444444445 0.017482638888888857
2 0.7975520833333334 0.5358159722222222 0.024369212962962905 0.019010416666666606
2 0.7797858796296296 0.5311111111111112 0.023587962962962904 0.018975694444444358
2 0.7681597222222222 0.54390625 0.0227662037037037 0.018159722222222285
2 0.7558333333333334 0.5551041666666666 0.021041666666666715 0.014965277777777786
2 0.7599131944444444 0.56703125 0.021082175925925917 0.015746527777777786
2 0.7519965277777778 0.5384895833333333 0.022106481481481487 0.020468750000000036
2 0.7366145833333333 0.5331076388888889 0.021244212962962906 0.018871527777777786
2 0.734201388888889 0.5494444444444444 0.021082175925926094 0.015746527777777786
2 0.718900462962963 0.5425 0.0219849537037037 0.018125000000000037
2 0.6988715277777777 0.5361284722222222 0.02112268518518512 0.016527777777777787
2 0.7020891203703703 0.5495833333333333 0.02190393518518512 0.016562500000000036
2 0.6834085648148148 0.5323090277777778 0.018738425925925915 0.015642361111111214
2 0.669537037037037 0.5128993055555556 0.023466435185185118 0.01663194444444436
2 0.6472453703703704 0.5048611111111111 0.023425925925925916 0.01585069444444436
2 0.6314178240740741 0.5080729166666667 0.02112268518518512 0.016527777777777787
2 0.6521874999999999 0.5152604166666667 0.018657407407407334 0.014079861111111213
2 0.6131249999999999 0.5135243055555556 0.021082175925925917 0.015746527777777786
2 0.5776215277777779 0.4884548611111111 0.020219907407407332 0.014149305555555713
2 0.560636574074074 0.4837847222222222 0.022025462962962906 0.018906250000000034
2 0.5631134259259258 0.4964236111111111 0.021863425925926095 0.015781250000000035
2 0.5421006944444444 0.49392361111111105 0.023385416666666714 0.015069444444444358
2 0.5478645833333333 0.5035763888888889 0.02034143518518512 0.016493055555555535
2 0.5420081018518518 0.4806076388888889 0.0211631944444445 0.017309027777777784
2 0.5267881944444445 0.47210069444444447 0.02034143518518512 0.016493055555555535
2 0.5115277777777778 0.464375 0.021863425925925918 0.015781250000000035
2 0.49634837962962963 0.4550868055555556 0.0203819444444445 0.017274305555555713
2 0.4819097222222222 0.44661458333333337 0.02424768518518512 0.016666666666666784
2 0.4796990740740741 0.45904513888888887 0.020219907407407332 0.014149305555555537
2 0.44336226851851845 0.41984374999999996 0.020260416666666715 0.014930555555555535
2 0.46286458333333336 0.43637152777777777 0.02190393518518512 0.016562500000000036
2 0.42366898148148147 0.42210069444444437 0.023547453703703702 0.018194444444444357
2 0.4050405092592593 0.4189236111111111 0.0235069444444445 0.017413194444444356
2 0.41142361111111114 0.43173611111111115 0.021001157407407333 0.014184027777777785
2 0.3853067129629629 0.4219618055555555 0.023547453703703702 0.018194444444444357
2 0.3900868055555556 0.43548611111111113 0.022644675925925915 0.015815972222222287
2 0.3675 0.4180381944444444 0.02112268518518512 0.016527777777777787
2 0.35450231481481487 0.4119791666666666 0.0219444444444445 0.01734374999999986
2 0.33513310185185186 0.40798611111111105 0.021863425925925918 0.015781249999999858
2 0.3214872685185185 0.41442708333333333 0.01721643518518521 0.016354166666666715
2 0.3383912037037037 0.42065972222222214 0.017916666666666713 0.014826388888888787
2 0.35455439814814815 0.4260763888888889 0.019438657407407335 0.014114583333333286
2 0.36989583333333337 0.43223958333333334 0.018697916666666713 0.014861111111111214
2 0.338443287037037 0.4347569444444444 0.018778935185185208 0.016423611111111215
2 0.3239756944444444 0.4419444444444444 0.02190393518518512 0.016562500000000036
2 0.3222800925925926 0.4293402777777778 0.021082175925925917 0.015746527777777786
2 0.3079340277777778 0.4341840277777778 0.0164756944444445 0.017100694444444463
2 0.261087962962963 0.41644097222222226 0.022025462962962906 0.018906249999999857
2 0.2787210648148148 0.40861111111111115 0.019641203703703702 0.018020833333333285
2 0.29520833333333335 0.40777777777777774 0.020260416666666715 0.014930555555555535
2 0.3000694444444444 0.41973958333333333 0.0219444444444445 0.017343750000000036
2 0.2848611111111111 0.4261111111111111 0.0219849537037037 0.018125000000000037
2 0.30309606481481477 0.45197916666666665 0.0235069444444445 0.017413194444444356
2 0.32641203703703703 0.45536458333333335 0.019438657407407422 0.014114583333333286
2 0.3086979166666667 0.4647569444444445 0.021863425925925918 0.015781250000000035
2 0.31117476851851855 0.4773958333333333 0.023344907407407335 0.014288194444444357
2 0.3208449074074074 0.48722222222222217 0.02112268518518512 0.016527777777777787
2 0.3062962962962963 0.4959722222222222 0.020300925925925917 0.015711805555555534
2 0.3225810185185185 0.4990451388888889 0.019438657407407422 0.014114583333333286
2 0.3307291666666667 0.5080208333333334 0.023385416666666714 0.015069444444444358
2 0.339849537037037 0.4982465277777777 0.01865740740740742 0.014079861111111213
2 0.3396354166666667 0.48727430555555556 0.018738425925925915 0.015642361111111037
2 0.3556770833333333 0.49503472222222217 0.02096064814814813 0.013402777777777786
2 0.3542476851851852 0.5075000000000001 0.024947916666666715 0.015138888888888858
2 0.3753819444444445 0.5076562499999999 0.021041666666666715 0.014965277777777786
2 0.3559837962962963 0.5193229166666666 0.021041666666666715 0.014965277777777786
2 0.3747743055555556 0.5193749999999999 0.024207175925925917 0.015885416666666784
2 0.37322337962962965 0.5341840277777778 0.020300925925925917 0.015711805555555534
2 0.39295717592592594 0.5311458333333333 0.017876157407407334 0.014045138888888965
2 0.40357060185185184 0.5378819444444444 0.020300925925925917 0.015711805555555715
2 0.4373495370370371 0.5660069444444444 0.0203819444444445 0.017274305555555713
2 0.46296874999999993 0.5702777777777778 0.02112268518518512 0.016527777777777787
2 0.47420138888888896 0.5801736111111111 0.02112268518518512 0.016527777777777787
2 0.4998726851851852 0.5985416666666666 0.02017939814814813 0.013368055555555536
2 0.5500462962962963 0.6125173611111111 0.01643518518518512 0.016319444444444463
2 0.5847569444444444 0.6226736111111111 0.02190393518518512 0.016562500000000036
2 0.6170023148148148 0.6350694444444445 0.020300925925925917 0.015711805555555534
2 0.6298784722222223 0.6434722222222222 0.02034143518518512 0.016493055555555712
2 0.6742997685185186 0.6626736111111111 0.023587962962962904 0.018975694444444358