1 0.6125578703703705 0.465162037037037 0.046354166666666786 0.03645254629629626
1 0.5744502314814814 0.485 0.04612268518518512 0.033327546296296265
1 0.602025462962963 0.5021122685185185 0.04036458333333322 0.029259259259259273
1 0.6355034722222221 0.5026793981481481 0.04785879629629619 0.03571759259259259
1 0.6276041666666667 0.5356539351851852 0.048524305555555536 0.03417824074074076
1 0.5504050925925925 0.52546875 0.04768518518518512 0.033373842592592594
1 0.5712094907407407 0.5497974537037037 0.04832175925925917 0.0419675925925926
1 0.595920138888889 0.5319155092592592 0.04641203703703702 0.037233796296296265
1 0.604832175925926 0.5589351851851851 0.043489583333333214 0.02935185185185176
1 0.6214699074074075 0.5763715277777777 0.045225694444444284 0.031741898148148096
1 0.5248263888888889 0.5550694444444444 0.04510995370370381 0.030179398148148094
1 0.5073784722222221 0.5906655092592592 0.04612268518518512 0.033327546296296265
1 0.5418402777777778 0.577951388888889 0.04997106481481488 0.032662037037037094
1 0.5817418981481481 0.5759895833333333 0.04059606481481488 0.03238425925925927
1 0.5630208333333334 0.6077256944444445 0.04293981481481488 0.032453703703703596
1 0.5300347222222223 0.6110416666666667 0.04036458333333339 0.029259259259259273
1 0.4892939814814815 0.6138078703703703 0.04829282407407405 0.031053240740740763
1 0.5228298611111111 0.6346412037037037 0.050868055555555715 0.03424768518518526
1 0.5390046296296296 0.6583275462962963 0.05211226851851869 0.04052083333333343
1 0.5547453703703704 0.6352546296296296 0.05153356481481488 0.03270833333333343
1 0.5689525462962963 0.6644560185185184 0.04322916666666661 0.036359953703703596
0 0.3794560185185185 0.4970138888888889 0.04618055555555554 0.03410879629629626
0 0.3366898148148148 0.506076388888889 0.04701967592592595 0.03491319444444443
0 0.3258391203703704 0.5367997685185185 0.04840856481481479 0.032615740740740765
0 0.2576099537037037 0.5318055555555555 0.051417824074074046 0.03114583333333325
0 0.2925636574074074 0.5440219907407406 0.04311342592592595 0.034797453703703594
0 0.17725694444444445 0.5536747685185185 0.050144675925925905 0.03500578703703709
0 0.14366319444444442 0.5757175925925926 0.04499421296296298 0.028616898148148096
0 0.14638310185185185 0.6021412037037037 0.04719328703703703 0.037256944444444426
0 0.17919560185185185 0.5801215277777778 0.047974537037037024 0.037280092592592594
0 0.21299189814814815 0.5658680555555555 0.04383680555555554 0.034039351851851765
0 0.2478298611111111 0.558599537037037 0.04143518518518521 0.03318865740740744
0 0.23156828703703702 0.5887037037037037 0.05104166666666661 0.03659143518518526
0 0.2780960648148148 0.5709548611111112 0.05104166666666661 0.03659143518518526
0 0.30092592592592593 0.5889872685185186 0.04149305555555553 0.03396990740740726
0 0.36733217592592593 0.5238773148148148 0.04719328703703703 0.037256944444444426
0 0.4031828703703704 0.5134606481481482 0.04166666666666678 0.03631365740740726
0 0.3636863425925926 0.5520486111111111 0.045515046296296366 0.035648148148148096
0 0.39701967592592596 0.5440451388888888 0.04719328703703703 0.037256944444444426
0 0.43625578703703705 0.5405439814814815 0.046788194444444466 0.03178819444444443
0 0.4454282407407407 0.5114293981481481 0.04774305555555554 0.0341550925925926
0 0.48165509259259254 0.5064583333333333 0.043605324074074046 0.030914351851851762
0 0.4695891203703704 0.5325405092592592 0.047511574074074046 0.031030092592592595
0 0.4607060185185185 0.5577488425925926 0.04612268518518512 0.033327546296296265
0 0.5127314814814815 0.5289236111111111 0.04690393518518512 0.033350694444444426
0 0.520457175925926 0.49829282407407405 0.044068287037037024 0.03716435185185176
0 0.6446759259259259 0.4314699074074074 0.048813657407407264 0.03808449074074076
0 0.6117766203703704 0.42309027777777775 0.04210069444444429 0.031649305555555604
0 0.5655381944444444 0.45798032407407413 0.04293981481481488 0.032453703703703596
0 0.5337384259259259 0.4768518518518519 0.04545717592592595 0.0348668981481481
0 0.6723668981481481 0.4680671296296296 0.04484953703703702 0.03718749999999993
0 0.6869212962962964 0.4925810185185185 0.05590277777777786 0.03907407407407391
0 0.6758391203703704 0.5264293981481482 0.05115740740740726 0.03815393518518526
0 0.6529224537037037 0.5621875 0.04438657407407405 0.03093749999999993
0 0.696585648148148 0.5725868055555555 0.04641203703703702 0.037233796296296265
0 0.6863425925925926 0.605630787037037 0.04641203703703702 0.037233796296296265
0 0.6380208333333334 0.6055034722222222 0.04768518518518512 0.033373842592592594
0 0.6682581018518519 0.6287731481481481 0.04467592592592595 0.03484374999999993
0 0.6558738425925925 0.5854861111111112 0.04024884259259274 0.027696759259259275
0 0.6203993055555556 0.6644907407407408 0.05306712962962958 0.042887731481481596
0 0.5978587962962962 0.6425520833333334 0.044791666666666605 0.03640624999999993
0 0.6342013888888889 0.6360185185185185 0.038425925925925954 0.034658564814814954
0 0.6615451388888889 0.656255787037037 0.05060763888888893 0.0412557870370371
0 0.6989004629629629 0.646574074074074 0.044791666666666785 0.03640624999999993
0 0.44765625 0.6602546296296297 0.04791666666666661 0.0364988425925926
0 0.4803530092592593 0.6608449074074073 0.04270833333333339 0.029328703703703597
0 0.5069155092592592 0.6811053240740741 0.03987268518518512 0.03314236111111111
0 0.5304398148148148 0.7108101851851851 0.04673032407407405 0.031006944444444427
0 0.5722511574074074 0.7041145833333333 0.046238425925925954 0.03489004629629626
0 0.5938368055555555 0.7284201388888889 0.04629629629629619 0.035671296296296263
0 0.5517361111111111 0.7390219907407407 0.047077546296296194 0.03569444444444443
0 0.5165219907407408 0.7408449074074074 0.04076967592592595 0.03472800925925927
0 0.47589699074074077 0.7420486111111111 0.049710648148148094 0.03967013888888893
0 0.49366319444444445 0.7126793981481482 0.047135416666666784 0.03647569444444443
0 0.47520254629629627 0.68828125 0.04701967592592595 0.03491319444444443
0 0.4605034722222222 0.7183391203703703 0.05031828703703702 0.0373495370370371
0 0.43608217592592596 0.6902199074074075 0.03674768518518512 0.03304976851851862
0 0.4148148148148148 0.7142361111111111 0.05193865740740744 0.03817708333333343
0 0.3994502314814815 0.7427546296296297 0.050144675925925954 0.03500578703703709
0 0.4399016203703704 0.743894675925926 0.03686342592592595 0.03461226851851862
0 0.45572916666666663 0.7722685185185185 0.045949074074074045 0.030983796296296263
0 0.49803240740740745 0.7694560185185185 0.04936342592592595 0.03498263888888893
0 0.36310763888888886 0.7282407407407407 0.04328703703703703 0.03714120370370377
0 0.38347800925925923 0.7058101851851852 0.046238425925925954 0.03489004629629626
0 0.4067708333333334 0.6754976851851853 0.04791666666666679 0.0364988425925926
0 0.4176793981481481 0.6439930555555555 0.046238425925925954 0.03489004629629626
0 0.4330439814814815 0.6154745370370371 0.043894675925925955 0.03482060185185176
0 0.4603877314814815 0.6357118055555555 0.04432870370370381 0.03015624999999993
0 0.4515914351851852 0.5860821759259259 0.04641203703703702 0.037233796296296265
0 0.40876736111111106 0.5959259259259259 0.04936342592592595 0.03498263888888893
0 0.42022569444444446 0.5675231481481482 0.04829282407407405 0.031053240740740763
0 0.3817708333333333 0.5710011574074074 0.04875578703703702 0.03730324074074076
0 0.3444733796296296 0.5799016203703704 0.04181134259259256 0.027743055555555608
0 0.33402777777777776 0.6051562500000001 0.04528356481481479 0.03252314814814809
0 0.36785300925925923 0.6010358796296297 0.03920717592592595 0.03468171296296294
0 0.3965856481481482 0.6235706018518519 0.04719328703703703 0.037256944444444426
0 0.3565104166666667 0.6278761574074074 0.043894675925925955 0.03482060185185176
0 0.38055555555555554 0.6505497685185185 0.04641203703703702 0.037233796296296265
0 0.3432581018518518 0.6594502314814814 0.046961805555555534 0.03413194444444443
0 0.36507523148148147 0.6806307870370369 0.04846643518518512 0.03339699074074076
0 0.33622685185185186 0.7017534722222223 0.05237268518518521 0.033512731481481595
0 0.29473379629629626 0.7146759259259259 0.05601851851851851 0.04063657407407391
0 0.32676504629629627 0.7347743055555556 0.04641203703703702 0.037233796296296265
0 0.3058738425925926 0.7642361111111111 0.04785879629629628 0.03571759259259259
0 0.2740451388888889 0.6887847222222222 0.05066550925925926 0.042037037037037095
0 0.3130208333333333 0.678275462962963 0.04803240740740744 0.0380613425925926
0 0.25167824074074074 0.6645023148148148 0.056192129629629585 0.04298032407407408
0 0.29065393518518523 0.6539930555555555 0.05572916666666661 0.03673032407407408
0 0.31765046296296295 0.6368229166666667 0.04557291666666661 0.03642939814814809
0 0.2940393518518518 0.6188136574074073 0.04701967592592595 0.03491319444444443
0 0.2605324074074074 0.6291608796296296 0.05613425925925926 0.04219907407407408
0 0.2234085648148148 0.6357175925925926 0.047366898148148096 0.03960069444444443
0 0.19892939814814814 0.6083796296296297 0.053443287037037025 0.03744212962962958
2 0.09583333333333334 0.5794733796296296 0.047974537037037045 0.037280092592592594
2 0.09406828703703704 0.6138252314814815 0.052604166666666674 0.03663773148148142
2 0.15078125 0.6480034722222221 0.044068287037037024 0.03716435185185176
2 0.19583333333333333 0.6607002314814815 0.04545717592592591 0.0348668981481481
2 0.16001157407407407 0.68125 0.0542824074074074 0.03824652777777775
2 0.18052662037037037 0.7094849537037037 0.05367476851851851 0.040567129629629585
2 0.14658564814814815 0.7362152777777778 0.060821759259259256 0.042337962962962904
2 0.1994212962962963 0.7385474537037038 0.05234375 0.043645833333333425
2 0.23000578703703703 0.7150347222222223 0.045804398148148094 0.039554398148148096
2 0.20925925925925926 0.6899247685185185 0.04629629629629628 0.035671296296296263
2 0.2077835648148148 0.5309432870370371 0.04881365740740744 0.03808449074074076
2 0.17256944444444444 0.51171875 0.0480324074074074 0.0380613425925926
2 0.2206886574074074 0.504056712962963 0.0494791666666667 0.036545138888888926
2 0.26255787037037037 0.49657986111111113 0.04690393518518521 0.033350694444444426
2 0.3010127314814815 0.49310185185185185 0.04082754629629637 0.035509259259259275
2 0.41030092592592593 0.4805092592592592 0.042332175925925954 0.034774305555555426
2 0.445630787037037 0.4771238425925926 0.04484953703703702 0.03718749999999993
2 0.48162615740740744 0.4752777777777778 0.03686342592592595 0.03461226851851862
2 0.5554398148148149 0.43645254629629626 0.03903356481481488 0.03233796296296312
2 0.5817997685185186 0.4278761574074075 0.029427083333333392 0.02893518518518512
2 0.6291377314814814 0.3781423611111111 0.04618055555555554 0.03410879629629626
2 0.657175925925926 0.3890046296296296 0.044068287037037024 0.03716435185185185
2 0.6881076388888889 0.40289930555555553 0.04629629629629619 0.035671296296296263
2 0.7307002314814814 0.4172280092592592 0.05231481481481488 0.0327314814814816
2 0.6890335648148149 0.432494212962963 0.04629629629629619 0.035671296296296263
2 0.7145543981481481 0.4457696759259259 0.05500578703703703 0.03748842592592592
2 0.7171585648148149 0.473755787037037 0.04372106481481488 0.032476851851851764
2 0.7526041666666666 0.4688078703703704 0.043894675925925955 0.03482060185185176
2 0.7495659722222222 0.4992997685185186 0.05008680555555554 0.034224537037037095
2 0.7307581018518519 0.5216840277777777 0.044039351851851906 0.02624999999999993
2 0.7280092592592593 0.5482696759259259 0.04701967592592595 0.03491319444444443
2 0.724855324074074 0.6224189814814814 0.047974537037037024 0.037280092592592594
2 0.6935185185185185 0.6771354166666667 0.04450231481481488 0.03249999999999993
2 0.6536458333333334 0.6892303240740741 0.04840856481481488 0.032615740740740765
2 0.6180844907407408 0.6957407407407408 0.049131944444444464 0.03185763888888893
2 0.638454861111111 0.7154050925925926 0.053009259259259166 0.04210648148148142
2 0.6839409722222223 0.71171875 0.04875578703703702 0.03730324074074076
2 0.6228587962962963 0.7680960648148148 0.05289351851851851 0.04054398148148142
2 0.5813078703703705 0.7817997685185185 0.052459490740740834 0.04520833333333343
2 0.5394965277777778 0.7884953703703703 0.05066550925925935 0.042037037037037095
2 0.49450231481481477 0.7960648148148148 0.049131944444444464 0.03185763888888893
2 0.45063657407407404 0.7989236111111111 0.04924768518518512 0.03342013888888893
2 0.41186342592592595 0.7961747685185185 0.04982638888888893 0.04123263888888893
2 0.38049768518518523 0.7776157407407407 0.050549768518518515 0.040474537037037094
2 0.3394386574074074 0.7741550925925926 0.04256365740740744 0.03789930555555543
2 0.4217013888888889 0.7685995370370371 0.036082175925925955 0.03458912037037045
2 0.2453414351851852 0.739525462962963 0.04713541666666661 0.03647569444444443
2 0.26446759259259256 0.765462962962963 0.04334490740740744 0.0379224537037036
2 0.28990162037037037 0.7904340277777777 0.053616898148148184 0.03978587962962976
2 0.28634259259259254 0.7437673611111111 0.04661458333333339 0.02944444444444443