1 0.665625 0.77890625 0.015625 0.0140625
1 0.68046875 0.778125 0.01640625 0.0125
1 0.67265625 0.76875 0.015625 0.0125
1 0.66953125 0.7546875 0.01953125 0.0140625
1 0.68515625 0.759375 0.01640625 0.0140625
1 0.66015625 0.74375 0.0171875 0.0125
1 0.67734375 0.74609375 0.015625 0.01328125
1 0.659375 0.7296875 0.015625 0.0109375
1 0.67421875 0.73203125 0.015625 0.0125
1 0.66953125 0.71875 0.01640625 0.01171875
1 0.65 0.71875 0.015625 0.0125
1 0.65859375 0.70859375 0.01953125 0.0125
1 0.64453125 0.70234375 0.01796875 0.01328125
1 0.65625 0.69453125 0.01875 0.0140625
1 0.6390625 0.68984375 0.01640625 0.0140625
1 0.65625 0.68203125 0.01953125 0.01328125
1 0.63828125 0.6765625 0.01484375 0.01015625
1 0.653125 0.66875 0.01640625 0.01328125
1 0.63125 0.66484375 0.01953125 0.0125
1 0.6453125 0.6578125 0.01640625 0.0109375
1 0.6265625 0.65390625 0.0171875 0.01171875
1 0.61484375 0.6484375 0.01640625 0.009375
1 0.64375 0.64765625 0.01484375 0.01171875
1 0.66171875 0.64140625 0.01484375 0.00859375
1 0.65703125 0.6328125 0.015625 0.009375
1 0.62421875 0.5671875 0.01796875 0.0125
1 0.64296875 0.5734375 0.0140625 0.01171875
1 0.64140625 0.5875 0.01796875 0.0125
1 0.65703125 0.5890625 0.01640625 0.0109375
1 0.64765625 0.59765625 0.0140625 0.0125
1 0.63125 0.5984375 0.01796875 0.0109375
1 0.65390625 0.62109375 0.01953125 0.0125
1 0.67109375 0.62421875 0.01484375 0.0125
1 0.66484375 0.6140625 0.01484375 0.0109375
1 0.6265625 0.640625 0.01953125 0.0109375
1 0.63046875 0.62734375 0.01796875 0.0125
1 0.64296875 0.6359375 0.01796875 0.0125
1 0.609375 0.56171875 0.01953125 0.01328125
1 0.62265625 0.55625 0.01640625 0.0125
1 0.5953125 0.5546875 0.015625 0.01171875
1 0.5984375 0.56796875 0.01640625 0.01171875
1 0.6203125 0.51953125 0.01953125 0.0140625
1 0.61875 0.5078125 0.0171875 0.0140625
1 0.6125 0.475 0.01484375 0.01328125
1 0.58671875 0.47109375 0.01796875 0.0125
1 0.53671875 0.46015625 0.01640625 0.01328125
1 0.52578125 0.4546875 0.01640625 0.0125
1 0.59765625 0.5046875 0.02109375 0.015625
1 0.6 0.49296875 0.01796875 0.0125
0 0.72421875 0.8078125 0.0203125 0.0140625
0 0.71015625 0.7953125 0.02421875 0.0171875
0 0.6796875 0.79375 0.02265625 0.01875
0 0.6953125 0.7875 0.01953125 0.01640625
0 0.70625 0.7765625 0.02265625 0.01640625
0 0.70078125 0.76328125 0.0171875 0.01640625
0 0.66015625 0.7921875 0.02421875 0.01640625
0 0.65 0.77890625 0.02109375 0.01484375
0 0.64921875 0.765625 0.02265625 0.0171875
0 0.63984375 0.7546875 0.01953125 0.0171875
0 0.640625 0.740625 0.02109375 0.015625
0 0.6921875 0.75234375 0.01875 0.01328125
0 0.6890625 0.73984375 0.01796875 0.0140625
0 0.63515625 0.728125 0.02109375 0.01328125
0 0.6328125 0.71484375 0.01640625 0.0125
0 0.6859375 0.728125 0.0140625 0.0125
0 0.628125 0.7015625 0.01953125 0.015625
0 0.67578125 0.6703125 0.01796875 0.01484375
0 0.67421875 0.6828125 0.01875 0.01640625
0 0.67265625 0.696875 0.01796875 0.01328125
0 0.67890625 0.70703125 0.01953125 0.01484375
0 0.6171875 0.6796875 0.02578125 0.0171875
0 0.59921875 0.6578125 0.02109375 0.015625
0 0.61328125 0.66484375 0.02265625 0.01640625
0 0.675 0.6578125 0.02265625 0.01484375
0 0.6625 0.6484375 0.02265625 0.015625
0 0.6828125 0.6421875 0.02265625 0.0171875
0 0.59921875 0.6453125 0.01953125 0.01484375
0 0.6 0.63359375 0.021875 0.015625
0 0.60546875 0.615625 0.01953125 0.015625
0 0.61328125 0.6265625 0.0203125 0.015625
0 0.68203125 0.628125 0.0171875 0.015625
0 0.69375 0.61796875 0.0203125 0.01796875
0 0.69140625 0.60703125 0.0203125 0.015625
0 0.68671875 0.59453125 0.021875 0.01484375
0 0.6171875 0.60546875 0.02421875 0.01796875
0 0.61015625 0.59609375 0.02109375 0.0140625
0 0.6046875 0.58046875 0.01640625 0.0171875
0 0.6234375 0.5828125 0.0203125 0.01796875
0 0.57734375 0.57734375 0.021875 0.0140625
0 0.5828125 0.5625 0.02109375 0.0140625
0 0.65390625 0.56796875 0.01953125 0.01484375
0 0.6703125 0.57265625 0.01796875 0.01484375
0 0.684375 0.5734375 0.01484375 0.015625
0 0.696875 0.58046875 0.01953125 0.015625
0 0.6515625 0.55078125 0.01953125 0.01484375
0 0.56796875 0.509375 0.02265625 0.015625
0 0.5796875 0.528125 0.01953125 0.01484375
0 0.5953125 0.53671875 0.01953125 0.0140625
0 0.6390625 0.5390625 0.01953125 0.01328125
0 0.63671875 0.52734375 0.0171875 0.01328125
0 0.6078125 0.5421875 0.01875 0.01640625
0 0.55625 0.4828125 0.015625 0.015625
0 0.56484375 0.465625 0.02109375 0.01484375
0 0.55 0.47265625 0.01953125 0.01640625
0 0.571875 0.4765625 0.02265625 0.015625
0 0.56484375 0.4515625 0.02421875 0.015625
0 0.5515625 0.44140625 0.0171875 0.01328125
0 0.50390625 0.46328125 0.01953125 0.0140625
0 0.52265625 0.46484375 0.01875 0.01328125
1 0.50546875 0.446875 0.01875 0.01484375
1 0.48203125 0.4234375 0.02109375 0.015625
1 0.50078125 0.425 0.01484375 0.01328125
1 0.49296875 0.43359375 0.02109375 0.015625
1 0.49765625 0.415625 0.01796875 0.0125
0 0.52578125 0.43515625 0.02109375 0.0171875
0 0.51875 0.40078125 0.01796875 0.0140625
0 0.60078125 0.44609375 0.02578125 0.01875
0 0.52265625 0.4140625 0.01953125 0.01484375
0 0.5 0.40234375 0.02109375 0.01640625
0 0.49765625 0.38671875 0.01796875 0.0140625
0 0.509375 0.39453125 0.01875 0.0171875
0 0.4890625 0.4578125 0.01875 0.015625
0 0.62890625 0.4890625 0.015625 0.0125
0 0.6359375 0.50546875 0.01953125 0.015625
0 0.48125 0.4421875 0.021875 0.01640625
2 0.7453125 0.8171875 0.02578125 0.01953125
2 0.70234375 0.8171875 0.0234375 0.01875
2 0.68359375 0.809375 0.02421875 0.01796875
2 0.66015625 0.80390625 0.02421875 0.01640625
2 0.6421875 0.79453125 0.02265625 0.015625
2 0.6296875 0.78671875 0.02734375 0.01875
2 0.628125 0.7734375 0.025 0.0203125
2 0.7296875 0.7765625 0.02265625 0.0171875
2 0.7375 0.790625 0.02421875 0.01640625
2 0.70703125 0.74140625 0.01953125 0.01640625
2 0.628125 0.76015625 0.01953125 0.01484375
2 0.62578125 0.74453125 0.01875 0.01796875
2 0.709375 0.7546875 0.021875 0.0171875
2 0.69609375 0.721875 0.02265625 0.015625
2 0.690625 0.69609375 0.01953125 0.01484375
2 0.690625 0.6828125 0.0234375 0.0171875
2 0.70625 0.640625 0.02109375 0.015625
2 0.721875 0.62890625 0.021875 0.01875
2 0.7015625 0.6265625 0.021875 0.01484375
2 0.60390625 0.6875 0.02421875 0.015625
2 0.5890625 0.67109375 0.02265625 0.01640625
2 0.58359375 0.64453125 0.02109375 0.015625
2 0.584375 0.659375 0.01875 0.01484375
2 0.58515625 0.6328125 0.01640625 0.01796875
2 0.58828125 0.6078125 0.021875 0.01484375
2 0.59140625 0.61953125 0.02265625 0.0140625
2 0.58359375 0.5984375 0.0234375 0.01796875
2 0.56484375 0.590625 0.0234375 0.0171875
2 0.559375 0.57734375 0.021875 0.01640625
2 0.5625 0.565625 0.0234375 0.01640625
2 0.7125 0.6078125 0.02109375 0.015625
2 0.70625 0.59609375 0.02265625 0.01796875
2 0.7203125 0.58671875 0.02109375 0.01484375
2 0.7203125 0.57421875 0.02421875 0.015625
2 0.709375 0.5640625 0.02421875 0.0171875
2 0.69140625 0.5578125 0.02421875 0.015625
2 0.6765625 0.5515625 0.02421875 0.01640625
2 0.57265625 0.55078125 0.025 0.01640625
2 0.57265625 0.53828125 0.02265625 0.0140625
2 0.6515625 0.5375 0.02109375 0.01796875
2 0.64375 0.490625 0.01875 0.015625
2 0.5546875 0.49765625 0.02109375 0.01171875
2 0.5421875 0.4890625 0.01640625 0.01640625
2 0.63515625 0.46640625 0.01953125 0.0125
2 0.6390625 0.478125 0.01953125 0.0140625
2 0.521875 0.4765625 0.02109375 0.015625
2 0.50078125 0.475 0.02109375 0.01484375
2 0.48203125 0.471875 0.02109375 0.0140625
2 0.4765625 0.4578125 0.01796875 0.01484375
2 0.45546875 0.4390625 0.01875 0.0171875
2 0.46015625 0.41484375 0.015625 0.01484375
2 0.465625 0.42734375 0.01640625 0.01640625
2 0.48359375 0.3890625 0.02109375 0.01640625
0 0.48359375 0.40625 0.02109375 0.015625