1 0.7859375 0.56328125 0.0265625 0.01875
1 0.784375 0.58046875 0.02734375 0.01875
1 0.80234375 0.57734375 0.02109375 0.015625
1 0.79453125 0.59140625 0.01953125 0.01484375
1 0.77734375 0.609375 0.02421875 0.01875
1 0.7015625 0.5875 0.02265625 0.0171875
1 0.69921875 0.57265625 0.02109375 0.01640625
1 0.71953125 0.58046875 0.02109375 0.0140625
1 0.6828125 0.58203125 0.01953125 0.015625
1 0.709375 0.60078125 0.02109375 0.0171875
1 0.62890625 0.56015625 0.02265625 0.015625
1 0.646875 0.5546875 0.02265625 0.0171875
1 0.64609375 0.54140625 0.02109375 0.01484375
1 0.634375 0.51796875 0.02265625 0.01875
0 0.365625 0.42734375 0.01875 0.0140625
0 0.365625 0.44140625 0.01953125 0.0140625
0 0.378125 0.43125 0.01796875 0.01484375
0 0.396875 0.43515625 0.01875 0.015625
0 0.38046875 0.44609375 0.01953125 0.0140625
0 0.39765625 0.4484375 0.0171875 0.0171875
0 0.3671875 0.4546875 0.01953125 0.01484375
0 0.35 0.45625 0.02109375 0.01796875
0 0.36640625 0.46640625 0.01796875 0.01640625
0 0.38125 0.4734375 0.01796875 0.01796875
0 0.3828125 0.46015625 0.0171875 0.015625
0 0.3984375 0.46171875 0.01796875 0.01484375
0 0.39921875 0.47578125 0.01796875 0.01484375
0 0.4140625 0.465625 0.01875 0.01484375
0 0.41171875 0.4546875 0.01796875 0.015625
0 0.42421875 0.44296875 0.01875 0.01484375
0 0.42890625 0.43203125 0.01953125 0.01484375
0 0.44375 0.4234375 0.02109375 0.015625
0 0.46171875 0.42890625 0.01953125 0.01484375
0 0.4421875 0.4375 0.01953125 0.015625
0 0.45859375 0.4421875 0.01640625 0.015625
0 0.44140625 0.45078125 0.021875 0.0140625
0 0.4296875 0.45859375 0.01953125 0.015625
0 0.4453125 0.46484375 0.0203125 0.0140625
0 0.42890625 0.47265625 0.01875 0.015625
0 0.4140625 0.4796875 0.01875 0.015625
0 0.41640625 0.49375 0.0203125 0.01328125
0 0.43125 0.48515625 0.01796875 0.01328125
0 0.43203125 0.4984375 0.01875 0.0140625
0 0.41640625 0.50546875 0.01796875 0.01484375
0 0.43203125 0.5125 0.01953125 0.0140625
0 0.44921875 0.50625 0.01953125 0.0140625
0 0.44609375 0.4921875 0.01796875 0.01484375
0 0.44453125 0.478125 0.01796875 0.015625
0 0.46015625 0.471875 0.01875 0.01484375
0 0.459375 0.4578125 0.01796875 0.01640625
0 0.47265625 0.45 0.0203125 0.01484375
0 0.4921875 0.4515625 0.01875 0.01640625
0 0.50703125 0.45625 0.01875 0.01640625
0 0.52265625 0.46171875 0.021875 0.015625
0 0.47421875 0.4640625 0.01875 0.01640625
0 0.49140625 0.465625 0.01953125 0.01796875
0 0.50859375 0.471875 0.01953125 0.01640625
0 0.5234375 0.47578125 0.01953125 0.0140625
0 0.521875 0.490625 0.0203125 0.01640625
0 0.50625 0.484375 0.01796875 0.01796875
0 0.490625 0.48203125 0.0203125 0.01640625
0 0.47578125 0.4765625 0.01875 0.015625
0 0.46171875 0.484375 0.01953125 0.01484375
0 0.475 0.4921875 0.01796875 0.0140625
0 0.4625 0.4984375 0.01953125 0.015625
0 0.4765625 0.5046875 0.01953125 0.015625
0 0.490625 0.49609375 0.01953125 0.01484375
0 0.54140625 0.5 0.02109375 0.01640625
0 0.5078125 0.49921875 0.02265625 0.015625
0 0.4921875 0.51171875 0.01796875 0.01484375
0 0.47578125 0.51796875 0.01953125 0.01484375
0 0.4625 0.51171875 0.01796875 0.015625
0 0.44609375 0.5203125 0.0203125 0.015625
0 0.4625 0.5265625 0.01796875 0.01484375
0 0.475 0.53359375 0.021875 0.01484375
0 0.48828125 0.52578125 0.02109375 0.01640625
0 0.50390625 0.5171875 0.01796875 0.01484375
0 0.51796875 0.509375 0.021875 0.015625
0 0.51640625 0.5265625 0.01796875 0.0171875
0 0.53203125 0.53359375 0.01796875 0.015625
0 0.5171875 0.54140625 0.021875 0.0125
0 0.5046875 0.5328125 0.015625 0.01640625
0 0.5046875 0.54921875 0.01484375 0.01640625
0 0.50859375 0.5625 0.01875 0.0140625
0 0.525 0.56640625 0.0140625 0.0140625
0 0.51953125 0.553125 0.02109375 0.0171875
0 0.53515625 0.546875 0.02109375 0.01328125
0 0.5390625 0.5578125 0.02109375 0.0171875
0 0.53984375 0.57109375 0.0203125 0.01484375
0 0.55234375 0.565625 0.0203125 0.0140625
0 0.55234375 0.5515625 0.02109375 0.01640625
0 0.546875 0.5390625 0.02109375 0.01484375
0 0.54375 0.5265625 0.0234375 0.01484375
0 0.54609375 0.5109375 0.02265625 0.01328125
0 0.53046875 0.51953125 0.0203125 0.0171875
0 0.5640625 0.5234375 0.0203125 0.0140625
0 0.565625 0.509375 0.02109375 0.015625
0 0.5609375 0.496875 0.0203125 0.015625
0 0.5765625 0.49140625 0.02109375 0.01640625
0 0.59453125 0.4859375 0.01953125 0.01484375
0 0.5953125 0.4984375 0.0203125 0.015625
0 0.58046875 0.50546875 0.0203125 0.015625
0 0.5796875 0.51796875 0.021875 0.015625
0 0.59921875 0.51328125 0.01875 0.01640625
0 0.5671875 0.534375 0.021875 0.01640625
0 0.58046875 0.5296875 0.02109375 0.01328125
0 0.6 0.5265625 0.0203125 0.01328125
0 0.60234375 0.53828125 0.01953125 0.015625
0 0.584375 0.5421875 0.02109375 0.01484375
0 0.5703125 0.54765625 0.01953125 0.01328125
0 0.571875 0.559375 0.02109375 0.015625
0 0.5890625 0.5546875 0.01953125 0.0140625
0 0.6046875 0.5515625 0.01953125 0.0140625
0 0.62265625 0.54765625 0.02109375 0.0140625
0 0.61796875 0.53515625 0.02109375 0.0140625
0 0.61171875 0.52265625 0.01953125 0.0140625
0 0.6125 0.51015625 0.0203125 0.01328125
0 0.61171875 0.49609375 0.01796875 0.01640625
0 0.628125 0.5015625 0.01796875 0.01640625
0 0.64296875 0.5078125 0.01796875 0.01796875
0 0.6390625 0.49296875 0.01953125 0.01640625
0 0.55234375 0.578125 0.02109375 0.0140625
0 0.56796875 0.571875 0.01875 0.01484375
0 0.57734375 0.58203125 0.0203125 0.015625
0 0.5953125 0.57890625 0.02265625 0.0171875
0 0.58671875 0.56796875 0.01953125 0.01640625
0 0.603125 0.5640625 0.0234375 0.01328125
0 0.61484375 0.5734375 0.0203125 0.015625
0 0.60625 0.5875 0.02421875 0.01484375
0 0.6265625 0.58359375 0.0203125 0.015625
0 0.621875 0.59609375 0.02109375 0.0140625
0 0.63828125 0.59375 0.02109375 0.01640625
0 0.6421875 0.58046875 0.02109375 0.01640625
0 0.64140625 0.56796875 0.01796875 0.01484375
0 0.65859375 0.571875 0.01875 0.015625
0 0.675 0.5671875 0.021875 0.01484375
0 0.67265625 0.553125 0.02109375 0.01640625
0 0.66875 0.53984375 0.01875 0.015625
0 0.66640625 0.52421875 0.01875 0.015625
0 0.659375 0.51171875 0.01953125 0.01484375
0 0.68203125 0.52890625 0.0171875 0.01640625
0 0.7 0.53046875 0.0203125 0.01640625
0 0.68046875 0.515625 0.02265625 0.0171875
0 0.671875 0.50078125 0.0234375 0.02109375
0 0.65703125 0.49765625 0.02109375 0.01875
0 0.6859375 0.5453125 0.01875 0.01484375
0 0.690625 0.55859375 0.0171875 0.015625
0 0.65703125 0.5859375 0.01953125 0.0140625
0 0.65703125 0.5984375 0.01953125 0.015625
0 0.671875 0.59375 0.02109375 0.0140625
0 0.6703125 0.61875 0.02109375 0.01640625
0 0.6703125 0.60625 0.02109375 0.015625
0 0.73046875 0.52890625 0.02265625 0.01796875
0 0.71875 0.53984375 0.01875 0.0171875
0 0.70234375 0.55 0.0203125 0.015625
0 0.70546875 0.5640625 0.01953125 0.01328125
0 0.7203125 0.56796875 0.0203125 0.0140625
0 0.721875 0.5546875 0.01875 0.0171875
0 0.7375 0.54609375 0.0203125 0.01640625
0 0.75234375 0.55234375 0.01796875 0.01640625
0 0.73671875 0.56015625 0.01875 0.015625
0 0.7515625 0.5671875 0.02109375 0.0140625
0 0.73828125 0.575 0.01796875 0.0140625
0 0.7359375 0.58828125 0.01875 0.0140625
0 0.72109375 0.59375 0.01640625 0.0125
0 0.7390625 0.6015625 0.01875 0.01484375
0 0.753125 0.59453125 0.01953125 0.01484375
0 0.75390625 0.58046875 0.01875 0.015625
0 0.7671875 0.58671875 0.01875 0.0140625
0 0.76953125 0.57265625 0.0203125 0.015625
0 0.76640625 0.5578125 0.01796875 0.01484375
0 0.77734375 0.54921875 0.02109375 0.01484375
0 0.7828125 0.52734375 0.02265625 0.0171875
0 0.79375 0.53671875 0.02421875 0.0171875
0 0.8109375 0.54296875 0.0203125 0.0171875
0 0.7953125 0.55078125 0.0203125 0.01484375
0 0.8078125 0.559375 0.02578125 0.0203125
0 0.81640625 0.57265625 0.01796875 0.01328125
0 0.6875 0.6015625 0.01953125 0.015625
0 0.6875 0.61328125 0.02109375 0.01640625
0 0.72109375 0.6203125 0.0234375 0.015625
0 0.71171875 0.6296875 0.0203125 0.01328125
0 0.7390625 0.61484375 0.02109375 0.0140625
0 0.7421875 0.6265625 0.0203125 0.015625
0 0.7578125 0.62109375 0.021875 0.0140625
0 0.75546875 0.609375 0.0203125 0.01484375
0 0.7734375 0.62734375 0.02265625 0.0171875
0 0.78828125 0.63515625 0.021875 0.01484375
0 0.7875 0.61953125 0.01953125 0.0140625
0 0.80234375 0.62734375 0.0234375 0.01640625
0 0.821875 0.62265625 0.02109375 0.01796875
0 0.80703125 0.6140625 0.021875 0.0171875
0 0.8203125 0.603125 0.02421875 0.01640625
0 0.83359375 0.58984375 0.021875 0.01796875
0 0.81796875 0.58671875 0.01875 0.015625
0 0.8046875 0.5984375 0.0171875 0.0125
2 0.8609375 0.63125 0.01640625 0.015625
2 0.87421875 0.62890625 0.0171875 0.01484375
2 0.878125 0.64296875 0.0203125 0.0171875
2 0.8625 0.6453125 0.01796875 0.015625
2 0.853125 0.66484375 0.025 0.0171875
2 0.8125 0.665625 0.025 0.01640625
2 0.821875 0.65859375 0.02265625 0.01640625
2 0.83046875 0.64609375 0.02109375 0.015625
2 0.8484375 0.640625 0.0203125 0.01875
2 0.8484375 0.6265625 0.02109375 0.015625
2 0.853125 0.61640625 0.01953125 0.01328125
2 0.86640625 0.61015625 0.01953125 0.0171875
2 0.88359375 0.61171875 0.0203125 0.015625
2 0.8890625 0.6203125 0.021875 0.01640625
2 0.88671875 0.60078125 0.0234375 0.0140625
2 0.88359375 0.5875 0.02265625 0.01484375
2 0.8734375 0.59453125 0.02109375 0.01328125
2 0.85546875 0.6 0.02265625 0.01328125
2 0.84609375 0.61015625 0.02109375 0.0140625
2 0.83125 0.6328125 0.01953125 0.01328125
2 0.81640625 0.6390625 0.02109375 0.0140625
2 0.80625 0.64921875 0.0203125 0.015625
2 0.79140625 0.65703125 0.021875 0.015625
2 0.78828125 0.6453125 0.02109375 0.01171875
2 0.77265625 0.65078125 0.02109375 0.015625
2 0.75390625 0.64375 0.02265625 0.01484375
2 0.7359375 0.6375 0.02109375 0.0140625
2 0.7265625 0.6421875 0.01796875 0.01328125
2 0.7359375 0.65078125 0.0234375 0.0140625
2 0.85390625 0.57265625 0.02109375 0.01484375
2 0.871875 0.575 0.02109375 0.0140625
2 0.8625 0.5859375 0.0171875 0.01328125
2 0.84453125 0.5796875 0.02265625 0.01484375
2 0.8515625 0.5515625 0.02109375 0.015625
2 0.84140625 0.5640625 0.02109375 0.0140625
2 0.82578125 0.5578125 0.01953125 0.01484375
2 0.83515625 0.546875 0.01953125 0.0140625
2 0.8390625 0.534375 0.02421875 0.01484375
2 0.828125 0.5234375 0.0234375 0.0171875
2 0.8140625 0.52890625 0.02421875 0.01640625
2 0.80859375 0.515625 0.0234375 0.015625
2 0.7875 0.5140625 0.02109375 0.015625
2 0.81328125 0.49375 0.0234375 0.01640625
2 0.7984375 0.5015625 0.02265625 0.0171875
2 0.78046875 0.49765625 0.021875 0.01796875
2 0.7703125 0.51015625 0.02109375 0.01640625
2 0.759375 0.521875 0.01953125 0.0140625
2 0.7640625 0.53359375 0.01953125 0.0140625
2 0.7546875 0.50625 0.02109375 0.01875
2 0.7390625 0.5015625 0.01953125 0.01796875
2 0.73828125 0.51796875 0.01953125 0.01484375
2 0.72265625 0.51171875 0.0203125 0.01640625
2 0.703125 0.50625 0.01953125 0.015625
2 0.70625 0.51875 0.02109375 0.01484375
2 0.68828125 0.503125 0.01796875 0.01484375
2 0.6734375 0.48515625 0.021875 0.01484375
2 0.6515625 0.478125 0.021875 0.0140625
2 0.6359375 0.48203125 0.01953125 0.01484375
2 0.65625 0.48828125 0.01796875 0.01328125
2 0.61953125 0.48828125 0.01953125 0.0140625
2 0.5828125 0.465625 0.01875 0.01328125
2 0.56640625 0.46171875 0.0203125 0.0171875
2 0.56953125 0.4734375 0.0203125 0.0140625
2 0.55 0.47265625 0.021875 0.01328125
2 0.55546875 0.48125 0.01875 0.01484375
2 0.5484375 0.459375 0.01953125 0.015625
2 0.53359375 0.45234375 0.01875 0.01484375
2 0.51796875 0.4453125 0.02109375 0.0140625
2 0.503125 0.43671875 0.01875 0.015625
2 0.4890625 0.4296875 0.02265625 0.01484375
2 0.4875 0.44140625 0.01875 0.0125
2 0.45 0.4046875 0.01875 0.0140625
2 0.4703125 0.4203125 0.0203125 0.01484375
2 0.43125 0.4078125 0.021875 0.01640625
2 0.4125 0.40546875 0.021875 0.015625
2 0.4203125 0.41796875 0.01953125 0.01328125
2 0.39375 0.409375 0.021875 0.01640625
2 0.39921875 0.421875 0.02109375 0.01484375
2 0.3765625 0.40625 0.01953125 0.015625
2 0.3640625 0.40078125 0.0203125 0.015625
2 0.34453125 0.39765625 0.0203125 0.0140625
2 0.33203125 0.40546875 0.01640625 0.01484375
2 0.34921875 0.41015625 0.01640625 0.01328125
2 0.36484375 0.41484375 0.01796875 0.01328125
2 0.3796875 0.4203125 0.01796875 0.0140625
2 0.34921875 0.42421875 0.0171875 0.015625
2 0.3359375 0.43125 0.0203125 0.015625
2 0.33359375 0.41875 0.01953125 0.01484375
2 0.31953125 0.42421875 0.01484375 0.015625
2 0.27421875 0.409375 0.02109375 0.0171875
2 0.290625 0.4015625 0.01796875 0.01640625
2 0.30703125 0.4 0.01875 0.0140625
2 0.31171875 0.4109375 0.0203125 0.015625
2 0.296875 0.41796875 0.0203125 0.01640625
2 0.31640625 0.4421875 0.021875 0.015625
2 0.3390625 0.44453125 0.01796875 0.0125
2 0.32265625 0.45390625 0.0203125 0.0140625
2 0.325 0.465625 0.021875 0.0125
2 0.33515625 0.475 0.01953125 0.01484375
2 0.32109375 0.484375 0.01875 0.01484375
2 0.3375 0.48671875 0.01796875 0.0125
2 0.34609375 0.4953125 0.021875 0.0140625
2 0.3546875 0.48515625 0.0171875 0.01328125
2 0.35390625 0.47421875 0.0171875 0.01484375
2 0.36953125 0.48125 0.01953125 0.0125
2 0.36875 0.49375 0.0234375 0.0140625
2 0.3890625 0.49296875 0.01953125 0.01328125
2 0.37109375 0.5046875 0.01953125 0.01328125
2 0.3890625 0.50390625 0.02265625 0.01484375
2 0.38828125 0.51796875 0.01875 0.01484375
2 0.40703125 0.51484375 0.0171875 0.01328125
2 0.41796875 0.5203125 0.01875 0.0140625
2 0.4515625 0.54609375 0.01875 0.01640625
2 0.4765625 0.54921875 0.01953125 0.01484375
2 0.48828125 0.55859375 0.01953125 0.015625
2 0.5140625 0.575 0.01875 0.01171875
2 0.5625 0.5859375 0.015625 0.015625
2 0.596875 0.5953125 0.0203125 0.015625
2 0.62890625 0.60546875 0.01875 0.0140625
2 0.64140625 0.61328125 0.01875 0.01484375
2 0.6859375 0.6296875 0.021875 0.0171875