1 0.41953125 0.578125 0.025 0.01953125
1 0.44375 0.57890625 0.0234375 0.01875
1 0.47890625 0.58984375 0.02890625 0.0171875
1 0.4625 0.584375 0.0203125 0.01796875
1 0.48984375 0.571875 0.02421875 0.01875
1 0.49609375 0.5859375 0.025 0.01953125
1 0.45390625 0.56015625 0.0171875 0.0171875
1 0.4640625 0.57109375 0.025 0.01875
1 0.47734375 0.56015625 0.021875 0.0140625
1 0.4734375 0.54453125 0.02421875 0.01796875
1 0.4546875 0.54296875 0.02265625 0.01640625
1 0.42734375 0.56171875 0.03046875 0.01953125
1 0.428125 0.53984375 0.025 0.01796875
1 0.4859375 0.5328125 0.02265625 0.0203125
1 0.51015625 0.5296875 0.021875 0.01953125
1 0.46484375 0.5203125 0.0234375 0.01640625
1 0.4390625 0.52734375 0.01953125 0.015625
1 0.45703125 0.53203125 0.0234375 0.01640625
1 0.45 0.509375 0.02265625 0.01875
1 0.475 0.50625 0.025 0.01953125
1 0.49765625 0.51171875 0.02265625 0.0203125
1 0.53984375 0.49765625 0.028125 0.02265625
1 0.52109375 0.49609375 0.02578125 0.02265625
1 0.52109375 0.51796875 0.0265625 0.0171875
0 0.35625 0.5765625 0.0203125 0.01953125
0 0.371875 0.5578125 0.021875 0.01875
0 0.390625 0.5515625 0.021875 0.01796875
0 0.37890625 0.575 0.0296875 0.01953125
0 0.40234375 0.56796875 0.02421875 0.01953125
0 0.3640625 0.5921875 0.025 0.01953125
0 0.38984375 0.59140625 0.0265625 0.01953125
0 0.38046875 0.60625 0.028125 0.01953125
0 0.40390625 0.60859375 0.03046875 0.021875
0 0.41171875 0.58828125 0.0265625 0.0203125
0 0.38515625 0.63046875 0.028125 0.021875
0 0.4109375 0.62734375 0.028125 0.01875
0 0.425 0.64375 0.03125 0.01953125
0 0.43671875 0.62109375 0.02890625 0.01953125
0 0.4296875 0.60234375 0.02421875 0.01875
0 0.4515625 0.6046875 0.03046875 0.021875
0 0.44765625 0.63671875 0.02734375 0.0203125
0 0.45625 0.65546875 0.03046875 0.02265625
0 0.48125 0.65703125 0.0328125 0.0234375
0 0.4765625 0.63671875 0.0265625 0.02109375
0 0.46796875 0.6203125 0.0328125 0.02265625
0 0.478125 0.60078125 0.02890625 0.01796875
0 0.49296875 0.61640625 0.02890625 0.0203125
0 0.50234375 0.63515625 0.02890625 0.02109375
0 0.5109375 0.6546875 0.0296875 0.01953125
0 0.503125 0.67265625 0.02890625 0.01953125
0 0.5234375 0.678125 0.028125 0.02265625
0 0.54765625 0.675 0.0328125 0.021875
0 0.5390625 0.6578125 0.0296875 0.02109375
0 0.5578125 0.64375 0.0328125 0.0234375
0 0.53203125 0.6375 0.028125 0.021875
0 0.51953125 0.621875 0.0328125 0.02265625
0 0.5390625 0.609375 0.02890625 0.02265625
0 0.5109375 0.6015625 0.03046875 0.021875
0 0.52890625 0.5890625 0.03203125 0.025
0 0.55 0.5921875 0.03046875 0.021875
0 0.565625 0.60859375 0.03046875 0.0203125
0 0.54609375 0.625 0.03046875 0.0203125
0 0.57578125 0.6265625 0.02890625 0.02109375
0 0.58671875 0.640625 0.02890625 0.02265625
0 0.60234375 0.6609375 0.0296875 0.021875
0 0.61171875 0.63828125 0.028125 0.025
0 0.584375 0.67578125 0.03203125 0.0234375
0 0.6046875 0.68828125 0.03359375 0.02265625
0 0.5671875 0.690625 0.03125 0.02109375
0 0.4890625 0.70546875 0.02578125 0.021875
0 0.49375 0.7234375 0.02734375 0.01875
0 0.51171875 0.6953125 0.03203125 0.0234375
0 0.5234375 0.7140625 0.02578125 0.01953125
0 0.53984375 0.69453125 0.0296875 0.02109375
0 0.55 0.7125 0.03046875 0.02265625
0 0.54765625 0.5734375 0.025 0.02109375
0 0.521875 0.5578125 0.02734375 0.0234375
0 0.50078125 0.54453125 0.01875 0.0171875
1 0.57109375 0.54140625 0.0234375 0.0171875
1 0.58984375 0.5421875 0.0171875 0.015625
1 0.590625 0.52578125 0.021875 0.01640625
0 0.55 0.5296875 0.0203125 0.0171875
0 0.5296875 0.53359375 0.01953125 0.01484375
0 0.5546875 0.51171875 0.01875 0.01171875
0 0.571875 0.52265625 0.01875 0.0140625
0 0.4953125 0.4953125 0.021875 0.015625
0 0.3984375 0.52109375 0.028125 0.01953125
0 0.4046875 0.5390625 0.025 0.015625
0 0.38359375 0.5375 0.02578125 0.01484375
2 0.321875 0.54609375 0.02421875 0.01953125
2 0.334375 0.53046875 0.02890625 0.02265625
2 0.35 0.5484375 0.02578125 0.01953125
2 0.3578125 0.53125 0.025 0.0203125
2 0.37265625 0.51640625 0.0234375 0.01953125
2 0.33359375 0.56328125 0.025 0.0171875
2 0.33828125 0.5796875 0.02578125 0.01953125
2 0.34375 0.6 0.025 0.0171875
2 0.34375 0.6171875 0.0265625 0.01875
2 0.365625 0.6234375 0.021875 0.01875
2 0.35078125 0.6375 0.02734375 0.021875
2 0.36640625 0.66328125 0.02265625 0.02265625
2 0.390625 0.66953125 0.02890625 0.0203125
2 0.3890625 0.6515625 0.0265625 0.0203125
2 0.42109375 0.66953125 0.02890625 0.0234375
2 0.4515625 0.6859375 0.03046875 0.02109375
2 0.48125 0.690625 0.0265625 0.021875
2 0.4265625 0.696875 0.03046875 0.02109375
2 0.4390625 0.71640625 0.03359375 0.021875
2 0.459375 0.70625 0.02734375 0.02265625
2 0.44140625 0.7375 0.02578125 0.021875
2 0.4640625 0.72734375 0.03125 0.021875
2 0.46796875 0.75 0.02734375 0.021875
2 0.41640625 0.74296875 0.02890625 0.0203125
2 0.38671875 0.73359375 0.02734375 0.01953125
2 0.38984375 0.75390625 0.02734375 0.0203125
2 0.41484375 0.76484375 0.03203125 0.01953125
2 0.4421875 0.76015625 0.028125 0.02265625
2 0.359375 0.7546875 0.02734375 0.0203125
2 0.37578125 0.771875 0.028125 0.021875
2 0.3921875 0.7859375 0.03359375 0.021875
2 0.38671875 0.80703125 0.034375 0.021875
2 0.36171875 0.79140625 0.02890625 0.01953125
2 0.346875 0.77421875 0.0296875 0.02265625
2 0.33359375 0.796875 0.03046875 0.021875
2 0.3546875 0.8125 0.034375 0.021875
2 0.36953125 0.82890625 0.0328125 0.0265625
2 0.33125 0.82421875 0.03125 0.0203125
2 0.30546875 0.8125 0.028125 0.0203125
2 0.30546875 0.834375 0.02734375 0.02265625
2 0.34921875 0.8421875 0.03203125 0.02265625
2 0.325 0.85234375 0.034375 0.0203125
2 0.28984375 0.853125 0.03125 0.0234375
2 0.51015625 0.7515625 0.0296875 0.0234375
0 0.5171875 0.73359375 0.025 0.01953125
2 0.5390625 0.746875 0.03046875 0.01953125
2 0.56640625 0.73984375 0.0296875 0.01796875
2 0.590625 0.71171875 0.02890625 0.0234375
2 0.5953125 0.73203125 0.03046875 0.02265625
2 0.6203125 0.71875 0.0296875 0.0234375
2 0.640625 0.7046875 0.02734375 0.021875
2 0.65546875 0.6875 0.03046875 0.02109375
2 0.6296875 0.6828125 0.028125 0.0234375
2 0.64453125 0.665625 0.02578125 0.0234375
2 0.66953125 0.66875 0.03359375 0.02421875
2 0.6578125 0.64921875 0.03125 0.0234375
2 0.634375 0.64453125 0.02109375 0.02109375
2 0.6484375 0.62578125 0.028125 0.02109375
2 0.6765625 0.63203125 0.03125 0.02578125
2 0.6796875 0.61484375 0.03203125 0.02421875
2 0.65703125 0.6046875 0.0328125 0.02109375
2 0.63203125 0.609375 0.03203125 0.021875
2 0.6078125 0.6046875 0.03046875 0.0234375
2 0.64140625 0.58984375 0.02578125 0.021875
2 0.61484375 0.58671875 0.0296875 0.0234375
2 0.6265625 0.56875 0.02734375 0.0234375
2 0.60390625 0.5625 0.02890625 0.021875
2 0.58984375 0.57734375 0.028125 0.0234375
2 0.55703125 0.55390625 0.01796875 0.01640625
2 0.5796875 0.559375 0.02578125 0.01796875
2 0.5703125 0.56953125 0.0203125 0.02109375
2 0.58125 0.596875 0.02421875 0.02109375