1 0.8601909722222223 0.4971354166666666 0.029809027777777785 0.021383101851851903
1 0.8586805555555556 0.5159722222222223 0.030590277777777786 0.021412037037037025
1 0.8788541666666667 0.5120949074074075 0.023420138888889143 0.018026620370370238
1 0.8701388888888889 0.5272858796296296 0.022604166666666713 0.01721643518518512
1 0.8522569444444443 0.547511574074074 0.027499999999999858 0.022077546296296192
1 0.7683680555555557 0.5263599537037037 0.025833333333333285 0.01967592592592595
1 0.7653298611111111 0.5108217592592592 0.024236111111111215 0.018836805555555537
1 0.7875868055555555 0.518605324074074 0.024131944444444463 0.016493055555555535
1 0.7478125 0.5216435185185185 0.022638888888888785 0.01799768518518512
1 0.7776215277777778 0.5408854166666667 0.024270833333333287 0.019618055555555534
1 0.6873958333333333 0.5004050925925926 0.025763888888888965 0.018113425925925953
1 0.7066493055555556 0.49343171296296295 0.025833333333333285 0.01967592592592595
1 0.7052083333333334 0.4786168981481481 0.024166666666666715 0.017274305555555713
1 0.6915972222222222 0.4540798611111111 0.025902777777777785 0.021238425925925952
0 0.3934375 0.36574074074074076 0.020972222222222215 0.015596064814814792
0 0.3941319444444444 0.38136574074074076 0.021788194444444464 0.01640625
0 0.40770833333333334 0.3699074074074074 0.021006944444444463 0.016377314814814792
0 0.4281944444444445 0.37306134259259255 0.021041666666666715 0.01715856481481488
0 0.4107465277777778 0.38544560185185184 0.021788194444444464 0.01640625
0 0.4296354166666667 0.3878761574074074 0.019583333333333286 0.019444444444444466
0 0.39631944444444445 0.3953703703703703 0.021822916666666713 0.0171875
0 0.37763888888888886 0.3976273148148148 0.024305555555555535 0.020399305555555535
0 0.39612847222222225 0.40868055555555555 0.021111111111111035 0.01872106481481488
0 0.41288194444444437 0.4158854166666666 0.021180555555555713 0.02028356481481488
0 0.4137847222222222 0.40098379629629627 0.019513888888888786 0.017881944444444464
0 0.43104166666666666 0.4019097222222222 0.020260416666666715 0.017129629629629585
0 0.43251736111111116 0.417505787037037 0.021006944444444463 0.01637731481481488
0 0.4484375 0.4059606481481481 0.021006944444444463 0.01637731481481488
0 0.4455381944444444 0.3935474537037037 0.020260416666666715 0.017129629629629585
0 0.45904513888888887 0.3805266203703704 0.021041666666666715 0.017158564814814793
0 0.4632118055555555 0.36863425925925924 0.022604166666666713 0.01721643518518521
0 0.47920138888888886 0.35865162037037035 0.023420138888888786 0.018026620370370415
0 0.4990104166666667 0.36417824074074073 0.021822916666666713 0.0171875
0 0.47829861111111105 0.37355324074074076 0.022638888888888785 0.017997685185185207
0 0.49572916666666667 0.37838541666666664 0.018732638888888785 0.017853009259259256
0 0.4773611111111111 0.3876736111111111 0.024913194444444463 0.016521990740740743
0 0.46527777777777785 0.39751157407407406 0.021857638888888788 0.01796875
0 0.48199652777777774 0.4039351851851851 0.023350694444444466 0.01646412037037024
0 0.464375 0.41241319444444446 0.021822916666666713 0.0171875
0 0.4490972222222222 0.4208043981481482 0.021857638888888788 0.01796875
0 0.4521354166666667 0.43634259259259256 0.022534722222222213 0.015653935185185118
0 0.4680902777777778 0.4255787037037037 0.020156249999999966 0.014785879629629583
0 0.46953125 0.4403935185185185 0.021753472222222216 0.015625
0 0.4526909722222222 0.44884259259259257 0.020260416666666715 0.017129629629629762
0 0.47022569444444445 0.4560185185185185 0.022569444444444465 0.01643518518518512
0 0.4886631944444444 0.44829282407407406 0.022569444444444288 0.01643518518518512
0 0.4848784722222222 0.4335648148148149 0.021041666666666715 0.01715856481481488
0 0.4826215277777777 0.4179976851851851 0.020295138888888786 0.017910879629629763
0 0.4994965277777778 0.4103298611111111 0.021788194444444287 0.01640625
0 0.49802083333333336 0.3947337962962963 0.021111111111111212 0.01872106481481488
0 0.5117361111111112 0.386400462962963 0.023350694444444466 0.016464120370370417
0 0.5336805555555555 0.3871527777777778 0.021111111111111212 0.01872106481481479
0 0.5503298611111112 0.39201388888888894 0.021892361111111036 0.01875
0 0.5669791666666667 0.396875 0.024982638888888787 0.018084490740740655
0 0.5139583333333333 0.40118634259259256 0.021892361111111036 0.01875
0 0.5328125 0.4028356481481481 0.022743055555555537 0.02034143518518512
0 0.5526215277777778 0.40836226851851853 0.021892361111111213 0.01875
0 0.5684548611111111 0.4124710648148149 0.022569444444444465 0.01643518518518512
0 0.5675868055555556 0.42815393518518513 0.023454861111111214 0.01880787037037024
0 0.5501215277777778 0.42254050925925923 0.021180555555555536 0.02028356481481488
0 0.5328298611111111 0.4208333333333334 0.022673611111111214 0.01877893518518512
0 0.5169270833333334 0.415162037037037 0.021076388888888787 0.01793981481481488
0 0.5016840277777778 0.42433449074074076 0.022569444444444465 0.01643518518518512
0 0.5169097222222222 0.43237847222222225 0.020225694444444286 0.016348379629629584
0 0.5031597222222223 0.43993055555555555 0.022638888888888785 0.01799768518518512
0 0.51828125 0.445630787037037 0.022604166666666713 0.01721643518518512
0 0.5343055555555555 0.4364293981481481 0.022604166666666713 0.01721643518518512
0 0.5891319444444445 0.4375289351851851 0.023454861111111214 0.01880787037037024
0 0.5523784722222222 0.43810763888888893 0.025729166666666713 0.017332175925925952
0 0.5358159722222222 0.452806712962963 0.021041666666666715 0.01715856481481488
0 0.5181250000000001 0.45972222222222225 0.021822916666666713 0.0171875
0 0.5037847222222223 0.4539930555555555 0.021076388888888787 0.01793981481481488
0 0.48623263888888885 0.4640335648148148 0.023385416666666714 0.017245370370370418
0 0.5044791666666667 0.4696180555555555 0.020260416666666715 0.017129629629629585
0 0.5188888888888888 0.47690972222222217 0.024947916666666715 0.017303240740740834
0 0.5325694444444444 0.4677951388888889 0.023454861111111214 0.01880787037037024
0 0.5493750000000001 0.45856481481481487 0.021041666666666715 0.01715856481481488
0 0.5638368055555556 0.44942129629629635 0.024982638888888964 0.01808449074074083
0 0.5630729166666667 0.46744791666666663 0.020364583333333287 0.01947337962962976
0 0.5806423611111111 0.47540509259259256 0.020260416666666715 0.017129629629629762
0 0.5653993055555555 0.48457754629629635 0.024843749999999963 0.014959490740740832
0 0.5509201388888888 0.4757233796296296 0.017986111111111213 0.01860532407407405
0 0.5509375000000001 0.4937210648148148 0.017204861111111212 0.018576388888888927
0 0.55625 0.5076099537037037 0.020972222222222215 0.01559606481481488
0 0.5751736111111111 0.5108217592592592 0.016284722222222214 0.015422453703703631
0 0.5682986111111111 0.49699074074074073 0.023489583333333286 0.019589120370370416
0 0.5851736111111111 0.4893229166666667 0.024062499999999966 0.014930555555555535
0 0.5896006944444444 0.5008969907407408 0.023489583333333286 0.019589120370370416
0 0.5910416666666667 0.5157118055555555 0.022604166666666713 0.01721643518518512
0 0.604826388888889 0.5089409722222222 0.023315972222222214 0.015682870370370416
0 0.6033854166666666 0.49412615740740745 0.024236111111111215 0.018836805555555714
0 0.5972916666666667 0.4802662037037037 0.024131944444444463 0.016493055555555535
0 0.5935416666666666 0.46631944444444445 0.026475694444444465 0.016579861111111073
0 0.5951562499999999 0.44982638888888893 0.02562500000000014 0.014988425925925952
0 0.5783854166666667 0.459837962962963 0.023489583333333286 0.019589120370370416
0 0.6153125 0.46316550925925926 0.023350694444444466 0.016464120370370417
0 0.6161458333333334 0.44670138888888894 0.024166666666666715 0.017274305555555713
0 0.6108680555555555 0.43359375 0.022638888888888785 0.01799768518518512
0 0.6278124999999999 0.42748842592592595 0.024236111111111215 0.018836805555555537
0 0.6462847222222223 0.4205439814814815 0.022604166666666713 0.01721643518518512
0 0.6484375 0.4337673611111111 0.022638888888888965 0.01799768518518512
0 0.6323784722222221 0.4421875 0.022638888888888785 0.01799768518518512
0 0.6322222222222222 0.45627893518518514 0.024982638888888787 0.01808449074074083
0 0.6530729166666667 0.4500289351851851 0.021111111111111212 0.01872106481481488
0 0.618923611111111 0.4739872685185185 0.025017361111111212 0.018865740740740832
0 0.6327777777777778 0.4687789351851851 0.023315972222222214 0.01568287037037024
0 0.6544791666666667 0.4640625 0.023281249999999965 0.014901620370370416
0 0.6582291666666666 0.47800925925925924 0.022638888888888785 0.01799768518518512
0 0.6388368055555556 0.48185763888888894 0.024131944444444463 0.016493055555555712
0 0.6234895833333333 0.4886863425925926 0.02171875000000014 0.01484375
0 0.6256076388888889 0.5011284722222222 0.024166666666666715 0.017274305555555536
0 0.6441493055555556 0.4957465277777778 0.021788194444444287 0.01640625
0 0.6611631944444445 0.49120370370370364 0.022569444444444465 0.01643518518518512
0 0.6797395833333333 0.48660300925925926 0.024131944444444286 0.016493055555555535
0 0.6752430555555555 0.4734664351851851 0.023350694444444466 0.01646412037037024
0 0.6675868055555556 0.4596643518518519 0.022569444444444288 0.01643518518518512
0 0.6677777777777778 0.4463541666666666 0.023315972222222214 0.01568287037037024
0 0.6655208333333333 0.430787037037037 0.021111111111111035 0.01872106481481488
0 0.6845486111111111 0.43634259259259256 0.021111111111111212 0.01872106481481488
0 0.7012673611111111 0.44276620370370373 0.020399305555555535 0.020254629629629584
0 0.6958159722222221 0.4257523148148148 0.021892361111111213 0.01875
0 0.6046701388888889 0.5230324074074074 0.023350694444444466 0.01646412037037024
0 0.6223263888888889 0.5153356481481481 0.021822916666666713 0.0171875
0 0.6329687500000001 0.5258969907407407 0.022638888888888785 0.01799768518518512
0 0.6523263888888888 0.521267361111111 0.025833333333333285 0.01967592592592595
0 0.6416840277777778 0.5107060185185185 0.022673611111111214 0.01877893518518512
0 0.6602256944444445 0.5053240740740741 0.02640625000000014 0.015017361111111072
0 0.6731770833333334 0.5150173611111111 0.022638888888888785 0.01799768518518512
0 0.6644618055555556 0.5302083333333334 0.027291666666666714 0.01739004629629619
0 0.6861979166666666 0.5262731481481481 0.022638888888888785 0.01799768518518512
0 0.6821006944444444 0.5397280092592592 0.023350694444444466 0.016464120370370417
0 0.6999305555555555 0.5359375 0.024236111111111215 0.018836805555555537
0 0.7032118055555555 0.521730324074074 0.024236111111111215 0.018836805555555537
0 0.7018402777777778 0.5084780092592592 0.020260416666666715 0.017129629629629585
0 0.7207638888888889 0.5116898148148149 0.021076388888888964 0.01793981481481488
0 0.7384895833333334 0.5055555555555555 0.024947916666666715 0.017303240740740834
0 0.7354513888888888 0.49001736111111105 0.023454861111111214 0.01880787037037024
0 0.7309201388888888 0.476099537037037 0.021076388888888964 0.01793981481481488
0 0.7270659722222221 0.45980902777777777 0.021857638888888788 0.01796875
0 0.7194097222222222 0.44600694444444444 0.021822916666666713 0.0171875
0 0.7444618055555555 0.4638599537037037 0.019548611111111214 0.018663194444444465
0 0.7640625 0.46469907407407407 0.023454861111111037 0.01880787037037024
0 0.7422395833333333 0.44907407407407407 0.025833333333333285 0.01967592592592595
0 0.7321701388888888 0.4337962962962963 0.026822916666666786 0.024392361111111073
0 0.715625 0.43127893518518523 0.024375000000000036 0.021961805555555537
0 0.7491666666666668 0.48168402777777775 0.021822916666666713 0.0171875
0 0.7552604166666667 0.4955439814814815 0.019479166666666714 0.017100694444444463
0 0.7198958333333334 0.5273726851851852 0.021788194444444464 0.01640625
0 0.720486111111111 0.5406539351851851 0.022638888888888785 0.01799768518518512
0 0.7358680555555556 0.5346064814814815 0.023350694444444466 0.016464120370370417
0 0.7355555555555556 0.5627893518518519 0.024236111111111215 0.018836805555555537
0 0.7349305555555555 0.5487268518518518 0.024166666666666715 0.017274305555555536
0 0.7975868055555556 0.4618923611111111 0.025868055555555537 0.02045717592592595
0 0.7848263888888889 0.47410300925925924 0.021145833333333287 0.019502314814814882
0 0.7681250000000001 0.48567708333333337 0.022638888888888785 0.01799768518518512
0 0.7711631944444444 0.5012152777777777 0.021753472222222216 0.015625
0 0.7885590277777779 0.5052662037037037 0.022569444444444288 0.01643518518518512
0 0.7894618055555556 0.4903645833333334 0.021145833333333287 0.019502314814814882
0 0.8054513888888888 0.4803819444444445 0.023454861111110857 0.01880787037037024
0 0.8221701388888889 0.48680555555555555 0.020329861111111215 0.018692129629629583
0 0.8053298611111112 0.4952546296296296 0.021857638888888788 0.01796875
0 0.8220833333333335 0.5024594907407407 0.023350694444444285 0.016464120370370417
0 0.8084027777777777 0.5115740740740741 0.021006944444444287 0.01637731481481488
0 0.8067187499999999 0.5265046296296296 0.021788194444444287 0.01640625
0 0.7898090277777777 0.5333912037037036 0.018559027777777716 0.013946759259259167
0 0.8096875000000001 0.5404803240740741 0.021788194444444287 0.01640625
0 0.82578125 0.5328414351851852 0.021788194444444287 0.01640625
0 0.8250868055555556 0.5172164351851852 0.021857638888888788 0.01796875
0 0.8402430555555555 0.5236979166666667 0.021006944444444287 0.01637731481481488
0 0.8418923611111111 0.507986111111111 0.022604166666666713 0.01721643518518512
0 0.8380729166666665 0.4924768518518519 0.020225694444444286 0.01634837962962976
0 0.8493402777777778 0.48188657407407404 0.023385416666666714 0.017245370370370237
0 0.8545138888888889 0.4574363425925926 0.025833333333333285 0.01967592592592595
0 0.8666840277777779 0.46715856481481477 0.026614583333333285 0.019704861111111072
0 0.88578125 0.47427662037037044 0.022708333333333285 0.019560185185185118
0 0.8697569444444444 0.48347800925925927 0.022604166666666713 0.01721643518518512
0 0.8834201388888889 0.49157986111111107 0.029097222222222285 0.022916666666666786
0 0.8934548611111112 0.506076388888889 0.020190972222222214 0.01556712962962976
0 0.7542187499999999 0.5425347222222221 0.022604166666666713 0.01721643518518512
0 0.7540277777777777 0.5558449074074074 0.024236111111111215 0.018836805555555714
0 0.7918402777777779 0.5614872685185185 0.026545138888888785 0.01814236111111107
0 0.7821701388888889 0.5728009259259259 0.023281249999999965 0.014901620370370239
0 0.8111284722222223 0.5552951388888889 0.024131944444444286 0.016493055555555712
0 0.81484375 0.5684606481481481 0.022638888888888785 0.01799768518518512
0 0.83171875 0.560792824074074 0.024878472222222215 0.015740740740740833
0 0.8280381944444445 0.5484085648148149 0.022604166666666713 0.01721643518518512
0 0.8492534722222222 0.56796875 0.025833333333333285 0.01967592592592595
0 0.8652256944444444 0.5752025462962964 0.024947916666666715 0.017303240740740834
0 0.8636805555555555 0.5580439814814815 0.021788194444444287 0.01640625
0 0.88046875 0.5660300925925925 0.026579861111111214 0.01892361111111107
0 0.9013541666666665 0.5605613425925926 0.024305555555555712 0.020399305555555535
0 0.8853125000000001 0.5517650462962964 0.025052083333333287 0.019646990740740833
0 0.8988541666666666 0.539525462962963 0.026579861111111214 0.01892361111111107
0 0.9130381944444445 0.5241319444444444 0.025086805555555713 0.020428240740740834
0 0.8956770833333334 0.5208622685185185 0.021857638888888788 0.01796875
0 0.8814236111111111 0.534693287037037 0.019375000000000142 0.014756944444444465
2 0.9447395833333333 0.5683449074074074 0.018732638888888785 0.017853009259259166
2 0.9586979166666666 0.565480324074074 0.019479166666666714 0.017100694444444463
2 0.9640798611111112 0.580931712962963 0.023489583333333286 0.019589120370370416
2 0.9469965277777778 0.583912037037037 0.021076388888888787 0.01793981481481488
2 0.9377777777777778 0.6053819444444445 0.028177083333333287 0.01976273148148149
2 0.8940625000000001 0.6077835648148149 0.027361111111110857 0.01895254629629619
2 0.9038715277777778 0.5995949074074074 0.025798611111111213 0.018894675925925954
2 0.9126562500000001 0.5859664351851851 0.023420138888888786 0.018026620370370238
2 0.9319097222222222 0.5789930555555556 0.022777777777777786 0.02112268518518512
2 0.93046875 0.5641782407407407 0.023385416666666714 0.017245370370370418
2 0.9354513888888889 0.5530381944444445 0.022534722222222213 0.015653935185185118
2 0.9499479166666667 0.544675925925926 0.021927083333333285 0.01953125
2 0.9679861111111112 0.5455729166666666 0.022604166666666713 0.01721643518518512
2 0.9754687499999999 0.55546875 0.02501736111111086 0.018865740740740832
2 0.9721875000000001 0.5344618055555556 0.026475694444444288 0.016579861111111073
2 0.9676215277777779 0.5197627314814814 0.025729166666666713 0.017332175925925952
2 0.95703125 0.527980324074074 0.024062500000000143 0.014930555555555535
2 0.9377777777777776 0.5349537037037038 0.02562500000000014 0.014988425925925952
2 0.9280729166666667 0.5454861111111111 0.024097222222222214 0.015711805555555715
2 0.9127777777777777 0.57109375 0.02171875000000014 0.01484375
2 0.8966840277777777 0.5787326388888889 0.024131944444444286 0.016493055555555712
2 0.8862326388888888 0.5900752314814814 0.022638888888888785 0.01799768518518512
2 0.8702083333333335 0.5992766203703704 0.02498263888888914 0.01808449074074083
2 0.8657465277777778 0.5869212962962963 0.024027777777777714 0.014149305555555537
2 0.8495833333333334 0.5929976851851853 0.024201388888888786 0.018055555555555537
2 0.8289583333333332 0.58671875 0.025729166666666713 0.017332175925925952
2 0.8083333333333332 0.5804398148148148 0.024131944444444286 0.016493055555555535
2 0.7991666666666666 0.585474537037037 0.020937499999999963 0.014814814814814881
2 0.8089583333333333 0.5945023148148147 0.026475694444444288 0.016579861111111073
2 0.9348611111111111 0.504542824074074 0.024166666666666715 0.017274305555555536
2 0.9537152777777778 0.5061921296296296 0.023350694444444285 0.01646412037037024
2 0.9441145833333333 0.519068287037037 0.019375000000000142 0.014756944444444465
2 0.9242708333333333 0.5127604166666666 0.025729166666666713 0.017332175925925952
2 0.9307291666666666 0.4820023148148148 0.024166666666666715 0.017274305555555536
2 0.9203819444444445 0.4956886574074074 0.024131944444444286 0.016493055555555712
2 0.9028819444444445 0.4892939814814815 0.021822916666666713 0.0171875
2 0.9125173611111113 0.477199074074074 0.022569444444444288 0.01643518518518512
2 0.9165798611111111 0.46296296296296297 0.026510416666666713 0.01736111111111107
2 0.9043402777777778 0.45167824074074076 0.026614583333333285 0.019704861111111072
2 0.8889930555555555 0.45850694444444445 0.02657986111111086 0.01892361111111107
2 0.8821180555555556 0.444675925925926 0.026545138888888785 0.01814236111111107
2 0.8593576388888888 0.44317129629629626 0.023420138888889143 0.018026620370370415
2 0.8864756944444444 0.4194733796296296 0.026579861111111214 0.01892361111111107
2 0.8697048611111111 0.4294849537037037 0.025833333333333285 0.01967592592592595
2 0.8507465277777779 0.4254918981481481 0.025086805555555713 0.020428240740740834
2 0.8396527777777777 0.43998842592592596 0.024236111111110858 0.018836805555555537
2 0.8284895833333333 0.45292245370370365 0.022534722222222213 0.015653935185185118
2 0.833732638888889 0.4652488425925926 0.022569444444444288 0.01643518518518512
2 0.8222916666666666 0.43671875 0.023593749999999858 0.021932870370370415
2 0.8056423611111111 0.43185763888888895 0.022743055555555714 0.02034143518518512
2 0.8048437500000001 0.4491030092592593 0.022569444444444288 0.01643518518518512
2 0.7881597222222222 0.4434606481481481 0.023454861111111214 0.01880787037037024
2 0.7667881944444443 0.4379918981481481 0.022604166666666713 0.01721643518518512
2 0.7705381944444445 0.45193865740740746 0.023385416666666714 0.017245370370370237
2 0.7494618055555555 0.43550347222222224 0.020225694444444463 0.016348379629629584
2 0.7321875 0.41657986111111106 0.024947916666666715 0.017303240740740834
2 0.7091840277777778 0.4096064814814815 0.024913194444444463 0.016521990740740834
2 0.6921701388888889 0.4141493055555555 0.022604166666666713 0.01721643518518512
2 0.7143576388888888 0.4203703703703704 0.020156250000000143 0.014785879629629762
2 0.6737326388888889 0.421875 0.021788194444444464 0.01640625
2 0.6335590277777777 0.3983217592592593 0.02171875000000014 0.01484375
2 0.6146354166666667 0.3951099537037037 0.023489583333333286 0.019589120370370416
2 0.6191319444444444 0.40824652777777776 0.022569444444444288 0.01643518518518512
2 0.5971875 0.40749421296296295 0.024878472222222215 0.015740740740740656
2 0.6031076388888889 0.4174479166666666 0.021041666666666715 0.01715856481481488
2 0.595 0.39348958333333334 0.022638888888888785 0.017997685185185207
2 0.5782465277777777 0.3862847222222222 0.021041666666666715 0.01715856481481488
2 0.5614930555555555 0.3790798611111111 0.023350694444444466 0.016464120370370417
2 0.5438888888888889 0.37034143518518514 0.021857638888888788 0.01796875
2 0.5286979166666667 0.3630787037037037 0.025729166666666713 0.017332175925925952
2 0.5269444444444444 0.37644675925925924 0.020937500000000143 0.014814814814814791
2 0.4852951388888889 0.33729745370370373 0.021753472222222216 0.015625
2 0.5071527777777778 0.35370370370370374 0.023385416666666714 0.017245370370370418
2 0.4643750000000001 0.34198495370370374 0.025017361111111212 0.018865740740740745
2 0.44395833333333334 0.3403935185185185 0.024982638888888787 0.018084490740740745
2 0.4531423611111111 0.35335648148148147 0.021718749999999964 0.01484375
2 0.42385416666666664 0.3458333333333333 0.025017361111111212 0.018865740740740745
2 0.4299131944444444 0.358912037037037 0.024131944444444463 0.016493055555555535
2 0.40493055555555557 0.34262152777777777 0.021822916666666713 0.0171875
2 0.3905902777777778 0.3368923611111111 0.023420138888888876 0.018026620370370415
2 0.3693576388888889 0.33454861111111106 0.023350694444444466 0.016464120370370417
2 0.3564236111111111 0.34285300925925927 0.018697916666666713 0.017071759259259255
2 0.3746701388888889 0.3484375 0.018628472222222213 0.015509259259259256
2 0.39203125 0.35170717592592593 0.020156250000000053 0.014785879629629583
2 0.4087152777777778 0.35734953703703703 0.020225694444444463 0.016348379629629584
2 0.37607638888888884 0.3624710648148148 0.019479166666666714 0.017100694444444463
2 0.36157986111111107 0.3708333333333333 0.022604166666666713 0.01721643518518512
2 0.35864583333333333 0.3576388888888889 0.021788194444444464 0.01640625
2 0.3432986111111111 0.36446759259259254 0.017170138888888874 0.01779513888888893
2 0.2925694444444445 0.34991319444444446 0.023489583333333286 0.019589120370370416
2 0.31015625 0.3406539351851852 0.021111111111111126 0.01872106481481488
2 0.3280208333333333 0.3376446759259259 0.021788194444444464 0.01640625
2 0.33404513888888887 0.3499421296296296 0.023420138888888876 0.01802662037037033
2 0.31876736111111115 0.3583333333333333 0.023454861111111124 0.018807870370370416
2 0.3402604166666666 0.3841435185185185 0.024982638888888964 0.018084490740740745
2 0.3653645833333333 0.38556134259259256 0.020937499999999963 0.014814814814814881
2 0.3478819444444444 0.39716435185185184 0.022569444444444465 0.01643518518518521
2 0.3515625 0.40954861111111107 0.024843749999999963 0.014959490740740832
2 0.3629513888888889 0.4192997685185185 0.021822916666666713 0.0171875
2 0.3485590277777778 0.430005787037037 0.021788194444444464 0.01640625
2 0.36506944444444445 0.4317418981481481 0.020156249999999966 0.014785879629629762
2 0.3756423611111111 0.44074074074074066 0.024913194444444463 0.016521990740740834
2 0.38453125000000005 0.4294560185185185 0.019374999999999965 0.014756944444444465
2 0.3832291666666666 0.4177662037037037 0.019444444444444466 0.016319444444444463
2 0.400763888888889 0.4249421296296296 0.022465277777777716 0.01409143518518512
2 0.40053819444444444 0.4374710648148148 0.026475694444444465 0.016579861111111073
2 0.4223784722222222 0.43587962962962956 0.022534722222222213 0.015653935185185118
2 0.4034375 0.44988425925925923 0.021753472222222216 0.015625
2 0.42296875 0.4491608796296296 0.025694444444444464 0.01655092592592595
2 0.4228472222222222 0.4640335648148148 0.021788194444444464 0.01640625
2 0.4430208333333333 0.46015625 0.019375000000000142 0.014756944444444465
2 0.45498263888888885 0.46519097222222217 0.021006944444444463 0.01637731481481488
2 0.49373263888888896 0.4919270833333334 0.021111111111111212 0.01872106481481488
2 0.52125 0.49482060185185184 0.021822916666666713 0.0171875
2 0.5341666666666667 0.503732638888889 0.021822916666666713 0.0171875
2 0.563125 0.5214409722222222 0.021684027777777715 0.0140625
2 0.6167708333333334 0.5311921296296296 0.017916666666666713 0.017042824074074047
2 0.6546875 0.5391782407407407 0.023385416666666714 0.017245370370370418
2 0.6903645833333333 0.5495949074074075 0.021788194444444464 0.01640625
2 0.7040277777777778 0.5576967592592592 0.021822916666666713 0.0171875
2 0.7532638888888888 0.5738715277777778 0.025052083333333287 0.019646990740740833