1 0.4375 0.56796875 0.03984375 0.03046875
1 0.39140625 0.5390625 0.0421875 0.03046875
1 0.4296875 0.51953125 0.03515625 0.02578125
0 0.4796875 0.45078125 0.03828125 0.02734375
0 0.43671875 0.47890625 0.04140625 0.028125
0 0.4546875 0.515625 0.03203125 0.02734375
0 0.48046875 0.50625 0.03125 0.0265625
0 0.48984375 0.48515625 0.03203125 0.025
0 0.51875 0.478125 0.03515625 0.0265625
0 0.5296875 0.4546875 0.0421875 0.021875
0 0.56015625 0.44921875 0.034375 0.03046875
0 0.5953125 0.43046875 0.0328125 0.02734375
0 0.6046875 0.45078125 0.0390625 0.0234375
0 0.5515625 0.47421875 0.0390625 0.03125
0 0.58046875 0.48359375 0.03828125 0.0328125
0 0.603125 0.4984375 0.03828125 0.03046875
0 0.5953125 0.5203125 0.0328125 0.02890625
0 0.56953125 0.5046875 0.0375 0.03046875
0 0.5390625 0.49296875 0.03984375 0.03046875
0 0.51171875 0.50078125 0.034375 0.02734375
0 0.53515625 0.51875 0.03984375 0.0265625
0 0.56484375 0.5265625 0.034375 0.02890625
0 0.55625 0.54921875 0.03828125 0.03046875
0 0.52890625 0.5375 0.03984375 0.028125
0 0.50859375 0.52421875 0.0390625 0.0296875
0 0.4796875 0.52890625 0.03828125 0.02890625
0 0.4640625 0.55234375 0.03828125 0.03046875
0 0.49609375 0.54921875 0.0421875 0.03359375
0 0.525 0.56171875 0.03828125 0.03125
0 0.48828125 0.5703125 0.0328125 0.02734375
0 0.51640625 0.5859375 0.0375 0.02890625
0 0.4734375 0.59296875 0.0375 0.028125
0 0.50078125 0.60546875 0.04453125 0.03046875
0 0.4375 0.59609375 0.04609375 0.03359375
0 0.38203125 0.58671875 0.04296875 0.03125
0 0.39375 0.56015625 0.034375 0.02890625
0 0.409375 0.61015625 0.03125 0.03046875
0 0.43671875 0.62578125 0.03984375 0.0296875
0 0.45546875 0.64140625 0.04453125 0.02734375
0 0.4296875 0.6515625 0.04296875 0.0265625
0 0.39609375 0.65859375 0.0375 0.03046875
0 0.36171875 0.659375 0.04296875 0.02734375
0 0.23203125 0.6578125 0.03828125 0.02734375
0 0.2703125 0.65625 0.04453125 0.03203125
0 0.303125 0.65078125 0.0421875 0.03046875
0 0.33671875 0.64609375 0.04140625 0.03125
0 0.3671875 0.63515625 0.0453125 0.028125
0 0.4015625 0.63515625 0.03984375 0.0265625
2 0.3203125 0.55625 0.04140625 0.03359375
2 0.3515625 0.4921875 0.04453125 0.03359375
2 0.38359375 0.47421875 0.03984375 0.03359375
2 0.38671875 0.50078125 0.0375 0.02421875
2 0.3484375 0.5390625 0.0453125 0.03515625
2 0.35 0.56484375 0.03984375 0.03515625
2 0.34296875 0.59609375 0.0390625 0.03046875
2 0.33046875 0.6171875 0.0375 0.025
2 0.29375 0.61875 0.04609375 0.0328125
2 0.26875 0.6234375 0.04453125 0.03125
2 0.2234375 0.63046875 0.04296875 0.03046875
2 0.1828125 0.6390625 0.03984375 0.03046875
2 0.13671875 0.66171875 0.04140625 0.04140625
2 0.17890625 0.66796875 0.04296875 0.03671875
2 0.4453125 0.675 0.04296875 0.03046875
2 0.47421875 0.66875 0.04140625 0.03359375
2 0.5203125 0.63515625 0.046875 0.03359375
2 0.54453125 0.59140625 0.04140625 0.02890625
2 0.5484375 0.41015625 0.04296875 0.03515625
2 0.58125 0.39921875 0.034375 0.0296875
2 0.60859375 0.38671875 0.04140625 0.034375
2 0.63359375 0.4046875 0.0421875 0.03515625
2 0.63359375 0.428125 0.0375 0.03125
2 0.64921875 0.53515625 0.03515625 0.03828125
2 0.60859375 0.546875 0.0390625 0.0296875
2 0.6234375 0.475 0.04453125 0.03046875
2 0.3109375 0.67265625 0.03515625 0.02890625
2 0.34375 0.67109375 0.0375 0.034375