1 0.6884837962962963 0.7896527777777778 0.01661458333333332 0.014427083333333358
1 0.7033043981481482 0.7877604166666666 0.017384259259259238 0.013663194444444571
1 0.6953414351851852 0.7777777777777778 0.016603009259259238 0.013645833333333357
1 0.6920081018518519 0.7637847222222222 0.019751157407407405 0.015277777777777857
1 0.7077141203703704 0.76890625 0.017395833333333322 0.01444444444444457
1 0.6824710648148148 0.7530555555555555 0.01816550925925924 0.013680555555555429
1 0.7004745370370371 0.7550000000000001 0.015821759259259237 0.013628472222222143
1 0.6814699074074074 0.7382291666666667 0.015798611111111072 0.012065972222222143
1 0.6963599537037037 0.7410243055555557 0.015821759259259237 0.013628472222222143
1 0.6914525462962964 0.7262847222222222 0.01736111111111107 0.01210069444444457
1 0.6711400462962963 0.726736111111111 0.015810185185185333 0.012847222222222144
1 0.6803761574074074 0.7171527777777778 0.019716435185185156 0.012934027777777857
1 0.6654282407407408 0.7104513888888888 0.01895833333333332 0.014479166666666644
1 0.6778125 0.702361111111111 0.019751157407407405 0.015277777777777857
1 0.6597627314814816 0.6972916666666666 0.017407407407407406 0.015225694444444571
1 0.6768344907407406 0.6890972222222222 0.019739583333333498 0.014496527777777856
1 0.6587847222222223 0.6840277777777779 0.015787037037037165 0.011284722222222144
1 0.6735127314814815 0.6758854166666667 0.01661458333333332 0.014427083333333358
1 0.6507986111111111 0.6724826388888889 0.020497685185185154 0.012951388888888892
1 0.6655266203703704 0.6643402777777778 0.016579861111111073 0.012083333333333357
1 0.6459374999999999 0.6608680555555555 0.018153935185185332 0.01289930555555543
1 0.6333564814814815 0.6556770833333333 0.016556712962962905 0.010520833333333358
1 0.6630324074074074 0.6542361111111111 0.015017361111111072 0.012048611111111107
1 0.6824594907407407 0.6467708333333333 0.015763888888889 0.009722222222222143
1 0.676863425925926 0.6382986111111111 0.016556712962962905 0.010520833333333358
1 0.6422743055555555 0.5718576388888889 0.018935185185185156 0.012916666666666642
1 0.6611168981481482 0.5776909722222222 0.015028935185185333 0.012829861111111108
1 0.6597627314814816 0.5917881944444444 0.018935185185185333 0.012916666666666642
1 0.6769733796296297 0.59296875 0.016568287037037166 0.011302083333333357
1 0.6669560185185185 0.6025694444444445 0.015040509259259238 0.013611111111111107
1 0.6497800925925926 0.603732638888889 0.01892361111111107 0.012135416666666643
1 0.6743344907407407 0.6258506944444445 0.019728009259259237 0.013715277777777857
1 0.691579861111111 0.6293749999999999 0.015810185185185333 0.012847222222222144
1 0.6851678240740741 0.6185763888888889 0.01578703703703699 0.011284722222222144
1 0.6457291666666667 0.6468055555555556 0.020474537037037166 0.011388888888888893
1 0.6502083333333333 0.632638888888889 0.018935185185185156 0.012916666666666642
1 0.6628587962962963 0.6425173611111111 0.01894675925925924 0.013697916666666643
1 0.627337962962963 0.5659375 0.02052083333333332 0.014513888888888892
1 0.6405381944444445 0.5601736111111111 0.017384259259259238 0.013663194444444393
1 0.6123900462962963 0.559236111111111 0.016579861111111073 0.012083333333333357
1 0.6157118055555555 0.5724479166666667 0.017372685185185154 0.012881944444444394
1 0.6376388888888889 0.5227256944444444 0.020532407407407405 0.015295138888888893
1 0.6358912037037037 0.5102604166666667 0.018188657407407403 0.015243055555555607
1 0.6291319444444444 0.4760243055555556 0.01583333333333332 0.014409722222222143
1 0.6025115740740741 0.4727083333333333 0.01894675925925924 0.013697916666666643
1 0.5500057870370371 0.46293402777777776 0.017395833333333322 0.014444444444444393
1 0.5389872685185185 0.45770833333333333 0.016591435185185334 0.012864583333333356
1 0.6139699074074074 0.5076215277777777 0.02133680555555557 0.016874999999999928
1 0.6161400462962963 0.4958506944444444 0.018153935185185332 0.012899305555555607
0 0.749068287037037 0.8172222222222223 0.021313657407407406 0.015312499999999929
0 0.7340277777777777 0.8042708333333334 0.02526620370370374 0.01852430555555564
0 0.7027662037037038 0.8041840277777779 0.023726851851851905 0.020052083333333214
0 0.7190798611111111 0.7975694444444444 0.019785879629629653 0.017621527777777857
0 0.72984375 0.7856076388888888 0.023692129629629476 0.017708333333333392
0 0.7241782407407407 0.7724479166666667 0.018223379629629655 0.017586805555555605
0 0.6824305555555557 0.8030729166666667 0.025254629629629478 0.017743055555555286
0 0.6720659722222222 0.789236111111111 0.021325231481481487 0.016093749999999928
0 0.6710879629629629 0.7759722222222223 0.023703703703703737 0.018489583333333216
0 0.6615509259259259 0.7652430555555556 0.019797453703703737 0.018402777777777858
0 0.6621006944444444 0.7496006944444444 0.02211805555555557 0.016892361111111143
0 0.7154108796296297 0.760920138888889 0.01973958333333332 0.014496527777777856
0 0.7113194444444445 0.7485069444444445 0.018188657407407403 0.01524305555555543
0 0.6564467592592592 0.7372222222222222 0.022083333333333323 0.014548611111111142
0 0.653125 0.7240104166666667 0.017372685185185154 0.012881944444444394
0 0.7087905092592592 0.7360590277777778 0.015040509259259238 0.013611111111111107
0 0.6482291666666666 0.7100520833333333 0.019774305555555573 0.016840277777777857
0 0.6969733796296296 0.6769270833333334 0.018981481481481488 0.01604166666666664
0 0.6956076388888889 0.6902430555555557 0.019785879629629653 0.017621527777777857
0 0.6942534722222222 0.7043402777777777 0.0189583333333335 0.014479166666666644
0 0.7006655092592593 0.7151388888888889 0.01976273148148149 0.016059027777777856
0 0.6369560185185186 0.6876388888888888 0.026828703703703737 0.018559027777777716
0 0.6178819444444444 0.6661805555555556 0.02133680555555557 0.016874999999999928
0 0.6320370370370371 0.6721180555555556 0.023692129629629653 0.017708333333333215
0 0.6959953703703704 0.6636631944444444 0.02366898148148149 0.016145833333333214
0 0.6833449074074074 0.6537847222222222 0.023680555555555573 0.01692708333333339
0 0.7043576388888889 0.6478472222222222 0.023703703703703737 0.018489583333333216
0 0.6176851851851852 0.6528993055555555 0.019762731481481312 0.016059027777777856
0 0.61828125 0.6403819444444444 0.022899305555555572 0.01690972222222218
0 0.6234722222222222 0.6215104166666666 0.02055555555555557 0.016857638888888894
0 0.6314467592592592 0.6322743055555555 0.02133680555555557 0.016874999999999928
0 0.7033564814814814 0.6330208333333334 0.01821180555555557 0.016805555555555608
0 0.7149247685185186 0.6226041666666667 0.021371527777777642 0.01921874999999993
0 0.7116261574074074 0.6109548611111111 0.02133680555555557 0.016874999999999928
0 0.7075231481481482 0.5977604166666667 0.022887731481481488 0.01612847222222218
0 0.6358217592592592 0.6110763888888888 0.025277777777777823 0.01930555555555564
0 0.6278587962962963 0.6010937500000001 0.021313657407407406 0.015312499999999929
0 0.6229398148148148 0.5855729166666667 0.01745370370370374 0.018350694444444572
0 0.641724537037037 0.5875 0.021371527777777823 0.01921874999999993
0 0.5939872685185186 0.5830902777777778 0.022876157407407404 0.015347222222222356
0 0.599224537037037 0.56734375 0.022094907407407403 0.015329861111111143
0 0.6727430555555556 0.5711805555555556 0.01976273148148149 0.016059027777777856
0 0.6900115740740741 0.5762673611111111 0.01820023148148131 0.01602430555555543
0 0.7048553240740741 0.5759375 0.015086805555555572 0.016736111111111108
0 0.7174710648148148 0.5834722222222222 0.02055555555555557 0.016857638888888894
0 0.6701446759259259 0.554045138888889 0.02054398148148131 0.016076388888888894
0 0.5827893518518519 0.5130034722222222 0.023680555555555573 0.016927083333333214
0 0.5955671296296297 0.5314756944444444 0.02054398148148149 0.016076388888888894
0 0.6121122685185185 0.5404861111111112 0.019751157407407405 0.015277777777777857
0 0.6566782407407408 0.5418402777777778 0.02052083333333332 0.014513888888888892
0 0.6541608796296297 0.5301736111111112 0.018177083333333323 0.01446180555555543
0 0.6246932870370371 0.5456770833333333 0.019785879629629653 0.017621527777777857
0 0.5714467592592593 0.48590277777777774 0.01664930555555557 0.016770833333333356
0 0.5789930555555556 0.4677604166666667 0.022106481481481487 0.016111111111111142
0 0.5642650462962963 0.4759027777777778 0.020567129629629654 0.01763888888888889
0 0.5869791666666667 0.4793055555555556 0.023680555555555573 0.016927083333333214
0 0.5795543981481481 0.45289930555555563 0.02524305555555557 0.016961805555555643
0 0.5645717592592592 0.44385416666666666 0.018177083333333323 0.014461805555555606
0 0.5164583333333334 0.4668055555555556 0.019751157407407405 0.015277777777777857
0 0.5352314814814815 0.467951388888889 0.01973958333333332 0.014496527777777856
1 0.5177662037037037 0.44958333333333333 0.01976273148148149 0.016059027777777856
1 0.4932002314814815 0.4266840277777778 0.02133680555555557 0.016874999999999928
1 0.5127430555555555 0.42703125000000003 0.015052083333333322 0.014392361111111108
1 0.5050694444444443 0.4365798611111111 0.02211805555555557 0.016892361111111143
1 0.5086979166666666 0.4177430555555556 0.01816550925925924 0.013680555555555607
0 0.5386863425925925 0.4373958333333333 0.02214120370370374 0.018454861111111144
0 0.5311226851851851 0.4016145833333334 0.018969907407407404 0.015260416666666643
0 0.6161921296296297 0.44661458333333337 0.026851851851851904 0.020121527777777714
0 0.5344560185185185 0.41560763888888885 0.02054398148148149 0.016076388888888894
0 0.5108449074074074 0.40440972222222216 0.022129629629629655 0.017673611111111143
0 0.5082581018518518 0.38805555555555554 0.018188657407407403 0.015243055555555518
0 0.5208738425925926 0.3955902777777778 0.019797453703703737 0.018402777777777768
0 0.5007523148148147 0.46168402777777773 0.019774305555555573 0.016840277777777857
0 0.6457581018518519 0.49050347222222224 0.016591435185185154 0.012864583333333356
0 0.6538252314814815 0.5075173611111111 0.02055555555555557 0.016857638888888894
0 0.4926967592592593 0.4454513888888889 0.022910879629629476 0.017690972222222177
2 0.7710821759259259 0.8261111111111111 0.02686342592592599 0.020902777777777715
2 0.72734375 0.8278645833333333 0.024508101851851906 0.020069444444444428
2 0.7069039351851851 0.8197222222222222 0.025277777777777823 0.019305555555555288
2 0.6833854166666666 0.8147743055555555 0.025254629629629655 0.017743055555555286
2 0.6637152777777777 0.8058333333333334 0.023680555555555573 0.016927083333333214
2 0.651099537037037 0.7982986111111111 0.028414351851851906 0.020156249999999966
2 0.6493287037037037 0.7842708333333334 0.026093750000000072 0.021666666666666678
2 0.7540625000000001 0.7850694444444445 0.023703703703703737 0.018489583333333216
2 0.7620949074074075 0.7997395833333333 0.025254629629629478 0.017743055555555463
2 0.7300925925925925 0.7496527777777778 0.019785879629629476 0.017621527777777857
2 0.6491203703703704 0.7702083333333334 0.02054398148148149 0.016076388888888894
2 0.6465451388888889 0.7546354166666667 0.01980902777777782 0.019184027777777855
2 0.7326446759259259 0.7636631944444444 0.022922453703703737 0.018472222222222355
2 0.7188425925925925 0.7288020833333333 0.023680555555555573 0.01692708333333339
2 0.7129918981481482 0.7031423611111112 0.02054398148148149 0.016076388888888894
2 0.7127951388888889 0.6898611111111111 0.024484953703703738 0.01850694444444443
2 0.7277604166666667 0.6449826388888888 0.02211805555555557 0.016892361111111143
2 0.7439930555555556 0.6328993055555555 0.022945601851851904 0.02003472222222218
2 0.7228645833333334 0.6310243055555556 0.022887731481481488 0.01612847222222218
2 0.6230092592592593 0.6957638888888888 0.02524305555555557 0.016961805555555643
2 0.6071412037037037 0.6797048611111112 0.023692129629629653 0.017708333333333392
2 0.6012673611111111 0.6524826388888888 0.02133680555555557 0.016874999999999928
2 0.6022685185185186 0.6673090277777778 0.01976273148148149 0.016059027777777856
2 0.603425925925926 0.6399305555555556 0.017465277777777642 0.01913194444444457
2 0.6061689814814815 0.6140798611111111 0.022887731481481488 0.01612847222222218
2 0.6086863425925926 0.6257465277777777 0.023657407407407405 0.015364583333333215
2 0.6005497685185185 0.6040451388888889 0.024496527777777822 0.019288194444444427
2 0.5816840277777777 0.5966493055555555 0.024484953703703738 0.01850694444444443
2 0.5760069444444444 0.5827083333333334 0.022910879629629656 0.017690972222222177
2 0.5789699074074074 0.5717013888888889 0.024473379629629477 0.01772569444444443
2 0.7335127314814816 0.6112500000000001 0.02133680555555557 0.016874999999999928
2 0.7270775462962963 0.5988888888888889 0.023715277777777644 0.019270833333333393
2 0.7417824074074074 0.5891840277777778 0.021325231481481487 0.016093749999999928
2 0.7415972222222222 0.5766840277777778 0.02524305555555557 0.016961805555555643
2 0.7297164351851853 0.5660069444444444 0.02526620370370374 0.01852430555555564
2 0.7116550925925926 0.56015625 0.02524305555555557 0.016961805555555643
2 0.6959375 0.5542534722222221 0.025254629629629478 0.017743055555555644
2 0.5888831018518518 0.5550694444444445 0.02603587962962948 0.017760416666666678
2 0.5886979166666666 0.5425694444444444 0.023657407407407405 0.015364583333333215
2 0.6707175925925926 0.5399652777777778 0.021371527777777642 0.01921874999999993
2 0.66140625 0.4917187500000001 0.019774305555555573 0.016840277777777857
2 0.5693344907407407 0.5015798611111111 0.021278935185185154 0.012968749999999928
2 0.5559143518518519 0.4925 0.017442129629629655 0.017569444444444395
2 0.6516608796296296 0.4669270833333333 0.020509259259259238 0.013732638888888893
2 0.6565335648148147 0.47932291666666665 0.019751157407407405 0.015277777777777857
2 0.5346238425925927 0.4796875 0.02211805555555557 0.016892361111111143
2 0.5135069444444444 0.47859374999999993 0.021325231481481487 0.016093749999999928
2 0.4939293981481481 0.4759027777777778 0.021313657407407406 0.015312499999999929
2 0.4882407407407407 0.4611805555555556 0.018981481481481488 0.01604166666666664
2 0.46608796296296295 0.44291666666666674 0.019797453703703737 0.018402777777777858
2 0.47040509259259256 0.4178125 0.01663773148148149 0.015989583333333356
2 0.4760706018518519 0.4309722222222222 0.017442129629629478 0.01756944444444457
2 0.4942303240740741 0.3907118055555555 0.021348379629629655 0.01765624999999993
0 0.49449652777777775 0.40868055555555555 0.02133680555555557 0.016874999999999928