1 0.40625 0.61796875 0.02578125 0.0203125
1 0.3859375 0.5921875 0.025 0.01796875
1 0.41015625 0.5984375 0.02109375 0.021875
1 0.37578125 0.571875 0.02734375 0.02109375
1 0.40078125 0.575 0.02578125 0.0203125
1 0.421875 0.584375 0.02578125 0.0234375
1 0.41796875 0.5640625 0.02265625 0.0171875
1 0.39453125 0.55546875 0.02578125 0.021875
1 0.41328125 0.54453125 0.025 0.01875
1 0.440625 0.546875 0.02734375 0.01953125
1 0.42890625 0.53125 0.02421875 0.01953125
1 0.43671875 0.51484375 0.02421875 0.01875
1 0.42890625 0.49765625 0.0203125 0.01875
1 0.45 0.484375 0.02421875 0.01796875
1 0.45234375 0.46953125 0.0265625 0.02265625
1 0.453125 0.50078125 0.0234375 0.01796875
1 0.47890625 0.50859375 0.0234375 0.01796875
1 0.45859375 0.51953125 0.02734375 0.01953125
1 0.4703125 0.490625 0.0265625 0.01796875
1 0.49609375 0.4890625 0.02421875 0.01796875
1 0.4765625 0.471875 0.02421875 0.02109375
1 0.50234375 0.47109375 0.0265625 0.021875
1 0.51796875 0.46171875 0.02578125 0.01875
1 0.5359375 0.44765625 0.028125 0.01875
1 0.559375 0.44765625 0.02265625 0.01796875
1 0.584375 0.428125 0.025 0.01796875
1 0.5609375 0.4296875 0.0265625 0.01640625
1 0.5375 0.4296875 0.02578125 0.01875
1 0.4765625 0.4515625 0.03515625 0.021875
1 0.49765625 0.45234375 0.02421875 0.01796875
1 0.5125 0.44765625 0.0265625 0.01640625
1 0.465625 0.4359375 0.02265625 0.01640625
1 0.4890625 0.43359375 0.025 0.0203125
1 0.50546875 0.42109375 0.0203125 0.01796875
1 0.5140625 0.43203125 0.02421875 0.02421875
1 0.44375 0.43203125 0.0234375 0.01796875
1 0.4203125 0.43671875 0.025 0.01640625
1 0.3953125 0.4578125 0.02578125 0.02109375
1 0.42109375 0.45390625 0.025 0.0171875
1 0.446875 0.45078125 0.0234375 0.0203125
1 0.42890625 0.471875 0.02265625 0.01875
0 0.3703125 0.42421875 0.02734375 0.01953125
0 0.37734375 0.44296875 0.03046875 0.02109375
0 0.39453125 0.42734375 0.03046875 0.02265625
0 0.5953125 0.4453125 0.02578125 0.0203125
0 0.55390625 0.4734375 0.03046875 0.02109375
0 0.5328125 0.48359375 0.03046875 0.0234375
0 0.45859375 0.415625 0.02578125 0.0203125
0 0.4796875 0.41171875 0.025 0.01875
0 0.52421875 0.41015625 0.025 0.01953125
0 0.5484375 0.41328125 0.0234375 0.0203125
0 0.57265625 0.41171875 0.02578125 0.0171875
0 0.59921875 0.41328125 0.0265625 0.01796875
0 0.60546875 0.42890625 0.02578125 0.02265625
0 0.625 0.4265625 0.025 0.021875
0 0.64453125 0.421875 0.02421875 0.02421875
0 0.66875 0.421875 0.03046875 0.0265625
0 0.5109375 0.5140625 0.02890625 0.01953125
0 0.51328125 0.4953125 0.025 0.02109375
0 0.3734375 0.4875 0.025 0.0203125
0 0.3953125 0.47265625 0.02578125 0.0171875
0 0.41171875 0.48359375 0.03046875 0.01796875
0 0.39609375 0.49375 0.0234375 0.02265625
0 0.375 0.50546875 0.02890625 0.0203125
0 0.36328125 0.521875 0.02578125 0.01796875
0 0.38671875 0.5265625 0.02421875 0.01953125
0 0.4 0.5109375 0.02265625 0.01953125
0 0.34453125 0.5390625 0.0265625 0.02421875
0 0.36796875 0.53984375 0.03125 0.02421875
0 0.34609375 0.5640625 0.02734375 0.0265625
0 0.36796875 0.55703125 0.02734375 0.0203125
0 0.31953125 0.559375 0.03046875 0.02265625
0 0.30625 0.57578125 0.028125 0.0234375
0 0.33046875 0.5796875 0.0265625 0.021875
0 0.35546875 0.58203125 0.02421875 0.01640625
0 0.34296875 0.5984375 0.0265625 0.0234375
0 0.36484375 0.59921875 0.02890625 0.02265625
0 0.31640625 0.5953125 0.03203125 0.02109375
0 0.290625 0.5921875 0.02734375 0.0234375
0 0.29765625 0.61171875 0.02890625 0.02421875
0 0.3203125 0.615625 0.03046875 0.021875
0 0.346875 0.6203125 0.0265625 0.0234375
0 0.36953125 0.61953125 0.028125 0.01953125
0 0.30625 0.63203125 0.02890625 0.025
0 0.3265625 0.634375 0.0265625 0.0203125
0 0.35078125 0.6390625 0.02890625 0.025
0 0.3765625 0.6375 0.02734375 0.0234375
0 0.40234375 0.6390625 0.03203125 0.021875
0 0.3328125 0.6515625 0.02578125 0.0234375
0 0.36015625 0.659375 0.03125 0.0234375
0 0.38359375 0.65703125 0.02734375 0.02109375
0 0.3328125 0.671875 0.0296875 0.021875
0 0.44375 0.609375 0.03046875 0.021875
0 0.4578125 0.590625 0.028125 0.021875
1 0.44140625 0.56640625 0.0265625 0.025
0 0.46328125 0.57109375 0.025 0.01953125
0 0.46171875 0.55234375 0.025 0.021875
0 0.4875 0.54453125 0.02578125 0.02109375
0 0.48828125 0.52265625 0.02421875 0.021875
2 0.390625 0.703125 0.028125 0.02421875
2 0.36796875 0.6984375 0.03046875 0.021875
2 0.34453125 0.6953125 0.03046875 0.02421875
2 0.31953125 0.6859375 0.034375 0.0234375
2 0.2984375 0.68046875 0.0328125 0.025
2 0.29609375 0.66171875 0.0328125 0.025
2 0.2703125 0.63515625 0.0328125 0.02421875
2 0.26796875 0.61640625 0.02890625 0.02265625
2 0.2375 0.60625 0.028125 0.02734375
2 0.25859375 0.5953125 0.028125 0.0234375
2 0.36640625 0.675 0.03515625 0.0265625
2 0.3875 0.68046875 0.02890625 0.025
2 0.415625 0.6859375 0.03515625 0.02421875
2 0.4140625 0.6671875 0.034375 0.0265625
2 0.434375 0.6484375 0.02890625 0.0234375
2 0.45234375 0.634375 0.03046875 0.02734375
2 0.48828125 0.58671875 0.02265625 0.02734375
2 0.5046875 0.5734375 0.02265625 0.02265625
2 0.5171875 0.5609375 0.0234375 0.02421875
2 0.528125 0.54296875 0.02578125 0.02265625
2 0.540625 0.521875 0.02734375 0.02578125
2 0.3453125 0.4984375 0.02734375 0.028125
2 0.3421875 0.465625 0.02734375 0.028125
2 0.3703125 0.46875 0.02734375 0.02265625
2 0.35546875 0.45234375 0.02265625 0.02421875
2 0.565625 0.5 0.0296875 0.025
2 0.58203125 0.46640625 0.02421875 0.02109375
2 0.31640625 0.41875 0.0296875 0.02734375
2 0.34296875 0.41796875 0.02578125 0.02421875
2 0.61796875 0.44609375 0.02421875 0.01640625
2 0.63984375 0.44453125 0.02421875 0.01875
2 0.6671875 0.44453125 0.03203125 0.01953125
2 0.6890625 0.4375 0.02890625 0.02109375
2 0.7046875 0.4265625 0.02890625 0.0234375
2 0.71015625 0.4078125 0.0328125 0.02265625
2 0.728125 0.39453125 0.0296875 0.0234375
2 0.753125 0.396875 0.03359375 0.025
2 0.6890625 0.39765625 0.028125 0.0265625
2 0.66328125 0.40234375 0.03046875 0.021875
2 0.640625 0.403125 0.02578125 0.015625