1 0.6019965277777778 0.5630092592592593 0.03064236111111107 0.027540509259259237
1 0.5798032407407407 0.5518518518518519 0.0265625 0.022621527777777928
1 0.5567708333333334 0.5423032407407408 0.02887731481481488 0.02197916666666675
1 0.5313078703703704 0.5352372685185186 0.02809606481481488 0.021932870370370238
1 0.5083043981481481 0.5459548611111111 0.028819444444444287 0.020416666666666573
1 0.5305844907407408 0.5547685185185186 0.02497106481481488 0.021747685185185262
1 0.5559895833333333 0.5633969907407408 0.02719907407407405 0.018761574074074083
1 0.5735532407407408 0.5732696759259259 0.027314814814814882 0.021886574074074083
1 0.5736400462962963 0.5919733796296296 0.0265625 0.02262152777777775
1 0.5521701388888889 0.582332175925926 0.028009259259259168 0.01958912037037024
1 0.532175925925926 0.5749421296296297 0.027228009259259167 0.019542824074074084
1 0.5083622685185185 0.5654398148148149 0.027141203703703633 0.017199074074074082
1 0.48226273148148147 0.554513888888889 0.0234375 0.022436342592592595
1 0.46313657407407405 0.56578125 0.027228009259259167 0.019542824074074084
1 0.4846354166666666 0.5746412037037038 0.025723379629629763 0.021012731481481594
1 0.506105324074074 0.5842824074074074 0.026475694444444465 0.02027777777777775
1 0.4877604166666667 0.5955034722222222 0.02734375 0.022667824074074083
1 0.46860532407407407 0.5865046296296297 0.027980324074074046 0.018807870370370416
1 0.4455729166666666 0.5769560185185185 0.03052662037037024 0.024415509259259238
1 0.4432581018518519 0.5973611111111111 0.03052662037037024 0.024415509259259238
1 0.4640625 0.6039236111111111 0.027401620370370416 0.024230324074074085
1 0.4870081018518519 0.6158159722222223 0.02893518518518512 0.023541666666666572
1 0.5069733796296296 0.6029398148148148 0.03275462962962976 0.02142939814814824
1 0.5337962962962963 0.6153819444444444 0.03200231481481488 0.022164351851851904
1 0.5546296296296296 0.6001157407407407 0.03064236111111107 0.027540509259259237
1 0.506886574074074 0.6263310185185185 0.03356481481481488 0.022256944444444392
1 0.4877314814814815 0.6383796296296296 0.0328125 0.022991898148148237
1 0.4647569444444445 0.6272685185185185 0.030584490740740832 0.02597800925925924
1 0.4432581018518519 0.6184085648148148 0.034519675925925954 0.026990740740740725
1 0.4226273148148148 0.6071585648148148 0.03382523148148149 0.029288194444444395
1 0.398755787037037 0.6202662037037037 0.036834490740740834 0.026348379629629548
1 0.3980324074074074 0.6397974537037037 0.030584490740740745 0.02597800925925924
1 0.42332175925925924 0.6305034722222222 0.029745370370370415 0.024369212962962905
1 0.42413194444444446 0.6507233796296296 0.03454861111111107 0.027771990740740903
1 0.4463541666666666 0.6400520833333333 0.032928240740740834 0.026116898148148236
1 0.4478877314814815 0.6617881944444445 0.033767361111111074 0.02772569444444457
1 0.47016782407407404 0.6495543981481482 0.02754629629629619 0.028136574074074085
1 0.42717013888888894 0.6739293981481482 0.034519675925925954 0.026990740740740725
1 0.3994791666666667 0.6638773148148148 0.03695023148148149 0.029473379629629547
1 0.3787905092592593 0.6541898148148148 0.03460648148148149 0.029334490740740904
1 0.3564814814814815 0.6461574074074073 0.03214699074074075 0.026070601851851904
1 0.3333622685185185 0.6599999999999999 0.03512731481481479 0.022349537037036883
1 0.3364872685185185 0.6808622685185185 0.030497685185185208 0.023634259259259237
1 0.3594618055555555 0.6709259259259259 0.027401620370370416 0.024230324074073904
1 0.35865162037037035 0.6928009259259259 0.029745370370370415 0.024369212962962905
1 0.34259259259259256 0.7054456018518518 0.029050925925925952 0.02666666666666657
1 0.3809606481481481 0.6797858796296297 0.03460648148148149 0.029334490740740727
1 0.382494212962963 0.7015219907407408 0.03373842592592595 0.02694444444444457
1 0.4024594907407407 0.6886458333333334 0.032320601851851906 0.030758101851851904
0 0.5216724537037037 0.6480613425925925 0.030613425925925954 0.02675925925925924
0 0.544068287037037 0.6327025462962963 0.03214699074074083 0.026070601851851904
0 0.5655671296296296 0.6205150462962964 0.02965856481481488 0.022025462962962906
0 0.4986400462962964 0.6595601851851851 0.03440393518518512 0.023865740740740726
0 0.47326388888888893 0.6711979166666666 0.02728587962962976 0.021105324074074082
0 0.4517650462962964 0.6833854166666666 0.03278356481481488 0.022210648148148236
0 0.42954282407407407 0.6940567129629629 0.03454861111111107 0.027771990740740726
0 0.39817708333333335 0.7200810185185185 0.03370949074074074 0.026163194444444392
0 0.3527199074074074 0.7266724537037037 0.031163194444444466 0.02055555555555557
0 0.32592592592592595 0.7344965277777777 0.03373842592592595 0.026944444444444392
0 0.3489872685185185 0.7432638888888888 0.034490740740740745 0.026209490740740728
0 0.3789351851851852 0.7344733796296297 0.03611111111111107 0.027864583333333214
0 0.3095775462962963 0.6918113425925926 0.03443287037037042 0.024646990740740726
0 0.31111111111111106 0.6714525462962964 0.03353587962962958 0.021475694444444395
0 0.311863425925926 0.6511400462962962 0.03295717592592595 0.026898148148148237
0 0.33735532407407404 0.6363773148148149 0.032089120370370414 0.024508101851851906
0 0.3597800925925926 0.6202372685185186 0.030700231481481488 0.029103009259259238
0 0.38370949074074073 0.6055671296296297 0.03370949074074066 0.026163194444444392
0 0.4051793981481482 0.5941608796296296 0.03142361111111107 0.027586805555555573
0 0.4297453703703704 0.5623032407407408 0.02965856481481488 0.022025462962962906
0 0.45587384259259256 0.551400462962963 0.03605324074074083 0.026302083333333216
0 0.47335069444444444 0.5425694444444444 0.034490740740740836 0.026209490740740728
0 0.4955729166666666 0.5318981481481482 0.03043981481481488 0.02207175925925924
0 0.5907118055555556 0.5940798611111111 0.024334490740740834 0.02560763888888893
0 0.6149305555555555 0.592644675925926 0.029890046296296192 0.028275462962962905
0 0.6310185185185185 0.5581712962962962 0.02887731481481488 0.02197916666666657
0 0.6105324074074074 0.5430150462962964 0.02740162037037024 0.024230324074074085
0 0.6342881944444445 0.5330324074074074 0.02980324074074083 0.025931712962962906
0 0.611255787037037 0.5234837962962964 0.030526620370370416 0.024415509259259238
0 0.6327256944444445 0.5120775462962962 0.028964120370370237 0.024322916666666573
0 0.5868344907407408 0.5303877314814814 0.03764467592592595 0.02717592592592588
0 0.5622685185185186 0.520150462962963 0.032899305555555536 0.02533564814814824
0 0.591579861111111 0.5075000000000001 0.035358796296296194 0.02859953703703706
0 0.567679398148148 0.5003414351851851 0.03214699074074083 0.026070601851851904
0 0.543142361111111 0.5103703703703704 0.030613425925925954 0.02675925925925924
0 0.5193865740740741 0.5203530092592593 0.034635416666666786 0.030115740740740728
2 0.4956597222222222 0.5085069444444444 0.033767361111111074 0.02772569444444457
2 0.47016782407407404 0.5232696759259259 0.03431712962962976 0.021521990740740904
2 0.45037615740740744 0.5314583333333334 0.03370949074074083 0.026163194444444392
2 0.42647569444444444 0.5453472222222222 0.02740162037037024 0.024230324074074085
2 0.5225405092592592 0.49833912037037037 0.03287037037037042 0.02455439814814824
2 0.5440972222222222 0.48458912037037044 0.029050925925925952 0.02666666666666657
2 0.645804398148148 0.6009490740740742 0.03368055555555571 0.02538194444444457
2 0.6405381944444445 0.5747569444444445 0.03211805555555554 0.025289351851851903
2 0.6212094907407406 0.6125405092592593 0.030353009259259166 0.019728009259259237
2 0.595920138888889 0.6218344907407408 0.03773148148148131 0.02951967592592588
2 0.573582175925926 0.635630787037037 0.034375 0.023084490740740725
2 0.5589409722222223 0.6520891203703704 0.035214120370370416 0.02469328703703706
2 0.5011574074074074 0.67578125 0.03365162037037024 0.024600694444444394
2 0.5226273148148148 0.6643749999999999 0.034490740740740836 0.026209490740740728
2 0.4796296296296296 0.68875 0.03043981481481488 0.02207175925925924
2 0.45801504629629636 0.7040625 0.03457754629629619 0.028553240740740726
2 0.44646990740740744 0.7211168981481482 0.03460648148148149 0.029334490740740727
2 0.29227430555555556 0.7170023148148148 0.03382523148148149 0.02928819444444457
2 0.3177083333333333 0.7669444444444444 0.03064236111111107 0.027540509259259237
2 0.2861400462962963 0.6511053240740741 0.026707175925925954 0.02652777777777775