1 0.4099305555555556 0.5538715277777777 0.026232638888888892 0.021458333333333357
1 0.43493055555555554 0.5527604166666666 0.024652777777777857 0.020607638888888856
1 0.47138888888888886 0.5628472222222223 0.03008680555555543 0.019288194444444427
1 0.45432291666666663 0.5581423611111112 0.021510416666666643 0.019687500000000035
1 0.4827430555555555 0.543611111111111 0.025434027777777857 0.020642361111111108
1 0.48944444444444446 0.5581423611111112 0.026232638888888892 0.021458333333333357
1 0.44628472222222226 0.5335243055555555 0.01836805555555543 0.018767361111111214
1 0.4569791666666667 0.5439756944444445 0.026215277777777858 0.020677083333333356
1 0.4697395833333333 0.5317013888888888 0.022986111111111106 0.01585069444444436
1 0.46696180555555555 0.5162152777777778 0.025399305555555605 0.019079861111111106
1 0.4474652777777777 0.5155208333333333 0.02381944444444457 0.01822916666666661
1 0.41890625000000004 0.5363020833333334 0.03168402777777786 0.02092013888888893
1 0.42019097222222224 0.5136111111111111 0.026197916666666644 0.019895833333333356
1 0.47972222222222227 0.5039409722222222 0.023906249999999928 0.022135416666666786
1 0.5048090277777778 0.49892361111111116 0.023107638888888893 0.021319444444444356
1 0.4581423611111111 0.49163194444444447 0.024600694444444394 0.018263888888888857
1 0.43142361111111105 0.49984375 0.020677083333333356 0.017309027777777784
1 0.4500520833333333 0.5044791666666667 0.02460069444444457 0.018263888888888857
1 0.44276041666666666 0.4813888888888888 0.023871527777777856 0.020572916666666784
1 0.46939236111111116 0.4770833333333333 0.026215277777777858 0.020677083333333356
1 0.4927083333333334 0.4815104166666666 0.023906249999999928 0.022135416666666786
1 0.5359895833333332 0.46553819444444444 0.029427083333333215 0.02472222222222218
1 0.5172916666666667 0.46402777777777776 0.027083333333333393 0.024618055555555428
1 0.5167881944444443 0.48668402777777775 0.02774305555555543 0.019184027777777855
0 0.3451388888888889 0.5544097222222222 0.021527777777777767 0.02046874999999986
0 0.36118055555555556 0.5349652777777777 0.02309027777777777 0.02053819444444436
0 0.38085069444444447 0.5278472222222221 0.023055555555555607 0.018975694444444358
0 0.3686111111111111 0.5518055555555555 0.030920138888888893 0.021666666666666678
0 0.39220486111111114 0.5437326388888889 0.02545138888888889 0.02142361111111111
0 0.35258680555555555 0.5704687500000001 0.026215277777777858 0.020677083333333356
0 0.37916666666666665 0.5685069444444444 0.027795138888888894 0.021527777777777857
0 0.36944444444444446 0.5845486111111111 0.02935763888888889 0.021597222222222358
0 0.3936284722222222 0.5850347222222222 0.031753472222222176 0.02404513888888893
0 0.4018923611111111 0.5643750000000001 0.027812499999999928 0.022309027777777858
0 0.37359375000000006 0.6085590277777777 0.029392361111111143 0.023159722222222356
0 0.40020833333333333 0.6050347222222222 0.029340277777777857 0.02081597222222218
0 0.41390625 0.6208159722222222 0.032482638888888894 0.021736111111111
0 0.42692708333333335 0.5968229166666668 0.030138888888888892 0.02163194444444443
0 0.4203125 0.5783854166666667 0.025434027777777857 0.020642361111111108
0 0.4421354166666667 0.5797569444444445 0.031736111111111145 0.023263888888888928
0 0.43828125 0.6127083333333333 0.028593749999999928 0.02234374999999993
0 0.44644097222222223 0.6318576388888889 0.031770833333333394 0.02482638888888893
0 0.4721875 0.6322743055555555 0.03413194444444443 0.0257118055555555
0 0.46796875 0.6113888888888889 0.027829861111111142 0.023090277777777855
0 0.4589756944444444 0.5946180555555556 0.03411458333333321 0.0249305555555555
0 0.4703645833333333 0.5738194444444444 0.03008680555555543 0.019288194444444427
0 0.4848437499999999 0.5895659722222222 0.03015624999999993 0.02241319444444443
0 0.49456597222222226 0.6086458333333333 0.030173611111111144 0.023194444444444427
0 0.5027083333333333 0.6285763888888889 0.030920138888888893 0.021666666666666678
0 0.49449652777777775 0.6468923611111111 0.030138888888888892 0.02163194444444443
0 0.5146875 0.6514583333333334 0.029427083333333215 0.02472222222222218
0 0.5405208333333333 0.6479687500000001 0.03409722222222218 0.0241493055555555
0 0.5315451388888889 0.6304166666666667 0.03095486111111114 0.023229166666666502
0 0.55140625 0.6147048611111112 0.03413194444444443 0.0257118055555555
0 0.525 0.6088541666666666 0.029409722222222177 0.023940972222222356
0 0.5120486111111111 0.5946006944444445 0.03411458333333339 0.0249305555555555
0 0.5334548611111112 0.5796006944444445 0.030208333333333216 0.02475694444444443
0 0.5039409722222222 0.5731076388888889 0.031753472222222356 0.02404513888888893
0 0.5229861111111112 0.5589930555555556 0.03338541666666668 0.027239583333333428
0 0.5447743055555556 0.5619270833333333 0.031736111111111145 0.023263888888888928
0 0.5607986111111112 0.5783854166666667 0.03171874999999993 0.022482638888888927
0 0.5401215277777778 0.5956944444444444 0.03171874999999993 0.022482638888888927
0 0.5705381944444444 0.5966840277777778 0.030173611111111144 0.023194444444444427
0 0.5811631944444444 0.6102604166666666 0.030208333333333216 0.02475694444444443
0 0.5971006944444445 0.630625 0.03097222222222218 0.0240104166666665
0 0.6077777777777778 0.6067361111111111 0.029479166666666678 0.027065972222222356
0 0.5780208333333333 0.6463020833333333 0.033350694444444426 0.025677083333333427
0 0.5988194444444443 0.6586458333333333 0.034895833333333216 0.024965277777777926
0 0.5597048611111111 0.6627256944444444 0.03251736111111114 0.02329861111111118
0 0.47888888888888886 0.6819270833333333 0.02706597222222218 0.023836805555555608
0 0.4839583333333334 0.6996527777777779 0.028559027777777857 0.020781249999999928
0 0.5025520833333333 0.6707291666666666 0.033350694444444426 0.025677083333333427
0 0.5146354166666667 0.6889236111111112 0.027013888888888893 0.02149305555555543
0 0.5314930555555556 0.6678819444444445 0.03095486111111114 0.02322916666666668
0 0.5420138888888889 0.6861458333333333 0.031770833333333214 0.02482638888888893
0 0.5428645833333333 0.5425 0.026267361111111144 0.02302083333333336
0 0.5158854166666667 0.5273090277777778 0.02866319444444443 0.02546874999999993
0 0.49506944444444445 0.5157465277777777 0.019913194444444393 0.018055555555555537
1 0.5678124999999999 0.5086111111111111 0.024618055555555428 0.019045138888888858
1 0.5873263888888889 0.5085243055555555 0.018315972222222143 0.016423611111111215
1 0.5877083333333333 0.4913368055555555 0.023038194444444392 0.018194444444444357
0 0.5461979166666666 0.49786458333333333 0.021493055555555605 0.018906250000000034
0 0.5250347222222222 0.5019270833333334 0.020659722222222142 0.016527777777777787
0 0.5513194444444445 0.478125 0.01980902777777782 0.013368055555555536
0 0.5682465277777778 0.4890798611111111 0.019861111111111284 0.015711805555555534
0 0.4907465277777778 0.4644270833333334 0.02302083333333336 0.017413194444444356
0 0.3893576388888889 0.49625 0.029340277777777767 0.020815972222222357
0 0.39598958333333334 0.51390625 0.026128472222222143 0.016770833333333356
0 0.37414930555555553 0.5133159722222222 0.02690972222222223 0.016805555555555428
2 0.3106770833333333 0.5247222222222222 0.025434027777777767 0.020642361111111285
2 0.32352430555555556 0.5085416666666667 0.030208333333333393 0.02475694444444443
2 0.33875 0.5258159722222222 0.026996527777777855 0.020711805555555428
2 0.34772569444444446 0.5082465277777778 0.026250000000000016 0.022239583333333358
2 0.3636979166666666 0.4919270833333334 0.024670138888888894 0.021388888888888857
2 0.3212152777777778 0.5422048611111111 0.026180555555555606 0.01911458333333336
2 0.32552083333333337 0.5591840277777778 0.027013888888888893 0.02149305555555543
2 0.3313194444444444 0.57921875 0.026180555555555606 0.01911458333333336
2 0.3309201388888889 0.5971875000000001 0.02777777777777777 0.020746527777777857
2 0.35343749999999996 0.6024305555555556 0.023090277777777855 0.02053819444444436
2 0.33748263888888885 0.61796875 0.028611111111111143 0.02312499999999993
2 0.3532986111111111 0.6438020833333333 0.023958333333333304 0.024479166666666784
2 0.3781423611111111 0.6497222222222222 0.03015624999999993 0.02241319444444443
2 0.37701388888888887 0.6302604166666667 0.027812500000000018 0.022309027777777858
2 0.4101909722222222 0.6475173611111111 0.03022569444444443 0.02553819444444443
2 0.44027777777777777 0.6633506944444445 0.031736111111111145 0.023263888888888928
2 0.4714236111111111 0.6666493055555556 0.02784722222222218 0.023871527777777856
2 0.4142534722222222 0.6754340277777777 0.031736111111111145 0.023263888888888928
2 0.42708333333333337 0.6951562499999999 0.03486111111111114 0.02340277777777793
2 0.44840277777777776 0.6840624999999999 0.028645833333333214 0.024687499999999928
2 0.42894097222222227 0.7169270833333334 0.02704861111111114 0.02305555555555543
2 0.4526215277777778 0.7049479166666666 0.032534722222222354 0.024079861111111
2 0.4559895833333334 0.7289930555555555 0.028628472222222357 0.023906249999999928
2 0.40302083333333333 0.7243229166666667 0.03015624999999993 0.02241319444444443
2 0.37277777777777776 0.7155208333333334 0.028576388888888894 0.02156249999999993
2 0.3754340277777778 0.7364756944444444 0.02859375000000002 0.02234374999999993
2 0.40095486111111106 0.7470486111111111 0.03326388888888889 0.021770833333333427
2 0.42920138888888887 0.7403298611111111 0.029427083333333215 0.024722222222222357
2 0.3441666666666666 0.7386458333333333 0.028593749999999928 0.02234374999999993
2 0.36097222222222225 0.7550694444444443 0.029409722222222177 0.023940972222222356
2 0.37704861111111115 0.7691840277777777 0.03486111111111114 0.02340277777777775
2 0.37109375 0.7913020833333333 0.035659722222222176 0.02421875
2 0.34565972222222224 0.7768229166666667 0.030138888888888892 0.02163194444444443
2 0.33043402777777775 0.759548611111111 0.030989583333333393 0.0247916666666665
2 0.31585069444444447 0.7836111111111111 0.031753472222222176 0.02404513888888893
2 0.33815972222222224 0.7982291666666667 0.035642361111111145 0.0234375
2 0.3534027777777778 0.8147222222222222 0.03420138888888893 0.0288368055555555
2 0.3136805555555556 0.8110243055555555 0.032500000000000015 0.022517361111111002
2 0.28737847222222224 0.8004861111111111 0.02937500000000002 0.022378472222222
2 0.28685763888888893 0.8239236111111111 0.02864583333333339 0.024687499999999928
2 0.3319965277777778 0.8297222222222222 0.033333333333333395 0.02489583333333343
2 0.30600694444444443 0.8402430555555556 0.03562499999999993 0.02265625
2 0.27003472222222225 0.8434027777777778 0.03256944444444443 0.025642361111111
2 0.4997048611111111 0.7286111111111111 0.031006944444444427 0.025572916666666678
0 0.5079340277777777 0.7095138888888889 0.026232638888888892 0.021458333333333357
2 0.5294965277777778 0.7226041666666667 0.03170138888888889 0.02170138888888893
2 0.5585763888888888 0.7135069444444444 0.030885416666666644 0.02010416666666668
2 0.5834374999999999 0.6835243055555555 0.03022569444444443 0.02553819444444443
2 0.5884375000000001 0.704375 0.031770833333333214 0.02482638888888893
2 0.6145138888888889 0.6899479166666667 0.031006944444444427 0.025572916666666678
2 0.6359375 0.6741666666666667 0.02862847222222218 0.023906249999999928
2 0.6511805555555557 0.6555381944444445 0.031736111111111145 0.023263888888888928
2 0.6247222222222222 0.6520312500000001 0.02944444444444443 0.025503472222222177
2 0.6399652777777778 0.6334027777777778 0.027100694444444427 0.02539930555555543
2 0.6664583333333333 0.6353472222222222 0.034930555555555645 0.02652777777777775
2 0.6543923611111111 0.6163715277777777 0.03256944444444443 0.025642361111111
2 0.6302951388888889 0.6119791666666666 0.022361111111111144 0.022847222222222286
2 0.6455555555555555 0.5925694444444444 0.029392361111111143 0.023159722222222356
2 0.6743229166666667 0.5975347222222223 0.032621527777777715 0.027986111111111177
2 0.6786284722222222 0.5793923611111111 0.033368055555555644 0.026458333333333427
2 0.6546354166666667 0.5703125 0.034079861111111144 0.0233680555555555
2 0.6287499999999999 0.5761458333333334 0.03329861111111114 0.023333333333333428
2 0.6038715277777778 0.5717881944444445 0.03178819444444443 0.02560763888888893
2 0.6393576388888889 0.5553819444444444 0.027065972222222356 0.02383680555555543
2 0.6113020833333334 0.5535069444444445 0.031006944444444427 0.025572916666666678
2 0.6242013888888889 0.534982638888889 0.02866319444444443 0.02546874999999993
2 0.600920138888889 0.5289930555555555 0.030190972222222178 0.023975694444444428
2 0.5857291666666666 0.5452777777777778 0.02944444444444443 0.025503472222222358
2 0.5526736111111111 0.5225520833333334 0.019131944444444392 0.018020833333333285
2 0.5759895833333333 0.5269791666666667 0.026961805555555607 0.01914930555555543
2 0.5663888888888888 0.5375520833333333 0.021579861111111143 0.022812499999999857
2 0.5767013888888889 0.5651909722222223 0.025486111111111143 0.022986111111111106