1 0.7074826388888888 0.8284375 0.017031249999999963 0.015156249999999715
1 0.7222569444444444 0.8278645833333333 0.017777777777777715 0.014427083333333358
1 0.7148090277777778 0.8180208333333333 0.016996527777777715 0.014375000000000072
1 0.7102430555555556 0.8029166666666667 0.020156249999999966 0.015364583333333215
1 0.7268923611111111 0.8094791666666665 0.017812499999999964 0.015208333333333001
1 0.7003819444444443 0.7913541666666667 0.018559027777777716 0.014479166666666644
1 0.7184548611111111 0.7948958333333334 0.016215277777777714 0.014322916666666786
1 0.6989409722222222 0.7764583333333334 0.016111111111111142 0.011979166666666607
1 0.7139236111111111 0.7805729166666666 0.016215277777777714 0.014322916666666607
1 0.7093923611111111 0.76625 0.01692708333333339 0.01281250000000007
1 0.688298611111111 0.76484375 0.016180555555555642 0.013541666666666608
1 0.6972569444444444 0.75609375 0.020086805555555642 0.013802083333333215
1 0.6821006944444445 0.7480729166666666 0.019375000000000142 0.015312499999999929
1 0.6942534722222222 0.7410937499999999 0.020156250000000143 0.015364583333333215
1 0.6768229166666667 0.7344791666666667 0.017847222222222216 0.015989583333333356
1 0.6936631944444445 0.7278125 0.020121527777777714 0.014583333333333216
1 0.6754513888888889 0.7211458333333333 0.016111111111111142 0.011979166666666785
1 0.6899479166666667 0.7143229166666666 0.017031249999999963 0.01515625000000007
1 0.6671180555555555 0.70890625 0.020868055555555643 0.013854166666666678
1 0.6808333333333334 0.7020312499999999 0.016927083333333214 0.01281250000000007
1 0.6619444444444444 0.69765625 0.018524305555555464 0.013697916666666643
1 0.6491666666666667 0.6905729166666668 0.016857638888888894 0.01125000000000007
1 0.6788194444444444 0.6917708333333333 0.015364583333333215 0.012708333333333321
1 0.6972916666666666 0.6867708333333333 0.01604166666666664 0.010416666666666786
1 0.6922222222222223 0.6778645833333334 0.016857638888888894 0.01125000000000007
1 0.6548611111111111 0.6083854166666667 0.01930555555555564 0.013749999999999929
1 0.6746354166666666 0.61515625 0.014618055555555643 0.013437500000000036
1 0.6737326388888889 0.6298958333333333 0.01930555555555564 0.013749999999999929
1 0.6902083333333333 0.6325520833333333 0.016892361111111143 0.012031250000000071
1 0.68046875 0.64125 0.014652777777777714 0.014218749999999858
1 0.6640972222222222 0.6409375 0.019270833333333216 0.012968749999999928
1 0.6885416666666666 0.66515625 0.020121527777777714 0.014583333333333393
1 0.7058680555555557 0.6694270833333333 0.016180555555555642 0.013541666666666608
1 0.6991666666666667 0.6588541666666666 0.016111111111111142 0.011979166666666785
1 0.6605034722222223 0.6827604166666666 0.020798611111111143 0.012291666666666678
1 0.6646006944444445 0.6697916666666666 0.01930555555555564 0.013749999999999929
1 0.6782986111111111 0.6800520833333333 0.019340277777777713 0.01453124999999993
1 0.6405208333333333 0.6011979166666667 0.020902777777777715 0.014635416666666679
1 0.6535590277777777 0.5966145833333333 0.017777777777777715 0.014427083333333358
1 0.6253645833333333 0.5931770833333333 0.016927083333333214 0.01281250000000007
1 0.629079861111111 0.6066666666666667 0.017743055555555644 0.013645833333333357
1 0.6487673611111111 0.5589062499999999 0.020937499999999963 0.01541666666666668
1 0.6474652777777778 0.5471354166666667 0.018628472222222213 0.01604166666666664
1 0.63890625 0.5122916666666667 0.016250000000000143 0.015104166666666785
1 0.6129513888888889 0.5066666666666666 0.019340277777777713 0.01453124999999993
1 0.5601215277777778 0.4922395833333333 0.017777777777777715 0.014427083333333358
1 0.5489409722222222 0.48604166666666665 0.016961805555555643 0.013593750000000071
1 0.6254513888888888 0.5425520833333334 0.021822916666666713 0.01781250000000014
1 0.6272395833333333 0.5302083333333333 0.01852430555555564 0.013697916666666643
0 0.7689236111111111 0.8613541666666666 0.021753472222222216 0.016250000000000143
0 0.7535243055555556 0.8478645833333334 0.025798611111111213 0.019635416666666572
0 0.7222048611111112 0.8442187499999999 0.024305555555555535 0.02109375
0 0.7383333333333333 0.8390625 0.020295138888888786 0.018489583333333216
0 0.7487847222222223 0.8288541666666667 0.023420138888888963 0.018697916666666713
0 0.7434722222222222 0.8144791666666666 0.018732638888888785 0.018385416666666644
0 0.7026041666666666 0.8413541666666667 0.024982638888888787 0.018802083333333285
0 0.6918576388888888 0.8273958333333333 0.021753472222222216 0.016250000000000143
0 0.689670138888889 0.8132291666666667 0.023454861111111214 0.019479166666666714
0 0.6805902777777778 0.80171875 0.020329861111111215 0.019270833333333216
0 0.6799305555555556 0.786875 0.022604166666666713 0.017864583333333427
0 0.733576388888889 0.8021354166666667 0.020121527777777714 0.014583333333333216
0 0.7291145833333333 0.7893749999999999 0.018628472222222213 0.01604166666666664
0 0.6738715277777778 0.7732291666666666 0.022499999999999964 0.015520833333333428
0 0.6709722222222222 0.7605729166666666 0.017743055555555644 0.013645833333333357
0 0.72625 0.7775000000000001 0.014652777777777714 0.014218749999999858
0 0.6656597222222222 0.7461979166666667 0.020225694444444463 0.01692708333333339
0 0.712673611111111 0.7173958333333333 0.019444444444444285 0.016874999999999928
0 0.711701388888889 0.7305729166666667 0.020295138888888786 0.018489583333333393
0 0.710763888888889 0.74453125 0.019375000000000142 0.015312499999999929
0 0.7174652777777778 0.7551041666666667 0.020190972222222214 0.016145833333333214
0 0.6537152777777777 0.7228125000000001 0.027361111111111214 0.019739583333333498
0 0.6339930555555556 0.6996875 0.021788194444444287 0.017031249999999963
0 0.6483680555555555 0.70765625 0.023420138888888786 0.018697916666666713
0 0.7120833333333334 0.7041145833333333 0.024097222222222214 0.01640625
0 0.6983854166666668 0.6938541666666667 0.024131944444444286 0.0171875
0 0.7192013888888888 0.6890104166666666 0.024236111111111035 0.01953125
0 0.6334027777777778 0.6864062499999999 0.020190972222222214 0.016145833333333214
0 0.6336284722222223 0.6739583333333334 0.023385416666666714 0.017916666666666713
0 0.6382986111111111 0.6563541666666667 0.021006944444444463 0.016979166666666677
0 0.6465972222222222 0.6678124999999999 0.021788194444444287 0.017031250000000143
0 0.7177604166666667 0.6741145833333333 0.018663194444444465 0.016822916666666642
0 0.7290277777777778 0.6647395833333334 0.021927083333333285 0.020156249999999966
0 0.7261631944444444 0.6528645833333333 0.021788194444444464 0.017031249999999963
0 0.720920138888889 0.6400520833333333 0.023350694444444285 0.017135416666666715
0 0.6503472222222222 0.6470312500000001 0.025052083333333287 0.020364583333333287
0 0.6420833333333333 0.6363541666666667 0.021718749999999964 0.015468749999999965
0 0.635920138888889 0.6203645833333333 0.017986111111111213 0.01911458333333336
0 0.6555555555555556 0.6240104166666667 0.021927083333333285 0.020156249999999966
0 0.60765625 0.6153645833333334 0.023315972222222214 0.016354166666666715
0 0.6124305555555555 0.6001041666666667 0.02250000000000014 0.015520833333333251
0 0.685329861111111 0.6104166666666666 0.020225694444444286 0.016927083333333214
0 0.7027256944444444 0.61625 0.018663194444444465 0.016822916666666642
0 0.7176041666666666 0.6180208333333332 0.015538194444444464 0.0166145833333335
0 0.7304166666666667 0.6258854166666666 0.021006944444444287 0.016979166666666677
0 0.6822222222222222 0.5930729166666666 0.020972222222222215 0.01619791666666668
0 0.5951909722222222 0.5452083333333333 0.023350694444444466 0.017135416666666715
0 0.6077430555555556 0.5647395833333333 0.020972222222222215 0.01619791666666668
0 0.62453125 0.5744270833333334 0.020156249999999966 0.015364583333333393
0 0.6691666666666667 0.5797395833333333 0.020937499999999963 0.0154166666666665
0 0.6663020833333333 0.5678645833333333 0.018593749999999964 0.015260416666666643
0 0.6372743055555555 0.5807291666666666 0.020295138888888963 0.018489583333333216
0 0.5822569444444444 0.5170833333333332 0.017135416666666715 0.01750000000000007
0 0.5892708333333333 0.49963541666666667 0.022534722222222213 0.01630208333333343
0 0.5747743055555555 0.5064583333333333 0.021076388888888964 0.01854166666666668
0 0.5976041666666667 0.5118750000000001 0.024131944444444286 0.0171875
0 0.5893923611111112 0.4848437499999999 0.025729166666666713 0.01807291666666657
0 0.5749131944444444 0.47453124999999996 0.018559027777777716 0.014479166666666644
0 0.5266319444444444 0.49234375 0.020190972222222214 0.016145833333333214
0 0.5462673611111111 0.4959895833333333 0.020156250000000143 0.015364583333333393
1 0.5274652777777777 0.4760416666666666 0.020190972222222214 0.016145833333333214
1 0.5029861111111111 0.4510416666666666 0.021788194444444464 0.017031250000000143
1 0.5225520833333334 0.453125 0.015468749999999965 0.015052083333333322
1 0.514375 0.4619270833333333 0.022569444444444465 0.01708333333333343
1 0.5182291666666666 0.4434895833333333 0.018559027777777716 0.014479166666666644
0 0.5480381944444443 0.46572916666666664 0.022673611111111214 0.01942708333333325
0 0.5394097222222223 0.42932291666666667 0.019409722222222214 0.016093749999999928
0 0.6258680555555556 0.48182291666666666 0.027430555555555534 0.021302083333333322
0 0.5439756944444445 0.44442708333333336 0.020972222222222215 0.01619791666666668
0 0.5199826388888888 0.4303645833333333 0.022638888888888965 0.018645833333333427
0 0.5169097222222222 0.4138020833333333 0.018628472222222213 0.01604166666666664
0 0.5297569444444445 0.4224479166666667 0.020329861111111215 0.019270833333333216
0 0.5115798611111111 0.4866666666666667 0.020225694444444463 0.016927083333333214
0 0.6567534722222221 0.52828125 0.016961805555555643 0.013593750000000071
0 0.6645486111111112 0.5459375 0.021006944444444463 0.016979166666666677
0 0.5030381944444444 0.4697395833333333 0.023420138888888786 0.018697916666666713
2 0.7912152777777777 0.8721875000000001 0.027465277777777786 0.022083333333333142
2 0.7474999999999999 0.8700520833333334 0.025086805555555713 0.021145833333333287
2 0.7275868055555555 0.86015625 0.025052083333333287 0.020364583333333287
2 0.703125 0.8530729166666667 0.025763888888888965 0.01885416666666657
2 0.6839583333333333 0.8424479166666666 0.024131944444444463 0.0171875
2 0.6711111111111111 0.8338020833333333 0.028993055555555536 0.02140625000000007
2 0.6689236111111111 0.8196354166666666 0.026718749999999857 0.022812499999999857
2 0.7729687500000001 0.8296875 0.023454861111111214 0.019479166666666714
2 0.7814409722222223 0.8450520833333334 0.024982638888888787 0.018802083333333285
2 0.7479687500000001 0.79296875 0.020295138888888786 0.018489583333333216
2 0.6682986111111111 0.8055729166666665 0.021006944444444463 0.016979166666666858
2 0.6652604166666667 0.7897916666666667 0.020364583333333287 0.020052083333333214
2 0.7509027777777778 0.80640625 0.023454861111111214 0.019479166666666714
2 0.73609375 0.7711458333333333 0.023385416666666714 0.017916666666666713
2 0.7294791666666667 0.745 0.020972222222222215 0.01619791666666668
2 0.7288888888888889 0.73171875 0.025017361111111212 0.019583333333333286
2 0.7425347222222223 0.6882291666666667 0.022569444444444465 0.01708333333333343
2 0.7584201388888889 0.6776041666666666 0.023524305555555715 0.021041666666666715
2 0.7372569444444445 0.6746354166666666 0.023350694444444466 0.017135416666666715
2 0.64 0.7296875 0.025694444444444287 0.017291666666666573
2 0.6236458333333333 0.7122395833333333 0.024201388888888786 0.01875
2 0.6169618055555556 0.68453125 0.021788194444444464 0.017031250000000143
2 0.6184027777777777 0.6994270833333334 0.020225694444444463 0.01692708333333339
2 0.61796875 0.6721354166666667 0.018020833333333285 0.019895833333333356
2 0.6207638888888889 0.6473958333333334 0.023315972222222214 0.016354166666666715
2 0.6236284722222222 0.6592708333333334 0.023281249999999965 0.015572916666666714
2 0.61484375 0.6368750000000001 0.025052083333333287 0.020364583333333287
2 0.5957465277777778 0.6278124999999999 0.025017361111111212 0.019583333333333286
2 0.5896527777777777 0.6133854166666667 0.023420138888888786 0.018697916666666713
2 0.5922916666666667 0.60265625 0.024982638888888964 0.018802083333333285
2 0.7473263888888889 0.6558333333333334 0.021822916666666713 0.01781250000000014
2 0.7405208333333333 0.6429166666666666 0.024270833333333287 0.0203125
2 0.7549479166666667 0.63453125 0.021788194444444464 0.017031250000000143
2 0.7543576388888888 0.6212500000000001 0.024947916666666715 0.018020833333333285
2 0.7421875 0.6103125 0.025017361111111035 0.019583333333333286
2 0.7239409722222222 0.6028645833333334 0.024947916666666715 0.018020833333333285
2 0.7080381944444445 0.5955729166666666 0.025763888888888965 0.01885416666666657
2 0.6017187500000001 0.5869270833333333 0.026545138888888785 0.018906250000000034
2 0.6011631944444444 0.5744270833333334 0.024097222222222214 0.01640625
2 0.6824131944444444 0.57984375 0.021927083333333285 0.020156250000000143
2 0.6724131944444445 0.5301041666666666 0.020260416666666715 0.017708333333333215
2 0.5805729166666668 0.5317708333333333 0.021649305555555644 0.013906249999999964
2 0.5676909722222222 0.52234375 0.017951388888888788 0.018333333333333358
2 0.6619618055555556 0.5052604166666667 0.020902777777777715 0.014635416666666679
2 0.6663888888888889 0.5172395833333333 0.020190972222222214 0.016145833333333214
2 0.5460069444444444 0.5076562499999999 0.022604166666666713 0.017864583333333427
2 0.5248437499999999 0.5046875 0.021753472222222216 0.016249999999999966
2 0.5051736111111111 0.5002604166666667 0.021753472222222216 0.016250000000000143
2 0.49826388888888895 0.485 0.019444444444444285 0.016874999999999928
2 0.4763368055555556 0.46484375 0.020329861111111035 0.019270833333333393
2 0.47991319444444447 0.4401562500000001 0.017100694444444463 0.01671875000000007
2 0.48597222222222225 0.45380208333333333 0.017951388888888788 0.018333333333333358
2 0.5022048611111112 0.41593749999999996 0.021857638888888788 0.018593749999999964
0 0.50296875 0.433125 0.021788194444444287 0.017031249999999963