1 0.56953125 0.51796875 0.02890625 0.021875
1 0.625 0.63203125 0.02890625 0.0234375
1 0.63515625 0.65625 0.0296875 0.02578125
0 0.6734375 0.65703125 0.0296875 0.021875
0 0.66640625 0.634375 0.03046875 0.021875
0 0.66328125 0.61640625 0.034375 0.021875
0 0.65 0.6015625 0.03359375 0.025
0 0.63515625 0.6140625 0.0296875 0.01953125
0 0.61953125 0.60078125 0.02890625 0.021875
0 0.6046875 0.61484375 0.02890625 0.01953125
0 0.59921875 0.646875 0.034375 0.02265625
0 0.659375 0.6703125 0.0296875 0.02578125
0 0.628125 0.58671875 0.0234375 0.02109375
0 0.6046875 0.5796875 0.028125 0.025
0 0.584375 0.57890625 0.03515625 0.025
0 0.559375 0.571875 0.02578125 0.021875
0 0.57578125 0.56015625 0.03203125 0.021875
0 0.58125 0.54453125 0.03125 0.02421875
0 0.603125 0.546875 0.03046875 0.021875
0 0.59453125 0.56171875 0.03359375 0.021875
0 0.61875 0.565625 0.02578125 0.02421875
0 0.63671875 0.55390625 0.03203125 0.02109375
0 0.66875 0.521875 0.02890625 0.0203125
0 0.61484375 0.53125 0.03203125 0.028125
0 0.59140625 0.53046875 0.03046875 0.02265625
0 0.58828125 0.4984375 0.02890625 0.021875
0 0.61015625 0.509375 0.03046875 0.02421875
0 0.5484375 0.49609375 0.03359375 0.02578125
0 0.546875 0.51796875 0.02578125 0.02265625
2 0.47578125 0.51640625 0.03359375 0.02578125
2 0.515625 0.50859375 0.02890625 0.025
2 0.5734375 0.47421875 0.03046875 0.0234375
2 0.5921875 0.4828125 0.03203125 0.021875
2 0.61796875 0.48984375 0.02578125 0.02578125
2 0.6421875 0.49765625 0.03125 0.02578125
2 0.66328125 0.4921875 0.028125 0.02265625
2 0.6984375 0.4921875 0.03203125 0.025
2 0.68203125 0.5046875 0.0265625 0.02265625
2 0.70625 0.51171875 0.03671875 0.02734375
2 0.71171875 0.55625 0.0328125 0.02421875
2 0.7171875 0.53046875 0.03359375 0.0234375
2 0.73046875 0.54453125 0.0328125 0.02890625
2 0.69765625 0.540625 0.028125 0.0234375
2 0.6796875 0.55703125 0.0296875 0.021875
2 0.6328125 0.5234375 0.02734375 0.021875
2 0.6390625 0.5375 0.0265625 0.021875
2 0.6546875 0.53359375 0.0328125 0.021875
2 0.65703125 0.54921875 0.0265625 0.0203125
2 0.65390625 0.56640625 0.03125 0.01875
2 0.65703125 0.58359375 0.03046875 0.021875
2 0.68125 0.57421875 0.03125 0.0203125
2 0.68828125 0.5921875 0.03046875 0.02421875
2 0.6984375 0.609375 0.03359375 0.02421875
2 0.703125 0.63046875 0.03359375 0.0265625
2 0.53828125 0.58671875 0.034375 0.02734375
2 0.54140625 0.55859375 0.0328125 0.01875
2 0.55078125 0.540625 0.02265625 0.021875
2 0.58515625 0.6140625 0.02890625 0.01796875
2 0.578125 0.63359375 0.03125 0.02734375
2 0.6546875 0.696875 0.0328125 0.0203125
2 0.6671875 0.7140625 0.03125 0.0234375
2 0.69453125 0.7203125 0.03515625 0.02578125
2 0.6890625 0.69921875 0.034375 0.02421875
2 0.67734375 0.684375 0.03046875 0.0234375
2 0.703125 0.6859375 0.03828125 0.02421875
2 0.70390625 0.66953125 0.03671875 0.021875
2 0.7140625 0.6515625 0.0296875 0.02265625