1 0.50234375 0.71171875 0.02578125 0.02265625
1 0.52578125 0.71875 0.02421875 0.0203125
0 0.41015625 0.46015625 0.02265625 0.01953125
0 0.3890625 0.4875 0.0265625 0.01875
0 0.3703125 0.49296875 0.021875 0.01796875
0 0.35234375 0.49921875 0.02578125 0.01875
0 0.32890625 0.4953125 0.025 0.01640625
0 0.3359375 0.509375 0.028125 0.01953125
0 0.35078125 0.52109375 0.02265625 0.01796875
0 0.36640625 0.51171875 0.021875 0.01796875
0 0.3890625 0.5125 0.028125 0.01796875
0 0.40078125 0.5 0.0234375 0.0171875
0 0.4421875 0.5015625 0.02109375 0.01484375
0 0.4703125 0.50234375 0.028125 0.01953125
0 0.4578125 0.51484375 0.02265625 0.01953125
0 0.43359375 0.515625 0.021875 0.01875
0 0.446875 0.53046875 0.01953125 0.01875
0 0.41953125 0.52734375 0.0265625 0.02109375
0 0.4125 0.54453125 0.0265625 0.01953125
0 0.40078125 0.534375 0.02578125 0.01953125
0 0.38671875 0.54140625 0.0234375 0.01875
0 0.3671875 0.55234375 0.02890625 0.01875
0 0.35703125 0.53671875 0.0265625 0.01796875
0 0.340625 0.546875 0.025 0.01875
0 0.3671875 0.571875 0.028125 0.025
0 0.4296875 0.665625 0.0234375 0.0203125
0 0.44140625 0.6515625 0.02734375 0.02109375
0 0.465625 0.6625 0.0203125 0.01796875
0 0.45 0.67421875 0.0203125 0.01796875
0 0.484375 0.66640625 0.025 0.01875
0 0.46953125 0.68046875 0.02421875 0.02265625
0 0.48828125 0.68125 0.0234375 0.01953125
0 0.509375 0.6859375 0.021875 0.01875
0 0.44921875 0.690625 0.02578125 0.021875
0 0.47265625 0.69765625 0.0234375 0.01796875
0 0.490625 0.69375 0.021875 0.015625
0 0.45703125 0.7078125 0.0203125 0.01953125
0 0.47578125 0.71640625 0.02578125 0.02109375
0 0.4625 0.7296875 0.025 0.01953125
0 0.48046875 0.7390625 0.028125 0.01875
0 0.49375 0.73046875 0.0234375 0.015625
0 0.46796875 0.75234375 0.0265625 0.02109375
0 0.4890625 0.7578125 0.02890625 0.02265625
0 0.503125 0.746875 0.0203125 0.01796875
0 0.51640625 0.734375 0.02421875 0.01796875
0 0.54765625 0.70625 0.02578125 0.01796875
0 0.5390625 0.7359375 0.02109375 0.0171875
0 0.5265625 0.75 0.025 0.01796875
0 0.54765625 0.75 0.02421875 0.01796875
0 0.56171875 0.7359375 0.021875 0.01796875
0 0.57109375 0.7515625 0.025 0.01953125
0 0.55703125 0.7640625 0.025 0.01796875
0 0.578125 0.7671875 0.02265625 0.02109375
0 0.56640625 0.7796875 0.028125 0.01640625
0 0.51640625 0.7625 0.02265625 0.01953125
0 0.53828125 0.7640625 0.02734375 0.01953125
0 0.50078125 0.77421875 0.02734375 0.01953125
0 0.5234375 0.778125 0.0234375 0.015625
0 0.53203125 0.79375 0.025 0.01796875
0 0.54375 0.7765625 0.02890625 0.01953125
0 0.55 0.79140625 0.02890625 0.01953125
0 0.4796875 0.7703125 0.0265625 0.01953125
0 0.48125 0.7875 0.0296875 0.0203125
0 0.50703125 0.79140625 0.0265625 0.01796875
0 0.4921875 0.80625 0.02890625 0.02265625
0 0.5140625 0.80703125 0.0265625 0.02265625
0 0.46953125 0.803125 0.02265625 0.02109375
2 0.37734375 0.4046875 0.028125 0.01640625
2 0.403125 0.41484375 0.03046875 0.01953125
2 0.421875 0.425 0.02578125 0.01796875
2 0.4421875 0.42578125 0.02109375 0.015625
2 0.45703125 0.4125 0.02265625 0.015625
2 0.47578125 0.41484375 0.025 0.01640625
2 0.49296875 0.41640625 0.021875 0.01796875
2 0.46171875 0.428125 0.021875 0.01875
2 0.4828125 0.42890625 0.0265625 0.015625
2 0.471875 0.43984375 0.02578125 0.0203125
2 0.48984375 0.44375 0.025 0.02265625
2 0.45390625 0.440625 0.02265625 0.01796875
2 0.434375 0.43984375 0.025 0.0171875
2 0.4125 0.440625 0.02578125 0.015625
2 0.3953125 0.43828125 0.02421875 0.01953125
2 0.359375 0.446875 0.028125 0.01796875
2 0.36953125 0.43515625 0.028125 0.01875
2 0.3765625 0.4515625 0.02421875 0.01640625
2 0.390625 0.46015625 0.0203125 0.01875
2 0.4265625 0.453125 0.021875 0.0171875
2 0.44609375 0.453125 0.02265625 0.01796875
2 0.465625 0.45546875 0.01953125 0.01796875
2 0.48125 0.4578125 0.021875 0.01875
2 0.5 0.4625 0.02265625 0.01953125
2 0.484375 0.47265625 0.0265625 0.01875
2 0.46953125 0.471875 0.02109375 0.01640625
2 0.45078125 0.46953125 0.02578125 0.015625
2 0.43125 0.47421875 0.02578125 0.0171875
2 0.4546875 0.484375 0.02109375 0.01796875
2 0.4203125 0.48515625 0.0265625 0.01640625
2 0.40625 0.47578125 0.02578125 0.01796875
2 0.33515625 0.4515625 0.02265625 0.021875
2 0.35390625 0.459375 0.021875 0.01796875
2 0.3703125 0.465625 0.02578125 0.01640625
2 0.321875 0.4640625 0.02734375 0.01796875
2 0.3421875 0.4703125 0.0234375 0.01953125
2 0.35625 0.47578125 0.025 0.01796875
2 0.49296875 0.49296875 0.0234375 0.01953125
2 0.2984375 0.48359375 0.02734375 0.02109375
2 0.31484375 0.47578125 0.02265625 0.0171875
2 0.2984375 0.49765625 0.02734375 0.01796875
2 0.2953125 0.5125 0.02578125 0.0171875
2 0.315625 0.50859375 0.0203125 0.01796875
2 0.29140625 0.5265625 0.025 0.01796875
2 0.31328125 0.528125 0.025 0.0203125
2 0.30078125 0.5421875 0.0265625 0.02265625
2 0.50390625 0.509375 0.025 0.01796875
2 0.490625 0.51796875 0.02421875 0.01796875
2 0.478125 0.52578125 0.0234375 0.0171875
2 0.49140625 0.53515625 0.02578125 0.02265625
2 0.4671875 0.53046875 0.01796875 0.01484375
2 0.47734375 0.54296875 0.02578125 0.01953125
2 0.4546875 0.5671875 0.02421875 0.01875
2 0.43515625 0.54921875 0.02265625 0.02109375
2 0.45546875 0.546875 0.0203125 0.01953125
2 0.428125 0.56328125 0.02578125 0.01953125
2 0.40390625 0.565625 0.02890625 0.01796875
2 0.32578125 0.55859375 0.021875 0.01796875
2 0.30546875 0.5703125 0.028125 0.01796875
2 0.33046875 0.5734375 0.02265625 0.0203125
2 0.3484375 0.575 0.0203125 0.01953125
2 0.31796875 0.58515625 0.025 0.01953125
2 0.340625 0.5875 0.028125 0.01953125
2 0.396875 0.58359375 0.0203125 0.015625
2 0.37421875 0.59921875 0.0265625 0.01953125
2 0.3953125 0.59765625 0.02421875 0.01953125
2 0.35 0.60625 0.0296875 0.01875
2 0.32421875 0.60390625 0.02578125 0.01953125
2 0.36328125 0.6203125 0.0296875 0.01953125
2 0.38515625 0.6140625 0.028125 0.01796875
2 0.4078125 0.61328125 0.0234375 0.01796875
2 0.390625 0.63125 0.02421875 0.01953125
2 0.4171875 0.62890625 0.02734375 0.02109375
2 0.43828125 0.62421875 0.0234375 0.02265625
2 0.4625 0.628125 0.02734375 0.02109375
2 0.4703125 0.6421875 0.02578125 0.01875
2 0.490625 0.646875 0.02578125 0.01796875
2 0.39921875 0.6734375 0.0296875 0.02578125
2 0.4109375 0.65625 0.0265625 0.01953125
2 0.415625 0.6859375 0.02734375 0.02109375
2 0.4328125 0.72734375 0.0296875 0.01953125
2 0.4375 0.74453125 0.02890625 0.021875
2 0.43203125 0.6984375 0.02578125 0.025
2 0.51796875 0.66796875 0.02265625 0.02109375
2 0.58203125 0.72734375 0.025 0.0234375
2 0.5921875 0.7421875 0.0265625 0.01875
2 0.453125 0.77265625 0.0265625 0.01875
2 0.45546875 0.78828125 0.0234375 0.01953125
2 0.44921875 0.8046875 0.028125 0.02421875
2 0.4546875 0.81875 0.02265625 0.01953125
2 0.4703125 0.8375 0.03203125 0.02421875
2 0.478125 0.8234375 0.03125 0.0234375
2 0.4984375 0.83515625 0.0265625 0.02109375
2 0.51796875 0.828125 0.02265625 0.01953125
2 0.5390625 0.82890625 0.0296875 0.01953125
2 0.5546875 0.815625 0.025 0.0234375
2 0.5359375 0.81015625 0.02265625 0.01796875
2 0.57109375 0.81328125 0.0234375 0.02109375
2 0.5796875 0.7890625 0.02265625 0.0140625