1 0.6849479166666667 0.583304398148148 0.03569444444444443 0.024479166666666784
1 0.6885243055555555 0.60359375 0.034930555555555645 0.025254629629629655
0 0.6365798611111112 0.5516261574074074 0.03411458333333321 0.023686342592592523
0 0.6675520833333334 0.5388946759259259 0.03104166666666668 0.026006944444444357
0 0.6811631944444445 0.5536400462962963 0.03491319444444443 0.024473379629629477
0 0.6594270833333333 0.5600520833333333 0.028593749999999928 0.021302083333333322
0 0.6284722222222222 0.5735648148148148 0.03645833333333339 0.023703703703703737
0 0.65359375 0.5788483796296295 0.02791666666666668 0.025983796296296192
0 0.6251041666666668 0.5978125000000001 0.033368055555555644 0.02524305555555557
0 0.6533159722222222 0.6015104166666667 0.02791666666666668 0.025983796296296192
0 0.6286805555555556 0.6181018518518518 0.033350694444444426 0.02446180555555557
0 0.6576909722222222 0.6225752314814815 0.028697916666666677 0.025989583333333323
0 0.63390625 0.6422858796296296 0.03491319444444443 0.024473379629629654
0 0.6636979166666667 0.6467534722222222 0.03182291666666668 0.026012731481481487
0 0.6870138888888888 0.6411111111111112 0.031770833333333214 0.02366898148148149
0 0.7092361111111111 0.6214120370370371 0.02866319444444443 0.02442708333333332
0 0.7356076388888889 0.6126215277777778 0.034947916666666676 0.026035879629629655
0 0.7312152777777777 0.590775462962963 0.030190972222222355 0.022876157407407404
0 0.7074652777777779 0.5768865740740741 0.025555555555555644 0.025185185185185154
2 0.6587500000000001 0.45925925925925926 0.032638888888888926 0.027581018518518442
2 0.6553472222222222 0.48194444444444445 0.03963541666666668 0.026070601851851904
2 0.6361284722222222 0.4961516203703704 0.028645833333333214 0.023645833333333498
2 0.6612673611111111 0.5022164351851852 0.03104166666666668 0.026006944444444357
2 0.6264236111111111 0.5165393518518518 0.03647569444444443 0.024484953703703738
2 0.6492534722222223 0.5241840277777777 0.03022569444444443 0.024438657407407405
2 0.6812847222222222 0.5239467592592593 0.03484374999999993 0.021348379629629478
2 0.7178819444444444 0.5533680555555556 0.02475694444444443 0.024398148148148203
2 0.7383506944444445 0.5602488425925927 0.035798611111111 0.029166666666666785
2 0.7675520833333334 0.5733159722222222 0.03503472222222222 0.029942129629629655
2 0.6000694444444445 0.5261111111111111 0.03340277777777771 0.026805555555555572
2 0.6159722222222223 0.5384953703703704 0.03104166666666668 0.026006944444444357
2 0.5936631944444445 0.5542881944444444 0.027881944444444428 0.02442129629629619
2 0.5941840277777778 0.5777256944444444 0.029531249999999964 0.028339120370370452
2 0.5923437500000001 0.6003993055555557 0.033368055555555644 0.02524305555555557
2 0.5937326388888888 0.6277372685185185 0.03342013888888893 0.027586805555555573
2 0.7774131944444445 0.5951215277777777 0.042760416666666676 0.026093750000000072
2 0.7787326388888889 0.6193344907407408 0.03342013888888893 0.027586805555555573
2 0.7540104166666667 0.6320196759259259 0.03647569444444443 0.024484953703703738
2 0.7307986111111111 0.642349537037037 0.03732638888888893 0.02761574074074069
2 0.5988715277777779 0.6480150462962964 0.033368055555555644 0.02524305555555557
2 0.6308333333333334 0.6798148148148149 0.03576388888888893 0.027604166666666607
2 0.6597569444444444 0.6803819444444444 0.03338541666666668 0.02602430555555557
2 0.6877430555555556 0.6739236111111111 0.03967013888888893 0.027633101851851905
2 0.7100347222222222 0.657349537037037 0.029461805555555644 0.025214120370370453
2 0.4552777777777778 0.3748148148148148 0.03022569444444443 0.024438657407407405
2 0.4604340277777778 0.3958738425925926 0.02944444444444443 0.024432870370370452
2 0.4725173611111111 0.34186921296296297 0.03815972222222221 0.02996527777777782
2 0.47845486111111113 0.3629224537037037 0.03178819444444443 0.02445023148148149
2 0.48515625 0.3831886574074074 0.03409722222222218 0.022905092592592612
2 0.5035937500000001 0.36898726851851854 0.030190972222222178 0.022876157407407404
2 0.50234375 0.3478993055555556 0.029392361111111143 0.022089120370370363
2 0.5275000000000001 0.35474537037037035 0.03260416666666668 0.02601851851851853
2 0.5183506944444444 0.29464699074074074 0.037361111111111 0.029178240740740692
2 0.5336111111111111 0.278125 0.03815972222222221 0.02996527777777782
2 0.5612152777777778 0.2896412037037037 0.031128472222222214 0.029913194444444447
2 0.5630208333333334 0.2654050925925926 0.03505208333333343 0.030723379629629656
2 0.5878645833333334 0.25818865740740743 0.03730902777777771 0.02683449074074069
2 0.5868229166666666 0.28163773148148147 0.035677083333333394 0.023697916666666697
2 0.5896006944444444 0.3011516203703704 0.03961805555555564 0.025289351851851903