2 0.59296875 0.82109375 0.01796875 0.01328125
2 0.6109375 0.82109375 0.015625 0.0125
2 0.62734375 0.821875 0.0171875 0.0125
2 0.62265625 0.8125 0.01875 0.0125
2 0.6078125 0.8109375 0.0171875 0.0125
2 0.58984375 0.80859375 0.01953125 0.0140625
2 0.5828125 0.796875 0.0171875 0.0125
2 0.63359375 0.809375 0.015625 0.01015625
2 0.65390625 0.81328125 0.02109375 0.0109375
2 0.66640625 0.803125 0.0140625 0.0109375
2 0.64921875 0.803125 0.01640625 0.009375
0 0.66875 0.78671875 0.01484375 0.0125
0 0.64765625 0.79453125 0.01640625 0.01171875
2 0.67734375 0.79296875 0.01875 0.01171875
0 0.63203125 0.796875 0.01796875 0.01328125
0 0.61328125 0.79296875 0.01484375 0.01171875
0 0.596875 0.79453125 0.01796875 0.01328125
0 0.621875 0.784375 0.01796875 0.0125
0 0.63984375 0.78515625 0.0171875 0.01328125
0 0.60390625 0.78359375 0.01796875 0.0125
0 0.58984375 0.7828125 0.01484375 0.01171875
0 0.65 0.7734375 0.01796875 0.0125
0 0.63359375 0.77421875 0.01796875 0.0140625
0 0.6171875 0.7734375 0.01640625 0.0125
0 0.58515625 0.771875 0.01796875 0.0125
0 0.59921875 0.77265625 0.01640625 0.0140625
0 0.590625 0.7609375 0.0171875 0.0125
0 0.609375 0.76328125 0.015625 0.0125
0 0.62578125 0.76171875 0.0171875 0.01171875
0 0.64453125 0.76171875 0.01640625 0.0125
0 0.65859375 0.7609375 0.01640625 0.01328125
2 0.5765625 0.784375 0.01875 0.0140625
2 0.57421875 0.775 0.01484375 0.0125
2 0.6578125 0.78125 0.01796875 0.0125
2 0.6703125 0.77109375 0.01875 0.01328125
2 0.6875 0.7703125 0.0203125 0.01328125
2 0.684375 0.76015625 0.02109375 0.01328125
2 0.67578125 0.75 0.02109375 0.01328125
2 0.66875 0.74140625 0.01484375 0.0109375
2 0.653125 0.740625 0.01875 0.01171875
2 0.66015625 0.75078125 0.01640625 0.0109375
2 0.66484375 0.73046875 0.01875 0.01328125
2 0.56796875 0.7640625 0.01796875 0.01328125
2 0.5625 0.75546875 0.0171875 0.0125
2 0.559375 0.74453125 0.01796875 0.01328125
2 0.55390625 0.734375 0.01875 0.0140625
2 0.546875 0.7234375 0.015625 0.0125
0 0.63671875 0.7515625 0.01796875 0.01328125
0 0.61796875 0.7515625 0.0140625 0.0109375
0 0.60234375 0.7515625 0.015625 0.01328125
0 0.58671875 0.75234375 0.01796875 0.0125
0 0.58125 0.740625 0.01796875 0.01484375
0 0.5953125 0.7390625 0.01484375 0.01328125
0 0.6125 0.7421875 0.01484375 0.01171875
0 0.62734375 0.7421875 0.01484375 0.0125
0 0.63515625 0.721875 0.01640625 0.01484375
0 0.61796875 0.72109375 0.01875 0.0125
0 0.621875 0.73203125 0.01640625 0.0109375
0 0.60625 0.7328125 0.01484375 0.0109375
0 0.60078125 0.721875 0.0171875 0.01328125
0 0.56015625 0.71875 0.01640625 0.0125
0 0.5671875 0.728125 0.01875 0.0125
0 0.58125 0.71953125 0.01953125 0.01328125
2 0.64609375 0.7296875 0.01796875 0.01328125
2 0.65859375 0.71953125 0.01640625 0.01171875
2 0.65234375 0.709375 0.01875 0.0125
2 0.66640625 0.7015625 0.01796875 0.0125
2 0.64765625 0.70078125 0.01796875 0.01171875
2 0.65859375 0.69140625 0.01953125 0.0140625
2 0.64375 0.6890625 0.0171875 0.0140625
2 0.54375 0.71171875 0.01953125 0.0140625
2 0.53984375 0.70078125 0.01875 0.01484375
0 0.5625 0.70625 0.01640625 0.01171875
0 0.5796875 0.70859375 0.015625 0.0125
0 0.59453125 0.71015625 0.0171875 0.01171875
0 0.6125 0.7109375 0.01796875 0.0109375
0 0.62109375 0.7015625 0.0171875 0.01328125
0 0.63515625 0.7046875 0.015625 0.01171875
0 0.634375 0.69375 0.015625 0.0125
0 0.61953125 0.68984375 0.01796875 0.0125
0 0.59140625 0.7 0.0171875 0.01171875
0 0.60234375 0.690625 0.0171875 0.015625
0 0.57421875 0.696875 0.01875 0.0140625
0 0.5578125 0.6953125 0.01796875 0.01328125
0 0.55390625 0.6875 0.01796875 0.0140625
2 0.6359375 0.68125 0.015625 0.01328125
2 0.65078125 0.68046875 0.01875 0.0140625
2 0.64609375 0.6703125 0.01875 0.0125
2 0.6375 0.6640625 0.01640625 0.0125
2 0.63515625 0.6546875 0.01796875 0.0140625
2 0.628125 0.64375 0.01640625 0.01484375
2 0.62421875 0.63359375 0.01796875 0.0125
2 0.525 0.6859375 0.01640625 0.0140625
2 0.53828125 0.68828125 0.01640625 0.0125
2 0.51953125 0.67734375 0.0171875 0.0140625
2 0.515625 0.665625 0.015625 0.0140625
0 0.54375 0.67734375 0.01484375 0.0125
0 0.5765625 0.6703125 0.01484375 0.01328125
0 0.60625 0.66953125 0.01875 0.01484375
0 0.621875 0.67578125 0.0171875 0.0125
0 0.6125 0.653125 0.015625 0.01171875
0 0.57109375 0.6578125 0.01640625 0.0140625
0 0.55 0.6609375 0.015625 0.0140625
0 0.559375 0.6515625 0.01796875 0.01328125
0 0.52421875 0.6453125 0.0171875 0.01328125
2 0.509375 0.6546875 0.01953125 0.015625
1 0.5765625 0.634375 0.01796875 0.01640625
1 0.5625 0.628125 0.0171875 0.0140625
1 0.5921875 0.60859375 0.01640625 0.01171875
1 0.57578125 0.60703125 0.0171875 0.015625
1 0.55703125 0.59609375 0.0171875 0.0125
1 0.53515625 0.6109375 0.0171875 0.01328125
1 0.54609375 0.61953125 0.01796875 0.01328125
1 0.5578125 0.6390625 0.01640625 0.0140625
1 0.56171875 0.61953125 0.0171875 0.0125
1 0.5765625 0.58359375 0.015625 0.0125
1 0.58984375 0.58984375 0.01640625 0.0140625
1 0.6125 0.5859375 0.01484375 0.01328125
2 0.50703125 0.63515625 0.0171875 0.015625
2 0.4984375 0.628125 0.0140625 0.0140625
0 0.6078125 0.6265625 0.01640625 0.01171875
0 0.59765625 0.634375 0.015625 0.01328125
0 0.596875 0.65234375 0.01796875 0.0140625
0 0.53046875 0.66953125 0.01796875 0.0140625
0 0.5265625 0.65703125 0.0203125 0.01328125
0 0.5390625 0.6515625 0.0171875 0.0140625
0 0.51796875 0.6203125 0.01484375 0.01484375
0 0.60703125 0.61484375 0.01640625 0.01328125
0 0.6171875 0.6078125 0.0171875 0.01171875
2 0.62890625 0.615625 0.01640625 0.01328125
2 0.640625 0.60859375 0.01953125 0.0140625
2 0.64921875 0.60078125 0.01875 0.01328125
2 0.63515625 0.5984375 0.01953125 0.01328125
2 0.63046875 0.5875 0.01484375 0.01328125
2 0.64609375 0.590625 0.01484375 0.0125
2 0.6578125 0.58359375 0.01875 0.01484375
2 0.6421875 0.58046875 0.01640625 0.0125
2 0.51171875 0.61171875 0.01875 0.0109375
2 0.50625 0.621875 0.0171875 0.0125
2 0.51171875 0.60234375 0.0171875 0.0125
1 0.58984375 0.6203125 0.01796875 0.01484375
1 0.57421875 0.61875 0.01796875 0.01640625
1 0.56328125 0.60703125 0.015625 0.01484375
1 0.55 0.60390625 0.01640625 0.0140625
1 0.540625 0.5890625 0.0171875 0.0140625
1 0.56875 0.59765625 0.01484375 0.0140625
1 0.58515625 0.5734375 0.01484375 0.0140625
1 0.5953125 0.5828125 0.0171875 0.01484375
2 0.51171875 0.590625 0.01796875 0.0125
2 0.509375 0.5828125 0.01640625 0.0109375
2 0.51015625 0.57109375 0.0140625 0.0140625
2 0.49921875 0.565625 0.01484375 0.015625
2 0.50078125 0.553125 0.01484375 0.0140625
2 0.509375 0.55703125 0.0125 0.0125
2 0.49921875 0.53203125 0.0140625 0.0140625
2 0.5078125 0.540625 0.01484375 0.0125
2 0.49921875 0.521875 0.015625 0.01328125
2 0.6546875 0.57109375 0.01796875 0.01484375
2 0.646875 0.56171875 0.01484375 0.0125
2 0.65859375 0.55703125 0.015625 0.01484375
2 0.65625 0.546875 0.01875 0.0125
2 0.6515625 0.5375 0.01953125 0.0125
2 0.65078125 0.52734375 0.01640625 0.01328125
2 0.63984375 0.56875 0.01796875 0.01328125
2 0.51328125 0.5078125 0.01328125 0.01328125
2 0.50859375 0.49765625 0.01640625 0.0125
2 0.51015625 0.4875 0.01796875 0.0109375
2 0.50703125 0.47734375 0.01953125 0.0125
2 0.50390625 0.4671875 0.015625 0.0125
2 0.6421875 0.5046875 0.0171875 0.0125
2 0.64453125 0.51484375 0.0171875 0.0125
2 0.62578125 0.49609375 0.0171875 0.01328125
2 0.6421875 0.496875 0.01796875 0.0125
2 0.65 0.48203125 0.01875 0.0140625
2 0.65078125 0.47109375 0.01796875 0.01328125
2 0.63984375 0.46640625 0.015625 0.0125
2 0.6609375 0.4578125 0.015625 0.0125
2 0.671875 0.45 0.0171875 0.01328125
2 0.5125 0.45078125 0.0171875 0.0125
2 0.675 0.43984375 0.02109375 0.01171875
2 0.6734375 0.428125 0.01875 0.0140625
2 0.6609375 0.42421875 0.01484375 0.0125
2 0.659375 0.4140625 0.0140625 0.0125
2 0.67265625 0.41875 0.01796875 0.0140625
2 0.67421875 0.40859375 0.01953125 0.015625
2 0.659375 0.40390625 0.01484375 0.01171875
2 0.67421875 0.396875 0.01796875 0.01328125
2 0.67421875 0.38671875 0.015625 0.01328125
2 0.5140625 0.4359375 0.01640625 0.01328125
2 0.5234375 0.42734375 0.0125 0.01015625
2 0.53125 0.41875 0.01796875 0.0125
2 0.540625 0.41328125 0.01484375 0.0125
2 0.52734375 0.4078125 0.015625 0.01328125
2 0.5359375 0.4015625 0.01640625 0.01171875
2 0.54921875 0.39453125 0.01328125 0.0140625
2 0.53828125 0.390625 0.01953125 0.01328125
2 0.53125 0.37421875 0.01640625 0.01484375
2 0.54140625 0.3796875 0.01484375 0.0125
2 0.5515625 0.38359375 0.01171875 0.0125
2 0.54921875 0.371875 0.01484375 0.0140625
2 0.54140625 0.36640625 0.01484375 0.0125
2 0.65859375 0.375 0.0140625 0.01171875
2 0.659375 0.3921875 0.015625 0.01328125
2 0.675 0.37578125 0.0203125 0.0125
2 0.6484375 0.36796875 0.0171875 0.01328125
2 0.6671875 0.36640625 0.01953125 0.0140625
2 0.64765625 0.3796875 0.015625 0.0140625
2 0.51328125 0.32421875 0.0171875 0.0109375
2 0.51171875 0.3140625 0.01796875 0.0109375
2 0.51796875 0.334375 0.015625 0.0125
2 0.5234375 0.34296875 0.01484375 0.0140625
2 0.52421875 0.35234375 0.0171875 0.0125
2 0.52734375 0.3625 0.01875 0.0109375
2 0.64921875 0.34765625 0.01484375 0.0125
2 0.66328125 0.35 0.01484375 0.0140625
2 0.68203125 0.34921875 0.01875 0.0140625
2 0.6734375 0.35703125 0.01796875 0.0109375
2 0.6578125 0.35859375 0.015625 0.01171875
2 0.6703125 0.334375 0.015625 0.0125
2 0.6671875 0.3234375 0.01875 0.01328125
0 0.58671875 0.54375 0.01640625 0.0140625
0 0.6015625 0.54453125 0.01796875 0.015625
0 0.60078125 0.5578125 0.01953125 0.0140625
0 0.58671875 0.55546875 0.015625 0.01171875
0 0.575 0.55390625 0.01484375 0.0109375
0 0.565625 0.54375 0.02109375 0.0125
0 0.5625 0.55546875 0.0171875 0.01171875
0 0.54609375 0.553125 0.0140625 0.0109375
0 0.5640625 0.565625 0.015625 0.0109375
0 0.54921875 0.565625 0.015625 0.0125
0 0.58671875 0.5640625 0.0140625 0.01015625
0 0.60234375 0.57109375 0.01640625 0.0125
0 0.565625 0.57734375 0.01796875 0.01171875
0 0.54765625 0.5765625 0.01328125 0.0109375
0 0.56015625 0.5859375 0.01796875 0.0125
0 0.615625 0.5984375 0.015625 0.01328125
0 0.52578125 0.59921875 0.0125 0.0109375
0 0.51484375 0.55078125 0.01171875 0.01484375
0 0.5296875 0.52734375 0.01796875 0.01328125
0 0.5140625 0.52265625 0.0140625 0.01328125
0 0.51484375 0.5328125 0.0140625 0.01171875
0 0.52734375 0.5390625 0.01796875 0.01328125
0 0.528125 0.5484375 0.0171875 0.0125
0 0.528125 0.55859375 0.01796875 0.01171875
0 0.6234375 0.5625 0.01328125 0.0140625
0 0.63515625 0.553125 0.01640625 0.0125
0 0.61953125 0.55 0.01796875 0.01328125
0 0.63125 0.54296875 0.01796875 0.0140625
0 0.63046875 0.53203125 0.01640625 0.0140625
0 0.61484375 0.5328125 0.01875 0.01171875
0 0.6171875 0.5421875 0.01875 0.0140625
0 0.62265625 0.51328125 0.015625 0.0125
0 0.61328125 0.5203125 0.01484375 0.0140625
0 0.62734375 0.5234375 0.0140625 0.0125
0 0.55078125 0.54140625 0.01484375 0.01328125
1 0.5484375 0.46875 0.01796875 0.0125
1 0.5578125 0.459375 0.01484375 0.01171875
1 0.5828125 0.45703125 0.01875 0.01328125
1 0.5828125 0.44765625 0.015625 0.01015625
1 0.5828125 0.4375 0.01640625 0.01328125
1 0.596875 0.44140625 0.01484375 0.0125
1 0.61484375 0.43828125 0.01484375 0.0125
1 0.6078125 0.44765625 0.0171875 0.0125
1 0.62109375 0.4515625 0.01328125 0.01171875
1 0.6328125 0.4390625 0.01328125 0.01171875
1 0.56640625 0.46875 0.01328125 0.0109375
1 0.57421875 0.47578125 0.01328125 0.0109375
1 0.58203125 0.4671875 0.01796875 0.0125
1 0.6 0.4609375 0.015625 0.01328125
1 0.57421875 0.32734375 0.01328125 0.0125
1 0.5828125 0.33359375 0.015625 0.01171875
1 0.59609375 0.32421875 0.01640625 0.01171875
1 0.6125 0.32734375 0.0171875 0.01328125
1 0.55625 0.33046875 0.0203125 0.015625
0 0.5296875 0.31875 0.0171875 0.015625
0 0.53671875 0.33515625 0.0171875 0.0125
0 0.5421875 0.34765625 0.015625 0.0140625
0 0.5546875 0.34296875 0.015625 0.0109375
0 0.56953125 0.3453125 0.015625 0.0109375
0 0.58515625 0.34921875 0.01640625 0.0125
0 0.59609375 0.340625 0.01484375 0.01015625
0 0.61015625 0.34609375 0.01328125 0.01015625
0 0.6234375 0.346875 0.015625 0.0125
0 0.6328125 0.3359375 0.0171875 0.0125
0 0.64296875 0.32734375 0.01640625 0.0125
0 0.59921875 0.36015625 0.01484375 0.0125
0 0.6125 0.3640625 0.01796875 0.0109375
0 0.62890625 0.36875 0.015625 0.01171875
0 0.6265625 0.359375 0.01484375 0.0109375
0 0.64140625 0.359375 0.01640625 0.0125
0 0.56484375 0.35390625 0.0171875 0.0125
2 0.5515625 0.35859375 0.0140625 0.01015625
0 0.57265625 0.36484375 0.01328125 0.01015625
0 0.5578125 0.3671875 0.01953125 0.01328125
0 0.57421875 0.3765625 0.0171875 0.01328125
0 0.5859375 0.36875 0.01484375 0.01015625
0 0.58203125 0.36015625 0.01640625 0.01171875
0 0.5984375 0.3703125 0.01484375 0.0109375
0 0.61328125 0.3734375 0.0171875 0.01328125
0 0.628125 0.3796875 0.01640625 0.01328125
1 0.64296875 0.45390625 0.015625 0.015625
1 0.62890625 0.45 0.01484375 0.01171875
1 0.56875 0.44921875 0.01484375 0.0140625
0 0.553125 0.52421875 0.015625 0.01328125
0 0.5375 0.5171875 0.01484375 0.0125
0 0.54140625 0.5015625 0.01328125 0.0109375
0 0.57421875 0.50625 0.01484375 0.01328125
0 0.5609375 0.50625 0.01484375 0.0125
0 0.590625 0.51328125 0.01328125 0.01171875
0 0.603125 0.4875 0.01484375 0.01328125
0 0.6234375 0.48359375 0.015625 0.015625
0 0.603125 0.51015625 0.01875 0.0125
0 0.5875 0.5015625 0.01875 0.0125
0 0.5296875 0.49765625 0.0171875 0.0125
0 0.52578125 0.4765625 0.01484375 0.01171875
0 0.5265625 0.4875 0.01484375 0.01328125
0 0.53671875 0.4875 0.01640625 0.015625
0 0.52578125 0.51484375 0.015625 0.0125
0 0.5515625 0.49453125 0.01640625 0.0140625
0 0.58046875 0.49453125 0.01796875 0.01328125
0 0.5625 0.49453125 0.01796875 0.0140625
0 0.5515625 0.48359375 0.01484375 0.0109375
0 0.56171875 0.484375 0.01640625 0.0125
0 0.6046875 0.4765625 0.01640625 0.01171875
0 0.6234375 0.4703125 0.015625 0.0125
0 0.52109375 0.465625 0.01484375 0.0109375
0 0.53046875 0.46015625 0.015625 0.01015625
0 0.54296875 0.4515625 0.0125 0.009375
0 0.528125 0.43828125 0.01484375 0.009375
0 0.52890625 0.4484375 0.01484375 0.01171875
0 0.5421875 0.440625 0.0125 0.0109375
0 0.55546875 0.44453125 0.01484375 0.0125
0 0.53984375 0.42890625 0.01328125 0.01015625
0 0.55546875 0.4328125 0.015625 0.0125
0 0.5546875 0.421875 0.01484375 0.0125
0 0.6546875 0.4484375 0.0125 0.0140625
0 0.64296875 0.42890625 0.01484375 0.01328125
0 0.6453125 0.421875 0.01328125 0.01171875
0 0.6421875 0.41328125 0.01640625 0.0125
0 0.6421875 0.40234375 0.01484375 0.01328125
0 0.62734375 0.39921875 0.0140625 0.0125
1 0.62734375 0.409375 0.01484375 0.01328125
0 0.5859375 0.39453125 0.0171875 0.01171875
0 0.58125 0.4171875 0.01640625 0.0125
0 0.571875 0.42578125 0.015625 0.01171875
0 0.5703125 0.38984375 0.01328125 0.0125
0 0.5515625 0.409375 0.0140625 0.01171875
0 0.56484375 0.4109375 0.01484375 0.0125