1 0.41953125 0.5767071759259259 0.030584490740740832 0.023726851851851905
1 0.39467592592592593 0.5478587962962963 0.028790509259259255 0.02054398148148149
1 0.4217592592592593 0.55390625 0.025289351851851903 0.025868055555555537
1 0.38133680555555555 0.526417824074074 0.03220486111111107 0.024565972222222142
1 0.40891203703703705 0.5285300925925925 0.030584490740740832 0.023726851851851905
1 0.43394097222222217 0.5385706018518519 0.030815972222222144 0.026851851851851904
1 0.4283564814814815 0.5160590277777778 0.027170138888888928 0.019704861111111072
1 0.4010416666666667 0.506886574074074 0.030700231481481488 0.025289351851851903
1 0.42042824074074076 0.49363425925925924 0.02890625 0.022106481481481487
1 0.45112847222222224 0.495630787037037 0.032089120370370414 0.023003472222222144
1 0.43735532407407407 0.47890625 0.02818287037037024 0.02285879629629637
1 0.4445601851851852 0.459837962962963 0.028067129629629584 0.02129629629629619
1 0.4337962962962963 0.4414351851851851 0.024160879629629584 0.021151620370370237
1 0.4569155092592593 0.4256944444444445 0.028067129629629584 0.02129629629629619
1 0.45876736111111105 0.40839120370370374 0.0315393518518519 0.026099537037037025
1 0.4614293981481481 0.4443287037037037 0.027228009259259167 0.020486111111111073
1 0.4909143518518519 0.4510706018518519 0.027228009259259167 0.020486111111111073
1 0.46912615740740743 0.46362847222222214 0.03208912037037024 0.023003472222222144
1 0.48003472222222215 0.43110532407407404 0.031134259259259167 0.020630787037037024
1 0.5081018518518519 0.4292824074074074 0.02806712962962976 0.02129629629629619
1 0.4847800925925926 0.4105613425925926 0.028298611111111073 0.02442129629629619
1 0.5136284722222222 0.40870949074074076 0.031481481481481485 0.025318287037037025
1 0.530787037037037 0.3971064814814815 0.030410879629629583 0.021383101851851903
1 0.5499421296296296 0.3807291666666667 0.0328125 0.02225115740740744
1 0.5757233796296296 0.3797743055555555 0.02650462962962976 0.021238425925925952
1 0.6015046296296296 0.35766782407407405 0.02879050925925917 0.02054398148148149
1 0.5758391203703704 0.3601851851851852 0.031018518518518688 0.019068287037037022
1 0.5492766203703704 0.36116898148148147 0.03046875 0.022164351851851904
1 0.48315972222222225 0.3886863425925926 0.0409143518518519 0.026446759259259257
1 0.5065972222222223 0.387818287037037 0.028067129629629584 0.02129629629629628
1 0.5233796296296297 0.381712962962963 0.03101851851851851 0.019068287037037022
1 0.47010995370370373 0.3711516203703703 0.02711226851851851 0.01892361111111107
1 0.4964988425925926 0.367824074074074 0.029021990740740834 0.02366898148148149
1 0.513425925925926 0.3530960648148148 0.024103009259259168 0.020370370370370417
1 0.5236689814814814 0.3644675925925926 0.02853009259259256 0.02754629629629628
1 0.4456018518518519 0.3681423611111111 0.02728587962962976 0.02126736111111107
1 0.42016782407407405 0.37378472222222225 0.028674768518518513 0.018981481481481488
1 0.3937789351851852 0.39826388888888886 0.03064236111111107 0.024508101851851816
1 0.421556712962963 0.39253472222222224 0.02951388888888893 0.019791666666666607
1 0.4502314814814815 0.3883391203703704 0.027459490740740833 0.02361111111111116
1 0.43243634259259256 0.4125 0.02650462962962976 0.021238425925925952
0 0.3628761574074074 0.36180555555555555 0.032089120370370414 0.023003472222222144
0 0.37225115740740744 0.3826099537037037 0.03611111111111107 0.024710648148148096
0 0.39045138888888886 0.363917824074074 0.036226851851851816 0.026273148148148094
0 0.6153935185185185 0.3759548611111111 0.030584490740740832 0.023726851851851905
0 0.5716724537037037 0.409693287037037 0.03611111111111107 0.024710648148148096
0 0.5482638888888889 0.4215277777777778 0.03628472222222214 0.027054398148148095
0 0.460619212962963 0.34878472222222223 0.030584490740740832 0.023726851851851905
0 0.48376736111111107 0.3440104166666667 0.029629629629629763 0.021354166666666608
0 0.5328125 0.33984375 0.028964120370370418 0.022887731481481488
0 0.5604456018518519 0.3427372685185185 0.027459490740740833 0.023611111111111072
0 0.5876157407407407 0.339380787037037 0.030295138888888927 0.019820601851851905
0 0.6166377314814815 0.3398726851851852 0.031134259259259167 0.020630787037037024
0 0.6249421296296296 0.3567997685185185 0.030758101851851904 0.026070601851851904
0 0.6466435185185185 0.3536458333333333 0.029918981481481487 0.025260416666666608
0 0.6681712962962962 0.34814814814814815 0.028587962962962975 0.02832754629629628
0 0.6947337962962963 0.3471643518518518 0.03657407407407405 0.030960648148148095
0 0.5273148148148149 0.4559895833333333 0.03365162037037024 0.02306134259259256
0 0.5273726851851852 0.43561921296296297 0.02986111111111107 0.024479166666666784
0 0.3712094907407407 0.4320023148148149 0.029803240740740745 0.023697916666666784
0 0.394994212962963 0.41467013888888893 0.030295138888888927 0.019820601851851905
0 0.4138310185185185 0.4257233796296296 0.035098379629629584 0.021556712962962975
0 0.39678819444444446 0.43888888888888894 0.027633101851851905 0.02595486111111107
0 0.37505787037037036 0.45222800925925927 0.03370949074074074 0.02384259259259256
0 0.36310763888888886 0.47068865740740745 0.030353009259259257 0.020601851851851906
0 0.3892939814814815 0.4752025462962964 0.028182870370370417 0.02285879629629619
0 0.4036458333333333 0.4574363425925926 0.027401620370370416 0.02282986111111107
0 0.3434606481481482 0.49100115740740746 0.03171296296296298 0.028443287037037024
0 0.3700810185185185 0.49079861111111106 0.03712384259259256 0.027864583333333214
0 0.34782986111111114 0.518258101851852 0.03260995370370372 0.030034722222222143
0 0.3714699074074074 0.509548611111111 0.03214699074074075 0.023784722222222145
0 0.31701388888888893 0.514699074074074 0.036226851851851906 0.026273148148148094
0 0.3042824074074074 0.5331886574074074 0.03315972222222223 0.026938657407407262
0 0.33113425925925927 0.5361111111111111 0.0315393518518519 0.026099537037037025
0 0.3594907407407407 0.5381944444444444 0.02795138888888893 0.01973379629629619
0 0.34681712962962963 0.5574652777777778 0.031597222222222235 0.026880787037037022
0 0.37109375 0.557349537037037 0.03388310185185191 0.02618634259259256
0 0.31762152777777775 0.5546296296296296 0.037673611111111074 0.02476851851851869
0 0.2884837962962963 0.5525752314814815 0.03237847222222214 0.026909722222222144
0 0.2978587962962963 0.5733796296296296 0.034056712962962976 0.02853009259259274
0 0.3239872685185185 0.5771122685185185 0.0354456018518519 0.026244212962962976
0 0.3532986111111111 0.5815104166666667 0.031597222222222235 0.026880787037037022
0 0.3789641203703704 0.5789930555555556 0.03287037037037042 0.02303240740740744
0 0.308912037037037 0.5956886574074074 0.03411458333333339 0.029311342592592736
0 0.33174189814814814 0.597193287037037 0.03136574074074074 0.023755787037037023
0 0.35870949074074077 0.6016782407407407 0.0341145833333333 0.02931134259259256
0 0.3875 0.5990451388888889 0.03237847222222214 0.026909722222222144
0 0.41652199074074076 0.599537037037037 0.03778935185185191 0.02633101851851851
0 0.3402199074074074 0.6164641203703705 0.03081597222222223 0.026851851851851904
0 0.3705439814814815 0.6239583333333334 0.03706597222222223 0.027083333333333216
0 0.3969328703703704 0.620630787037037 0.03220486111111107 0.024565972222222142
0 0.3418981481481482 0.6391203703703704 0.034664351851851904 0.026215277777777858
0 0.46018518518518514 0.5650173611111111 0.036226851851851906 0.026273148148148094
0 0.47430555555555554 0.5441261574074074 0.03304398148148149 0.025376157407407264
1 0.4534722222222222 0.5166956018518518 0.03171296296296298 0.028443287037037024
0 0.47815393518518523 0.5220486111111111 0.029745370370370415 0.022916666666666786
0 0.4750289351851852 0.5010127314814815 0.029918981481481487 0.025260416666666608
0 0.5032407407407408 0.49056712962962956 0.03064236111111107 0.024508101851851906
0 0.5022858796296296 0.46710069444444446 0.028414351851851906 0.025983796296296192
2 0.40850694444444446 0.6711226851851853 0.03321759259259256 0.02771990740740744
2 0.3831597222222222 0.6673611111111111 0.035387731481481485 0.025462962962962975
2 0.35714699074074074 0.6651909722222222 0.03556134259259256 0.027806712962962978
2 0.32743055555555556 0.655324074074074 0.04019097222222223 0.02719907407407405
2 0.3043113425925926 0.6499131944444445 0.03874421296296297 0.028703703703703808
2 0.300462962962963 0.6296875 0.03874421296296297 0.02870370370370363
2 0.26935763888888886 0.6010706018518518 0.037962962962962976 0.028674768518518513
2 0.2654513888888889 0.5800636574074074 0.03388310185185191 0.026186342592592737
2 0.2302662037037037 0.5703993055555555 0.033506944444444464 0.03162615740740744
2 0.25277777777777777 0.55703125 0.033159722222222146 0.02693865740740744
2 0.3796875 0.6416377314814815 0.04120370370370381 0.030353009259259166
2 0.40353009259259254 0.646238425925926 0.034056712962962976 0.02853009259259274
2 0.43524305555555554 0.6513310185185185 0.04108796296296298 0.02879050925925917
2 0.43211805555555555 0.6302951388888889 0.04042245370370381 0.03032407407407405
2 0.4532118055555555 0.6083622685185185 0.03394097222222214 0.02696759259259256
2 0.4715856481481482 0.592013888888889 0.03585069444444446 0.03171296296296298
2 0.5075520833333333 0.5381944444444444 0.027256944444444466 0.03139467592592595
2 0.5252025462962964 0.52265625 0.026851851851851904 0.025925925925925953
2 0.5374421296296296 0.5081018518518519 0.027748842592592738 0.027517361111111072
2 0.5484375 0.4873263888888889 0.030758101851851904 0.026070601851851904
2 0.560763888888889 0.46336805555555555 0.03260995370370381 0.030034722222222143
2 0.3416666666666667 0.445630787037037 0.03278356481481488 0.03237847222222214
2 0.33504050925925927 0.409056712962963 0.03278356481481479 0.03237847222222214
2 0.36736111111111114 0.41177662037037044 0.032320601851851816 0.026128472222222143
2 0.34878472222222223 0.3936631944444445 0.02696759259259256 0.02748842592592595
2 0.5870949074074074 0.43810763888888893 0.03483796296296297 0.028559027777777857
2 0.6015046296296296 0.3999710648148148 0.028298611111111073 0.024421296296296368
2 0.30309606481481477 0.35853587962962963 0.035069444444444466 0.03168402777777777
2 0.33188657407407407 0.3559027777777778 0.03087384259259256 0.027633101851851905
2 0.6405092592592593 0.37659143518518523 0.02795138888888893 0.019733796296296367
2 0.6645543981481481 0.37335069444444446 0.02806712962962976 0.02129629629629637
2 0.6950231481481481 0.37222222222222223 0.03755787037037024 0.02320601851851851
2 0.7187210648148149 0.3642939814814815 0.033767361111111074 0.02462384259259256
2 0.7357060185185185 0.35034722222222225 0.03394097222222214 0.02696759259259256
2 0.7396701388888889 0.3298321759259259 0.03778935185185191 0.02633101851851851
2 0.7588831018518519 0.3142361111111111 0.03472222222222214 0.02699652777777777
2 0.7864583333333334 0.3163483796296296 0.03952546296296298 0.02873263888888893
2 0.7161458333333334 0.31895254629629627 0.03344907407407405 0.03084490740740744
2 0.6876446759259259 0.32549189814814816 0.0354456018518519 0.026244212962962976
2 0.6619212962962963 0.32722800925925927 0.03023726851851851 0.019039351851851814