1 0.36429976851851853 0.6097569444444444 0.04552662037037036 0.03491319444444443
1 0.3137094907407407 0.5754166666666667 0.04787037037037036 0.03498263888888893
1 0.35732638888888885 0.5548148148148149 0.03989583333333328 0.02928240740740744
0 0.41501736111111115 0.4814583333333333 0.04306712962962962 0.03093749999999993
0 0.36645833333333333 0.5105150462962963 0.046215277777777786 0.03181134259259259
0 0.3847858796296296 0.55171875 0.036817129629629616 0.03075231481481495
0 0.4132118055555556 0.5423958333333333 0.035231481481481454 0.029924768518518618
0 0.42484374999999996 0.5192824074074074 0.03674768518518512 0.028408564814814775
0 0.45632523148148146 0.5123958333333334 0.03991898148148145 0.03006365740740744
0 0.47037037037037044 0.4870081018518519 0.04759259259259245 0.02560763888888893
0 0.5033680555555555 0.4817303240740741 0.03849537037037045 0.03470486111111111
0 0.5438136574074074 0.46259837962962963 0.03759837962962962 0.030775462962962942
0 0.5533217592592592 0.4847743055555556 0.043732638888888786 0.027054398148148095
0 0.49318287037037045 0.5087962962962963 0.04398726851851862 0.035648148148148096
0 0.5249131944444445 0.5199016203703704 0.04327546296296294 0.037968749999999926
0 0.5494039351851852 0.5378298611111111 0.043182870370370455 0.03484374999999993
0 0.5408738425925926 0.5618171296296296 0.03764467592592595 0.03233796296296294
0 0.5124768518518519 0.5437731481481481 0.04242476851851862 0.03560185185185176
0 0.4784953703703703 0.5294733796296296 0.04554976851851862 0.03569444444444443
0 0.44855324074074077 0.5371875 0.03837962962962962 0.030798611111111106
0 0.47373263888888884 0.5582638888888889 0.04538773148148145 0.03022569444444443
0 0.5062905092592592 0.5678298611111111 0.038425925925925954 0.032361111111111104
0 0.4961747685185186 0.5925520833333333 0.043206018518518616 0.03562499999999993
0 0.4660763888888889 0.5791493055555555 0.04543402777777779 0.03178819444444443
0 0.44388310185185187 0.5628530092592593 0.043940972222222284 0.034085648148148094
0 0.41247106481481477 0.5673958333333333 0.04311342592592595 0.03249999999999993
0 0.3937384259259259 0.5926446759259258 0.043206018518518616 0.03562499999999993
0 0.4289872685185185 0.5905613425925926 0.047986111111111104 0.03888888888888893
0 0.4614062499999999 0.6048148148148147 0.043229166666666784 0.03640624999999993
0 0.4204803240740741 0.6137673611111112 0.03759837962962962 0.03077546296296312
0 0.45046296296296295 0.631076388888889 0.042332175925925954 0.032476851851851764
0 0.4025752314814815 0.6374768518518519 0.042309027777777786 0.03169560185185176
0 0.43262731481481487 0.6524421296296297 0.05021412037037045 0.03505208333333343
0 0.3633969907407407 0.6402256944444444 0.051892361111111104 0.039004629629629764
0 0.3020023148148148 0.6274594907407407 0.048697916666666605 0.036568287037037094
0 0.31535879629629626 0.5989236111111111 0.038425925925925954 0.032361111111111104
0 0.33090277777777777 0.6549016203703705 0.035370370370370365 0.03461226851851862
0 0.36086226851851855 0.6729918981481482 0.045503472222222285 0.03413194444444443
0 0.38144675925925925 0.6908043981481482 0.05009837962962962 0.031145833333333428
0 0.35299768518518515 0.7009085648148148 0.048512731481481455 0.030318287037037095
0 0.31524305555555554 0.7083912037037037 0.04240162037037036 0.03482060185185176
0 0.2777199074074074 0.7080613425925926 0.048535879629629616 0.031099537037037096
0 0.1332349537037037 0.7022164351851853 0.04306712962962962 0.03093749999999993
0 0.17549189814814817 0.7011226851851852 0.050283564814814816 0.03739583333333343
0 0.21237268518518518 0.6967418981481481 0.04787037037037036 0.03498263888888893
0 0.25005787037037036 0.6916030092592592 0.046354166666666696 0.0364988425925926
0 0.2839988425925926 0.6808796296296297 0.05090277777777778 0.03195023148148159
0 0.32228009259259255 0.6820138888888889 0.04538773148148145 0.03022569444444443
2 0.23502893518518517 0.5918518518518519 0.04642361111111111 0.038842592592592595
2 0.2714872685185185 0.5225578703703704 0.05032986111111111 0.03895833333333343
2 0.30722222222222223 0.504068287037037 0.045642361111111106 0.03881944444444443
2 0.31027199074074074 0.5330902777777778 0.04219328703703704 0.027789351851851763
2 0.26681134259259254 0.5748090277777778 0.05115740740740744 0.0405439814814816
2 0.26754050925925926 0.6029803240740741 0.04568865740740744 0.04038194444444443
2 0.25870949074074073 0.6371238425925926 0.04398726851851853 0.035648148148148096
2 0.24397569444444445 0.6593634259259259 0.04221643518518521 0.028570601851851764
2 0.20406250000000004 0.6605266203703704 0.05186921296296294 0.03822337962962976
2 0.17577546296296295 0.665162037037037 0.050260416666666696 0.03661458333333343
2 0.12476273148148147 0.6714699074074074 0.048651620370370366 0.03500578703703709
2 0.07995370370370371 0.679525462962963 0.04554976851851851 0.03569444444444443
2 0.028431712962962964 0.7030208333333333 0.04667824074074074 0.04743634259259259
2 0.07509837962962963 0.7114409722222221 0.048859953703703704 0.042037037037037095
2 0.3694212962962963 0.727199074074074 0.04867476851851853 0.035787037037037096
2 0.40163773148148146 0.7218981481481481 0.04642361111111111 0.038842592592592595
2 0.4535300925925926 0.6859027777777778 0.053454861111111106 0.03905092592592592
2 0.48150462962962964 0.6390335648148148 0.046238425925925954 0.0325925925925926
2 0.4921643518518518 0.4376099537037037 0.04881365740740744 0.040474537037037094
2 0.528425925925926 0.42773726851851845 0.03847222222222228 0.033923611111111106
2 0.5593113425925926 0.4145775462962963 0.0464467592592591 0.03962384259259259
2 0.5860763888888889 0.43491898148148145 0.04803240740740744 0.040451388888888926
2 0.5860706018518519 0.46150462962962957 0.042447916666666786 0.036383101851851764
2 0.5990046296296296 0.5791782407407406 0.04031249999999993 0.04334490740740726
2 0.5540798611111111 0.5911400462962962 0.043940972222222284 0.034085648148148094
2 0.5728240740740741 0.5127199074074074 0.05021412037037045 0.03505208333333325
2 0.22024884259259264 0.7212152777777778 0.039988425925925955 0.03240740740740744
2 0.2570138888888889 0.7207407407407407 0.04254050925925927 0.03950810185185176