2 0.1675 0.7277430555555556 0.032482638888888894 0.032366898148148235
1 0.32048032407407406 0.5882407407407408 0.02533564814814815 0.024137731481481593
1 0.3382060185185185 0.6057118055555556 0.03081597222222223 0.02524305555555557
1 0.33934606481481483 0.5815393518518519 0.02611689814814815 0.02418402777777793
1 0.3628761574074074 0.5766782407407407 0.027725694444444393 0.027401620370370416
1 0.37747685185185187 0.5939641203703704 0.030034722222222233 0.025196759259259238
1 0.3847858796296296 0.5756307870370371 0.025300925925925987 0.021793981481481595
1 0.401400462962963 0.5625405092592592 0.02533564814814824 0.024137731481481593
1 0.4248611111111112 0.5623668981481481 0.02537037037037031 0.026481481481481595
1 0.4089814814814815 0.5786284722222221 0.02686342592592581 0.021886574074073906
1 0.401707175925926 0.5946180555555556 0.025324074074073978 0.023356481481481596
1 0.4243287037037037 0.5983043981481482 0.031597222222222145 0.025289351851851903
1 0.4331655092592593 0.5824074074074075 0.030023148148148236 0.024415509259259238
1 0.45044560185185184 0.5771759259259259 0.026851851851851904 0.021105324074073905
1 0.47530671296296295 0.5880324074074075 0.024496527777777645 0.02018518518518526
1 0.4809953703703703 0.5735127314814814 0.029195601851851903 0.021244212962962906
1 0.4470659722222222 0.5941782407407408 0.02995370370370374 0.019728009259259237
0 0.1524652777777778 0.581412037037037 0.028483796296296316 0.02588541666666657
0 0.17599537037037036 0.5765509259259259 0.027702546296296315 0.025839120370370415
0 0.19872106481481483 0.5732060185185185 0.026886574074074066 0.023449074074074084
0 0.2230787037037037 0.5652662037037037 0.031597222222222145 0.025289351851851903
0 0.17260416666666667 0.5943344907407407 0.02924189814814815 0.024369212962962905
0 0.19686921296296295 0.5926446759259258 0.024542824074074064 0.02331018518518526
0 0.22114583333333332 0.5901736111111111 0.02924189814814815 0.024369212962962905
0 0.24000000000000005 0.5842534722222222 0.02764467592592599 0.021932870370370415
0 0.2658159722222222 0.5834374999999999 0.026875000000000072 0.022667824074074083
0 0.2731481481481482 0.5635416666666667 0.02615162037037031 0.02652777777777775
0 0.2957349537037037 0.5695717592592592 0.025289351851851903 0.021012731481481594
0 0.2868865740740741 0.58625 0.0292071759259259 0.022025462962962906
0 0.15597800925925925 0.6082060185185185 0.0308391203703704 0.026805555555555572
0 0.18249421296296298 0.6129050925925925 0.026874999999999982 0.022667824074074083
0 0.2067824074074074 0.6096527777777778 0.02615162037037031 0.026527777777777928
0 0.23107060185185188 0.6064004629629629 0.032332175925925986 0.022210648148148236
0 0.22532407407407407 0.624826388888889 0.02611689814814815 0.02418402777777793
2 0.24447337962962962 0.6517650462962963 0.03163194444444448 0.027633101851851905
0 0.24880787037037036 0.6230902777777778 0.026128472222222233 0.02496527777777775
0 0.27380787037037035 0.6245717592592592 0.02690972222222223 0.025011574074074082
0 0.25615162037037037 0.6024131944444445 0.02849537037037031 0.02666666666666657
0 0.27883101851851855 0.6021932870370371 0.024577546296296226 0.025653935185185262
0 0.3015451388888889 0.5996296296296297 0.025300925925925987 0.021793981481481595
0 0.2957638888888889 0.6203993055555556 0.028460648148148148 0.024322916666666573
0 0.3184664351851852 0.6186168981481481 0.02299189814814815 0.023998842592592596
0 0.3471180555555556 0.6375173611111111 0.027679398148148147 0.024276620370370417
0 0.36537615740740736 0.619050925925926 0.02765625000000007 0.02271412037037024
0 0.3737152777777778 0.6367476851851851 0.0331828703703704 0.02694444444444457
0 0.3903761574074074 0.6205324074074074 0.026070601851851904 0.02105902777777775
0 0.2944733796296296 0.5491666666666667 0.030034722222222233 0.025196759259259238
0 0.31778356481481485 0.5591493055555555 0.025300925925925987 0.021793981481481418
0 0.3266203703703704 0.5432523148148147 0.0245196759259259 0.021747685185185262
0 0.34281828703703704 0.5582870370370371 0.026140046296296314 0.02574652777777775
0 0.3524363425925926 0.5424363425925927 0.02762152777777782 0.020370370370370417
0 0.3670833333333333 0.5565972222222222 0.030827546296296315 0.02602430555555557
0 0.3790451388888889 0.5408854166666666 0.027633101851851905 0.021151620370370237
0 0.40090856481481485 0.542962962962963 0.026105324074073975 0.02340277777777775
0 0.42517361111111107 0.5412731481481481 0.02842592592592581 0.02197916666666657
0 0.44704861111111105 0.5425694444444444 0.026105324074073975 0.02340277777777793
0 0.4624189814814814 0.5606828703703703 0.025324074074073978 0.023356481481481596
0 0.4728067129629629 0.5456597222222223 0.026851851851851904 0.021105324074074082
0 0.5101678240740741 0.5572569444444444 0.02846064814814824 0.02432291666666675
0 0.5271469907407408 0.572337962962963 0.024542824074073977 0.02331018518518526
0 0.5160474537037038 0.5826273148148149 0.026886574074073976 0.023449074074074084
0 0.5048784722222223 0.5976041666666666 0.026840277777777644 0.020324074074074085
0 0.5147916666666668 0.6146122685185185 0.026070601851851904 0.02105902777777775
0 0.49290509259259263 0.6140972222222223 0.027679398148148238 0.02427662037037024
0 0.4646875 0.6186805555555556 0.026898148148148237 0.024230324074074085
0 0.44273148148148156 0.6228530092592592 0.02921875000000007 0.022806712962962904
0 0.41695023148148147 0.6213252314814814 0.025289351851851903 0.021012731481481417
0 0.40423032407407405 0.6354282407407407 0.028425925925925986 0.02197916666666657
2 0.08459490740740741 0.6235243055555555 0.02919560185185186 0.021244212962962906
2 0.09267361111111111 0.6060185185185185 0.02758680555555555 0.018026620370370415
2 0.10541666666666667 0.5903530092592593 0.03472222222222223 0.025474537037036882
2 0.11658564814814816 0.5753761574074074 0.030758101851851814 0.02133680555555557
2 0.1200173611111111 0.607638888888889 0.033952546296296314 0.026209490740740905
2 0.10881365740740741 0.6249594907407408 0.029988425925925943 0.02207175925925924
2 0.12108217592592592 0.6413252314814815 0.03398726851851848 0.028553240740740726
2 0.13541087962962964 0.6241898148148148 0.028460648148148148 0.024322916666666573
2 0.1507696759259259 0.6430844907407407 0.03002314814814815 0.024415509259259238
2 0.17267939814814814 0.642037037037037 0.030792824074074066 0.023680555555555573
2 0.2000347222222222 0.6428761574074074 0.030011574074074066 0.023634259259259237
2 0.22347222222222224 0.6442650462962962 0.029184027777777823 0.020462962962962905
2 0.2999189814814815 0.6566145833333333 0.03790509259259256 0.029565972222222216
2 0.32267939814814817 0.6509259259259259 0.030815972222222144 0.02524305555555557
2 0.1496875 0.5577893518518519 0.031597222222222235 0.025289351851851903
2 0.17011574074074073 0.5511805555555556 0.03080439814814815 0.02446180555555557
2 0.19129050925925925 0.5469618055555555 0.0331828703703704 0.02694444444444457
2 0.21794560185185183 0.5422858796296296 0.03158564814814815 0.024508101851851906
2 0.24144097222222224 0.5397685185185186 0.03240162037037031 0.026898148148148237
2 0.26647569444444447 0.5389062499999999 0.03236689814814815 0.02455439814814824
2 0.2870891203703704 0.5197974537037038 0.03474537037037031 0.02703703703703688
2 0.3096759259259259 0.5258275462962964 0.0315393518518519 0.021383101851851903
2 0.33313657407407404 0.5256539351851852 0.02686342592592599 0.021886574074074083
2 0.3558275462962963 0.5246527777777777 0.02765625000000007 0.022714120370370416
2 0.3769444444444444 0.5243402777777778 0.026817129629629656 0.018761574074074083
2 0.4019328703703704 0.5266030092592593 0.026817129629629656 0.018761574074074083
2 0.4415914351851852 0.6470254629629629 0.03155092592592581 0.022164351851851904
2 0.4988888888888889 0.6324363425925925 0.030723379629629656 0.018993055555555572
2 0.561701388888889 0.6150462962962964 0.02924189814814824 0.024369212962962905
2 0.539837962962963 0.6129687500000001 0.022991898148148237 0.023998842592592596
2 0.5502372685185184 0.5971643518518519 0.02921875000000007 0.022806712962962904
2 0.5659895833333334 0.5894965277777777 0.03158564814814824 0.024508101851851906
2 0.5562152777777778 0.5631134259259258 0.030781250000000072 0.022899305555555572
2 0.5478414351851851 0.5477604166666666 0.029184027777777642 0.020462962962962905
2 0.5197627314814814 0.54296875 0.026782407407407404 0.016417824074074085
2 0.5348148148148149 0.5297858796296296 0.02764467592592599 0.021932870370370415
2 0.5105960648148148 0.5283506944444445 0.03396412037037031 0.026990740740740725
2 0.48953703703703705 0.5247569444444444 0.02843750000000007 0.02276041666666657
2 0.46227430555555565 0.5176678240740741 0.026898148148148237 0.024230324074074085
2 0.4403993055555556 0.5163715277777777 0.030804398148148237 0.02446180555555557
2 0.42009837962962965 0.5143865740740742 0.02849537037037031 0.02666666666666657