1 0.39921875 0.56484375 0.04453125 0.03125
1 0.36640625 0.5828125 0.03984375 0.03125
1 0.4171875 0.5921875 0.0421875 0.03046875
1 0.3921875 0.61640625 0.0453125 0.03359375
1 0.38515625 0.6453125 0.0453125 0.034375
1 0.378125 0.67109375 0.05078125 0.0328125
1 0.35078125 0.5296875 0.04140625 0.040625
0 0.375 0.50625 0.0421875 0.03515625
0 0.390625 0.5265625 0.04765625 0.0265625
0 0.4328125 0.52578125 0.03828125 0.0328125
0 0.44921875 0.5015625 0.03984375 0.034375
0 0.48203125 0.50390625 0.04375 0.0328125
0 0.471875 0.53125 0.04453125 0.03046875
0 0.446875 0.55078125 0.03671875 0.03046875
0 0.46328125 0.58203125 0.05546875 0.03046875
0 0.48671875 0.56171875 0.046875 0.028125
0 0.50625 0.54140625 0.04921875 0.03125
0 0.5453125 0.534375 0.053125 0.03203125
0 0.5625 0.5625 0.05078125 0.034375
0 0.5171875 0.5671875 0.046875 0.03046875
0 0.496875 0.58828125 0.05 0.03125
0 0.465625 0.61171875 0.04765625 0.03203125
0 0.4375 0.6234375 0.0328125 0.028125
0 0.46875 0.646875 0.046875 0.03828125
0 0.43125 0.65390625 0.04140625 0.034375
0 0.43984375 0.68203125 0.05 0.03515625
0 0.40390625 0.6953125 0.05 0.034375
0 0.409375 0.72109375 0.04375 0.03515625
0 0.3703125 0.71640625 0.0453125 0.03515625
0 0.33515625 0.7296875 0.05 0.040625
0 0.334375 0.70234375 0.05390625 0.03828125
0 0.3390625 0.6421875 0.04453125 0.0375
2 0.3171875 0.52578125 0.05 0.0375
2 0.32265625 0.5765625 0.046875 0.0375
2 0.27890625 0.6828125 0.0453125 0.0359375
2 0.27890625 0.7140625 0.05234375 0.03671875
2 0.28203125 0.7453125 0.05078125 0.03671875
2 0.28828125 0.7765625 0.053125 0.0390625
2 0.32421875 0.7953125 0.05546875 0.04140625
2 0.353125 0.775 0.0390625 0.040625
2 0.38828125 0.75625 0.05234375 0.0328125
2 0.3953125 0.78984375 0.05625 0.03828125
2 0.42578125 0.7671875 0.05078125 0.03828125
2 0.4703125 0.73046875 0.05234375 0.0421875
2 0.49140625 0.690625 0.05078125 0.0328125
2 0.52109375 0.62421875 0.04140625 0.03359375
2 0.553125 0.60390625 0.046875 0.0296875
2 0.6125 0.5765625 0.05234375 0.03828125
2 0.58046875 0.52421875 0.04765625 0.034375
2 0.56640625 0.49609375 0.046875 0.03125
2 0.5296875 0.4890625 0.04375 0.0328125
2 0.47578125 0.4609375 0.0578125 0.03046875
2 0.44609375 0.47890625 0.034375 0.02734375
2 0.4859375 0.48515625 0.05078125 0.03046875