1 0.5935243055555556 0.4877662037037037 0.03229166666666661 0.02436342592592595
1 0.659982638888889 0.6101793981481481 0.03239583333333336 0.026707175925925954
1 0.6721006944444444 0.636417824074074 0.03409722222222218 0.029878472222222285
0 0.7143229166666666 0.6359490740740741 0.03385416666666678 0.024409722222222284
0 0.7053993055555555 0.6111805555555556 0.034670138888888855 0.025214120370370453
0 0.7014409722222222 0.5925231481481481 0.038541666666666606 0.024548611111111108
0 0.6858333333333333 0.575775462962963 0.03793402777777786 0.02843171296296294
0 0.6700520833333334 0.5903240740740741 0.033749999999999857 0.022065972222222285
0 0.6529861111111112 0.5759664351851852 0.03229166666666679 0.02436342592592595
0 0.6373090277777778 0.5928587962962963 0.032187500000000036 0.022019675925925953
0 0.6325868055555556 0.6274189814814815 0.03861111111111111 0.026111111111111106
0 0.6993576388888888 0.651255787037037 0.034062499999999926 0.029097222222222285
0 0.6617013888888889 0.5608449074074073 0.026822916666666606 0.024201388888888786
0 0.6356076388888889 0.5545775462962963 0.03168402777777786 0.028246527777777787
0 0.6128819444444444 0.5536863425925926 0.03949652777777786 0.028478009259259272
0 0.5859722222222222 0.5466608796296296 0.029166666666666785 0.024270833333333287
0 0.6033854166666666 0.5336284722222222 0.03619791666666679 0.024479166666666784
0 0.6072743055555556 0.5155208333333333 0.035555555555555604 0.027581018518518442
0 0.6316319444444444 0.5179282407407408 0.034635416666666786 0.024432870370370452
0 0.6237673611111111 0.5345891203703703 0.03779513888888886 0.02530671296296294
0 0.6505034722222222 0.5377083333333333 0.029270833333333357 0.026614583333333285
0 0.6694791666666667 0.5246296296296297 0.03619791666666679 0.024479166666666784
0 0.7022916666666668 0.4884548611111111 0.03225694444444436 0.02358217592592595
0 0.6441840277777777 0.5011284722222222 0.03651041666666668 0.03151041666666661
0 0.6183333333333334 0.5003298611111111 0.03470486111111111 0.025995370370370453
0 0.6136805555555556 0.4660474537037037 0.032326388888888856 0.025144675925925952
0 0.6376388888888889 0.4770717592592593 0.03473958333333336 0.02677662037037045
0 0.5698263888888888 0.465 0.037968749999999926 0.029212962962963118
0 0.5693055555555555 0.4884837962962963 0.02923611111111111 0.025833333333333285
2 0.49111111111111116 0.4892361111111111 0.038003472222222355 0.029994212962963118
2 0.5352604166666668 0.47932291666666665 0.03246527777777786 0.02826967592592595
2 0.5953125 0.4399942129629629 0.03473958333333336 0.02677662037037045
2 0.6168229166666667 0.44874421296296296 0.036232638888888856 0.025260416666666785
2 0.6452951388888889 0.45572337962962967 0.029409722222222177 0.029739583333333285
2 0.6722048611111111 0.4627488425925925 0.03562499999999993 0.029143518518518617
2 0.6953993055555555 0.45658564814814817 0.03157986111111111 0.025902777777777785
2 0.7336805555555556 0.45545138888888886 0.03637152777777786 0.028385416666666607
2 0.7155555555555556 0.47006944444444443 0.030017361111111106 0.025856481481481453
2 0.7424305555555556 0.4763136574074075 0.041163194444444426 0.03086805555555543
2 0.7508333333333332 0.5245659722222222 0.03708333333333336 0.026846064814814774
2 0.7558333333333334 0.496255787037037 0.037864583333333354 0.02686921296296312
2 0.7713715277777778 0.5114409722222222 0.03732638888888893 0.03231481481481495
2 0.7344791666666667 0.5086226851851852 0.031614583333333356 0.026684027777777786
2 0.7157118055555556 0.5263888888888889 0.03388888888888886 0.025190972222222285
2 0.6625173611111111 0.4911979166666667 0.030729166666666606 0.02431712962962962
2 0.6702430555555555 0.5066145833333333 0.029947916666666786 0.02429398148148145
2 0.6880034722222221 0.5013946759259259 0.036979166666666785 0.024502314814814952
2 0.6911458333333333 0.5192939814814814 0.029913194444444357 0.023512731481481454
2 0.6880729166666667 0.5381597222222222 0.03527777777777778 0.021331018518518617
2 0.6928124999999999 0.5567939814814815 0.034670138888888855 0.025214120370370453
2 0.7181076388888888 0.5450925925925926 0.03534722222222229 0.02289351851851844
2 0.7268229166666667 0.5651736111111111 0.03473958333333336 0.02677662037037045
2 0.739375 0.5835763888888889 0.037864583333333354 0.026869212962962942
2 0.7450694444444445 0.60609375 0.03800347222222218 0.029994212962963118
2 0.5632638888888889 0.5637615740740741 0.03881944444444443 0.030798611111111106
2 0.5650347222222222 0.5332002314814815 0.036840277777777784 0.021377314814814953
2 0.5742881944444445 0.5125868055555556 0.026076388888888857 0.02495949074074062
2 0.6153645833333333 0.5919444444444444 0.03211805555555554 0.02045717592592595
2 0.6084895833333334 0.613269675925926 0.03569444444444443 0.03070601851851862
2 0.6959548611111112 0.6803009259259258 0.03690972222222229 0.02293981481481495
2 0.7100694444444444 0.6986574074074074 0.035520833333333356 0.02679976851851844
2 0.7408506944444444 0.7047858796296296 0.03953124999999993 0.029259259259259273
2 0.7335590277777777 0.6815335648148148 0.03864583333333336 0.026892361111111283
2 0.7203298611111111 0.6654976851851853 0.03473958333333336 0.02677662037037045
2 0.7485590277777778 0.6670081018518518 0.043368055555555604 0.027812499999999928
2 0.7477604166666667 0.6490393518518518 0.04092013888888886 0.02539930555555543
2 0.7586111111111111 0.6291608796296296 0.033923611111111106 0.025972222222222285