1 0.44140625 0.7555902777777778 0.02890625 0.025057870370370418
1 0.46593750000000006 0.7641030092592592 0.027239583333333428 0.02340277777777793
0 0.3622395833333333 0.4842245370370371 0.025572916666666678 0.021747685185185262
0 0.3384375 0.5118344907407406 0.029427083333333305 0.021197916666666573
0 0.3177083333333333 0.5168807870370371 0.02473958333333339 0.02092013888888893
0 0.29859375 0.521238425925926 0.028645833333333304 0.021151620370370237
0 0.2738541666666666 0.5158506944444444 0.027708333333333356 0.018761574074074083
0 0.2806770833333333 0.5311574074074075 0.03104166666666668 0.02207175925925924
0 0.29541666666666666 0.5453645833333333 0.025520833333333392 0.02096643518518526
0 0.3125 0.5361805555555555 0.02468750000000002 0.02013888888888893
0 0.33588541666666666 0.5383506944444444 0.030989583333333303 0.021290509259259238
0 0.3500520833333333 0.5258564814814815 0.026197916666666644 0.019450231481481596
0 0.3929166666666667 0.5299652777777778 0.023697916666666697 0.016967592592592597
0 0.42255208333333333 0.5325057870370371 0.03104166666666668 0.02207175925925924
0 0.40838541666666667 0.5449999999999999 0.025572916666666678 0.021747685185185262
0 0.3825520833333333 0.5442534722222222 0.02473958333333339 0.02092013888888893
0 0.3963541666666667 0.5607581018518518 0.022395833333333302 0.020781249999999928
0 0.366875 0.5558738425925925 0.029635416666666713 0.024322916666666573
0 0.35864583333333333 0.5734259259259259 0.029479166666666678 0.02197916666666657
0 0.346875 0.5617476851851851 0.028749999999999963 0.02271412037037024
0 0.3315104166666667 0.5686805555555555 0.026302083333333393 0.021012731481481594
0 0.3104166666666667 0.5791956018518518 0.031770833333333394 0.02133680555555557
0 0.3005729166666667 0.5621412037037038 0.029427083333333392 0.021197916666666573
0 0.281875 0.5720138888888889 0.027864583333333304 0.021105324074074082
0 0.3090625 0.5995081018518519 0.031458333333333324 0.028321759259259238
0 0.36807291666666664 0.7026157407407407 0.02645833333333334 0.023356481481481596
0 0.38156249999999997 0.6885127314814815 0.03036458333333325 0.023587962962962904
0 0.4065625 0.7017592592592592 0.023177083333333393 0.02082754629629626
0 0.38937499999999997 0.712505787037037 0.023177083333333393 0.02082754629629626
0 0.4258333333333333 0.7068229166666666 0.027864583333333214 0.021105324074074082
0 0.40921874999999996 0.7207407407407407 0.02734375 0.02496527777777775
0 0.4294791666666667 0.7227256944444445 0.026406249999999964 0.022575231481481595
0 0.4510416666666666 0.7287094907407408 0.024739583333333214 0.02092013888888893
0 0.38739583333333333 0.7304282407407408 0.02890625 0.025057870370370237
0 0.41192708333333333 0.7389409722222222 0.026302083333333393 0.021012731481481417
0 0.4301562499999999 0.736099537037037 0.02453125000000007 0.01779513888888893
0 0.3940104166666667 0.7488599537037037 0.023281249999999965 0.022390046296296262
0 0.41296875 0.7586111111111111 0.02880208333333325 0.023495370370370416
0 0.39875 0.7718865740740741 0.02791666666666668 0.021886574074074083
0 0.416875 0.7823726851851852 0.030989583333333393 0.021290509259259238
0 0.4307291666666666 0.7745659722222222 0.026093750000000072 0.017887731481481418
0 0.4026041666666666 0.7964293981481482 0.029635416666666713 0.02432291666666675
0 0.42411458333333335 0.8031944444444445 0.03203125 0.02524305555555557
0 0.43968749999999995 0.7931365740740741 0.023177083333333216 0.02082754629629626
0 0.45546875 0.7799537037037038 0.027083333333333393 0.021059027777777926
0 0.48942708333333335 0.7529456018518518 0.028645833333333214 0.021151620370370237
0 0.47880208333333335 0.7829050925925926 0.02385416666666664 0.019311342592592595
0 0.46447916666666667 0.7977430555555556 0.027864583333333214 0.021105324074074262
0 0.48635416666666664 0.7990393518518518 0.02703124999999993 0.02027777777777793
0 0.50296875 0.7851215277777778 0.024739583333333214 0.02092013888888893
0 0.51125 0.8020833333333333 0.02791666666666668 0.021886574074073906
0 0.4963541666666666 0.81375 0.027864583333333214 0.021105324074073905
0 0.51796875 0.8189525462962962 0.025729166666666713 0.024091435185184907
0 0.5038541666666667 0.8306655092592592 0.03083333333333336 0.01894675925925924
0 0.4534375 0.8104224537037037 0.025572916666666678 0.021747685185185262
0 0.4760416666666667 0.8125462962962964 0.03026041666666668 0.022025462962962906
0 0.43546874999999996 0.8211226851851852 0.030312499999999964 0.022806712962962904
0 0.459375 0.8272453703703704 0.026145833333333358 0.018668981481481595
0 0.46765624999999994 0.844207175925926 0.027812499999999928 0.020324074074073904
0 0.4805729166666667 0.8269328703703703 0.031874999999999966 0.022899305555555572
0 0.48656249999999995 0.842974537037037 0.03187500000000014 0.022899305555555572
0 0.4138541666666667 0.8159201388888888 0.029479166666666678 0.02197916666666657
0 0.41421875 0.8339814814814815 0.03270833333333343 0.023726851851851905
0 0.44046874999999996 0.8402430555555555 0.029427083333333215 0.021197916666666573
0 0.42458333333333337 0.8549884259259259 0.03203125 0.02524305555555557
0 0.44718749999999996 0.8571122685185184 0.0296875 0.025104166666666573
0 0.40057291666666667 0.8504282407407407 0.025729166666666713 0.02409143518518526
2 0.3317708333333333 0.42359375000000005 0.03083333333333336 0.01894675925925924
2 0.3583854166666667 0.43615162037037036 0.03416666666666668 0.022256944444444392
2 0.37723958333333335 0.4474652777777777 0.02859375000000002 0.02037037037037024
2 0.3990625 0.4495428240740741 0.023802083333333356 0.018530092592592595
2 0.4147916666666667 0.4371412037037038 0.02531250000000007 0.017841435185185262
2 0.43494791666666666 0.44068865740740737 0.027708333333333356 0.018761574074074083
2 0.45203125 0.443269675925926 0.02473958333333339 0.02092013888888893
2 0.41916666666666663 0.45387152777777773 0.024739583333333214 0.02092013888888893
2 0.4409895833333334 0.45594907407407403 0.029270833333333357 0.01885416666666657
2 0.42848958333333337 0.46697337962962965 0.02880208333333343 0.023495370370370416
2 0.44776041666666666 0.4720370370370371 0.028125 0.025011574074074082
2 0.40895833333333337 0.46581597222222226 0.025520833333333215 0.02096643518518526
2 0.38864583333333336 0.4646122685185185 0.02776041666666664 0.019542824074074084
2 0.36593749999999997 0.4640509259259259 0.02843750000000007 0.018026620370370415
2 0.3481770833333333 0.45986111111111116 0.02713541666666668 0.021840277777777927
2 0.30927083333333333 0.4669675925925926 0.030937500000000017 0.020509259259259238
2 0.32104166666666667 0.45511574074074074 0.030989583333333303 0.021290509259259238
2 0.32765625 0.4735474537037037 0.02692708333333336 0.01871527777777775
2 0.3419270833333333 0.48302083333333334 0.023177083333333393 0.02082754629629626
2 0.3798958333333333 0.47821180555555554 0.024635416666666642 0.019357638888888928
2 0.40098958333333334 0.47946180555555556 0.025520833333333392 0.02096643518518526
2 0.42041666666666666 0.4821817129629629 0.022395833333333393 0.020781249999999928
2 0.4373958333333333 0.48632523148148155 0.02473958333333339 0.02092013888888893
2 0.4565625 0.49295138888888895 0.025572916666666678 0.021747685185185262
2 0.44026041666666665 0.502181712962963 0.029427083333333215 0.021197916666666573
2 0.42390625000000004 0.5004282407407408 0.023802083333333356 0.018530092592592595
2 0.40453124999999995 0.4969270833333333 0.028489583333333356 0.01880787037037024
2 0.38390625 0.5004108796296297 0.028541666666666642 0.01958912037037024
2 0.40744791666666663 0.5120023148148147 0.023906249999999928 0.020092592592592596
2 0.370625 0.5113888888888889 0.029270833333333357 0.01885416666666657
2 0.3564583333333333 0.5003530092592593 0.028593749999999928 0.020370370370370417
2 0.28312499999999996 0.47090856481481486 0.02578125 0.02487268518518526
2 0.30291666666666667 0.4799247685185185 0.024687499999999928 0.02013888888888893
2 0.3204166666666667 0.4880208333333334 0.028489583333333356 0.01880787037037024
2 0.2682291666666667 0.48257523148148146 0.030208333333333393 0.021244212962962906
2 0.2896354166666667 0.4909027777777778 0.02635416666666668 0.021793981481481595
2 0.3041145833333333 0.49725115740740744 0.027812499999999928 0.020324074074074085
2 0.44666666666666666 0.523738425925926 0.026406249999999964 0.022575231481481595
2 0.24260416666666665 0.5022337962962963 0.030416666666666713 0.024369212962962905
2 0.26031250000000006 0.49543981481481475 0.025416666666666643 0.01940393518518526
2 0.24161458333333333 0.5170775462962963 0.030208333333333393 0.021244212962962906
2 0.23744791666666668 0.5325173611111111 0.028541666666666642 0.01958912037037024
2 0.2588020833333333 0.5298611111111111 0.02312499999999993 0.020046296296296263
2 0.23177083333333331 0.5470833333333334 0.027864583333333394 0.021105324074074082
2 0.25515625000000003 0.5492534722222222 0.028020833333333252 0.023449074074074084
2 0.24083333333333332 0.5640914351851851 0.0296875 0.025104166666666573
2 0.4571875 0.5424016203703703 0.027812499999999928 0.020324074074074085
2 0.44333333333333336 0.5502083333333333 0.02703124999999993 0.02027777777777775
2 0.4294791666666667 0.5580150462962963 0.026197916666666644 0.019450231481481416
2 0.44286458333333334 0.5690046296296296 0.02890625 0.025057870370370237
2 0.4174479166666666 0.5620081018518519 0.020572916666666784 0.016782407407407263
2 0.42671875000000004 0.5758912037037037 0.028750000000000143 0.022714120370370416
2 0.40078125 0.6002372685185186 0.027083333333333393 0.02105902777777775
2 0.3825 0.5803298611111112 0.02567708333333325 0.02331018518518526
2 0.40380208333333334 0.5784548611111111 0.02322916666666668 0.02160879629629626
2 0.37374999999999997 0.5939293981481482 0.028697916666666677 0.021932870370370238
2 0.34781249999999997 0.5947453703703703 0.03171875000000002 0.02055555555555557
2 0.26625 0.5828530092592592 0.024739583333333304 0.02092013888888893
2 0.24432291666666667 0.5941030092592593 0.03093749999999993 0.020509259259259238
2 0.26989583333333333 0.598755787037037 0.02567708333333334 0.02331018518518526
2 0.2885416666666667 0.6014293981481481 0.02322916666666668 0.02160879629629626
2 0.25656249999999997 0.6105150462962963 0.02791666666666668 0.021886574074074083
2 0.27984375 0.6142476851851851 0.03104166666666668 0.02207175925925924
2 0.33947916666666667 0.6138599537037037 0.02302083333333336 0.018483796296296262
2 0.31416666666666665 0.6288310185185185 0.029479166666666678 0.02197916666666657
2 0.3369270833333333 0.6286111111111111 0.02713541666666668 0.021840277777777927
2 0.28791666666666665 0.6343344907407408 0.03255208333333339 0.021383101851851903
2 0.2615104166666667 0.6304166666666667 0.028697916666666677 0.021932870370370238
2 0.3009895833333333 0.6500115740740741 0.03260416666666668 0.022164351851851904
2 0.32484375 0.645150462962963 0.030937500000000017 0.020509259259259238
2 0.34911458333333334 0.645804398148148 0.026250000000000016 0.020231481481481593
2 0.3291145833333333 0.663443287037037 0.02713541666666668 0.021840277777777927
2 0.3573958333333333 0.6627662037037038 0.03036458333333334 0.023587962962962904
2 0.38036458333333334 0.6594212962962963 0.0265625 0.024918981481481594
2 0.40510416666666665 0.6648090277777777 0.030364583333333427 0.023587962962962904
2 0.41270833333333334 0.680162037037037 0.02864583333333339 0.021151620370370237
2 0.43427083333333333 0.6861458333333333 0.02864583333333339 0.021151620370370418
2 0.3355208333333334 0.7085300925925926 0.03385416666666661 0.02924189814814824
2 0.34921875 0.6913020833333332 0.029479166666666678 0.02197916666666657
2 0.3518229166666667 0.722829861111111 0.030416666666666713 0.024369212962962905
2 0.36682291666666667 0.768425925925926 0.03265624999999996 0.022945601851851904
2 0.37114583333333334 0.7859375 0.03203125 0.02524305555555557
2 0.36890625 0.737175925925926 0.029114583333333322 0.028182870370370417
2 0.4616666666666667 0.7105150462962962 0.025729166666666713 0.02409143518518526
2 0.5246875 0.7769965277777777 0.028177083333333287 0.025792824074074083
2 0.5345833333333333 0.793269675925926 0.029427083333333215 0.021197916666666573
2 0.3855208333333333 0.8173784722222223 0.029427083333333305 0.021197916666666573
2 0.3868229166666667 0.8331423611111111 0.026406249999999964 0.022575231481481595
2 0.379375 0.8507407407407408 0.03140625000000004 0.027540509259259237
2 0.38390625 0.8651273148148148 0.025624999999999964 0.022528935185185263
2 0.3989583333333333 0.8864120370370369 0.036093750000000036 0.02781828703703724
2 0.40776041666666674 0.8720312499999998 0.03526041666666657 0.026990740740740905
2 0.42880208333333336 0.8858275462962963 0.029635416666666713 0.024322916666666573
2 0.45041666666666663 0.8792650462962964 0.025572916666666678 0.021747685185184905
2 0.4722395833333334 0.8813425925925926 0.032656250000000143 0.022945601851851904
2 0.48958333333333337 0.8682523148148149 0.028229166666666573 0.026574074074073906
2 0.46963541666666664 0.861579861111111 0.025520833333333392 0.020966435185184908
2 0.5069270833333334 0.8669270833333332 0.02645833333333325 0.02335648148148124
2 0.5180208333333334 0.8417013888888889 0.025208333333333322 0.01627893518518526