1 0.5484375 0.77828125 0.01796875 0.015642361111111214
1 0.53828125 0.7997048611111112 0.01796875 0.015642361111111214
1 0.54765625 0.8290277777777778 0.02265625 0.01975694444444436
1 0.52890625 0.8203819444444445 0.0234375 0.01744791666666643
1 0.54375 0.8124479166666667 0.01875 0.018802083333333285
1 0.56015625 0.8069270833333334 0.02109375 0.018124999999999857
1 0.57421875 0.7981770833333334 0.02421875 0.018263888888888857
1 0.55625 0.7911284722222222 0.021875 0.017378472222222285
1 0.53515625 0.7886284722222222 0.02421875 0.017482638888888857
1 0.5265625 0.8069965277777778 0.02421875 0.018263888888888857
0 0.57265625 0.7848263888888889 0.02265625 0.017413194444444356
0 0.56171875 0.7757465277777778 0.01953125 0.015711805555555534
0 0.56796875 0.7643055555555556 0.02421875 0.015138888888888858
0 0.5921875 0.7810069444444444 0.01796875 0.020329861111111215
0 0.57265625 0.8262326388888889 0.02265625 0.01585069444444436
0 0.56328125 0.8515972222222222 0.0203125 0.018090277777777785
0 0.58359375 0.8501562500000001 0.01796875 0.017986111111111213
0 0.54609375 0.8406770833333332 0.02109375 0.01734374999999986
0 0.50078125 0.7667881944444443 0.021875 0.016597222222222284
0 0.48828125 0.7490451388888889 0.025 0.015954861111111107
0 0.48203125 0.7628298611111111 0.02421875 0.01592013888888886
0 0.50625 0.7553124999999999 0.01640625 0.015572916666666714
2 0.36640625 0.7936284722222222 0.0296875 0.02631944444444443
2 0.4734375 0.7757291666666667 0.02265625 0.018975694444444358
2 0.515625 0.7885416666666666 0.01796875 0.016423611111111215
2 0.50546875 0.8130902777777778 0.01953125 0.017274305555555713
2 0.515625 0.8283854166666668 0.01953125 0.016493055555555712
2 0.53359375 0.8448090277777777 0.01953125 0.018836805555555714
2 0.5703125 0.7355034722222222 0.01953125 0.014930555555555535
2 0.59375 0.7467013888888889 0.03046875 0.0240104166666665
2 0.51796875 0.7738020833333333 0.0203125 0.017309027777777784
2 0.53359375 0.7737152777777778 0.01796875 0.014861111111111214
2 0.5875 0.8143923611111111 0.01640625 0.016354166666666715
2 0.0265625 0.6050868055555556 0.02578125 0.019895833333333356
2 0.04921875 0.6053124999999999 0.02421875 0.017482638888888857
2 0.05234375 0.5859201388888888 0.02109375 0.018125000000000037
2 0.0609375 0.5988020833333334 0.01953125 0.016493055555555535
2 0.075 0.5892708333333333 0.02265625 0.017413194444444356
2 0.1015625 0.5865451388888889 0.02265625 0.01585069444444436
2 0.1046875 0.5663715277777778 0.02421875 0.016701388888888856
2 0.121875 0.5811979166666666 0.025 0.016736111111111108
2 0.13125 0.5698958333333334 0.02578125 0.015208333333333357
2 0.14140625 0.5422222222222223 0.02890625 0.014565972222222357
2 0.140625 0.53046875 0.02734375 0.016059027777777856
2 0.13828125 0.5163020833333334 0.02421875 0.014357638888888857
2 0.153125 0.5653993055555555 0.01875 0.015677083333333286
2 0.14453125 0.574392361111111 0.02109375 0.014999999999999857
2 0.1734375 0.5709895833333334 0.021875 0.015034722222222286
2 0.184375 0.5644444444444444 0.021875 0.015815972222222287
2 0.18046875 0.6025520833333333 0.02578125 0.019895833333333356
2 0.16328125 0.6205381944444445 0.025 0.019079861111111106