2 0.765625 0.69375 0.0234375 0.0171875
2 0.72890625 0.68984375 0.01796875 0.015625
2 0.740625 0.68203125 0.0171875 0.01796875
2 0.75234375 0.6765625 0.01796875 0.015625
2 0.765625 0.6734375 0.01796875 0.015625
2 0.77890625 0.67890625 0.0171875 0.0171875
2 0.79140625 0.68046875 0.01640625 0.0171875
2 0.778125 0.66640625 0.01328125 0.0125
2 0.790625 0.6671875 0.0171875 0.0140625
2 0.7765625 0.65390625 0.0171875 0.0140625
2 0.7890625 0.64921875 0.01328125 0.015625
2 0.80625 0.653125 0.0171875 0.0125
2 0.80703125 0.66171875 0.02265625 0.0125
2 0.7984375 0.63671875 0.015625 0.0140625
2 0.809375 0.64296875 0.02109375 0.015625
2 0.81015625 0.63125 0.0203125 0.0140625
2 0.778125 0.62109375 0.0203125 0.0140625
2 0.790625 0.6140625 0.01796875 0.0140625
2 0.803125 0.621875 0.01875 0.0140625
2 0.71328125 0.67890625 0.02265625 0.01640625
2 0.7015625 0.67109375 0.02109375 0.0140625
2 0.671875 0.66875 0.0203125 0.01328125
2 0.68359375 0.66171875 0.01640625 0.0140625
2 0.73984375 0.6671875 0.01796875 0.0125
2 0.72890625 0.675 0.0171875 0.0140625
2 0.7703125 0.6453125 0.01640625 0.01328125
2 0.7796875 0.63203125 0.015625 0.01484375
0 0.75 0.653125 0.01796875 0.01640625
0 0.71796875 0.6609375 0.0203125 0.01328125
0 0.7328125 0.653125 0.01640625 0.015625
0 0.70625 0.6515625 0.021875 0.015625
0 0.690625 0.6421875 0.0171875 0.01640625
0 0.67734375 0.646875 0.01796875 0.015625
1 0.7140625 0.63828125 0.01953125 0.01484375
1 0.728125 0.6140625 0.02109375 0.0171875
1 0.73515625 0.625 0.01953125 0.01484375
1 0.7453125 0.61328125 0.01796875 0.01484375
1 0.73359375 0.5984375 0.0234375 0.01953125
1 0.65703125 0.60859375 0.02109375 0.01640625
1 0.64140625 0.603125 0.01875 0.0171875
1 0.65703125 0.59453125 0.02265625 0.01640625
1 0.671875 0.603125 0.02109375 0.01484375
1 0.659375 0.61875 0.021875 0.0140625
1 0.6 0.57421875 0.0234375 0.01484375
1 0.61484375 0.571875 0.0234375 0.01640625
1 0.615625 0.56171875 0.02578125 0.02109375
1 0.61484375 0.5390625 0.02734375 0.01796875
0 0.5859375 0.5046875 0.01796875 0.01484375
0 0.5703125 0.50703125 0.01953125 0.015625
0 0.553125 0.509375 0.0203125 0.01484375
0 0.55625 0.521875 0.01875 0.015625
0 0.57109375 0.5203125 0.0171875 0.015625
0 0.5859375 0.5171875 0.0125 0.01328125
0 0.60078125 0.5171875 0.01796875 0.0140625
0 0.6125 0.52265625 0.01875 0.01484375
0 0.625 0.5171875 0.0171875 0.0140625
0 0.6375 0.525 0.01953125 0.01484375
0 0.65 0.53046875 0.01796875 0.01484375
0 0.6375 0.5359375 0.01640625 0.01328125
0 0.6546875 0.54140625 0.01953125 0.0125
0 0.640625 0.546875 0.02109375 0.01328125
0 0.65390625 0.5546875 0.02109375 0.015625
0 0.66796875 0.5578125 0.02109375 0.01484375
0 0.63828125 0.56015625 0.01640625 0.01484375
0 0.6515625 0.5671875 0.02109375 0.0140625
0 0.6359375 0.571875 0.01875 0.01328125
0 0.66640625 0.57578125 0.02109375 0.015625
0 0.6796875 0.56953125 0.01796875 0.01640625
0 0.69140625 0.56015625 0.01875 0.01796875
0 0.696875 0.57578125 0.021875 0.0171875
0 0.67890625 0.58046875 0.02109375 0.0125
0 0.678125 0.59296875 0.01640625 0.01328125
0 0.69296875 0.58828125 0.01953125 0.015625
0 0.70859375 0.58359375 0.02109375 0.0140625
0 0.7171875 0.59140625 0.021875 0.01484375
0 0.7296875 0.58359375 0.01953125 0.01484375
0 0.73984375 0.565625 0.02578125 0.01796875
0 0.74765625 0.57734375 0.02265625 0.0140625
0 0.759375 0.584375 0.02109375 0.01484375
0 0.7546875 0.59765625 0.01953125 0.01640625
0 0.68984375 0.60078125 0.01875 0.0140625
0 0.70078125 0.60703125 0.0203125 0.01484375
0 0.684375 0.6125 0.01796875 0.01328125
0 0.69921875 0.62109375 0.02109375 0.01328125
0 0.68203125 0.62421875 0.0171875 0.01328125
0 0.7515625 0.63671875 0.02265625 0.015625
0 0.73984375 0.6453125 0.02109375 0.0140625
0 0.7546875 0.62265625 0.0203125 0.01328125
0 0.76171875 0.61015625 0.01953125 0.01484375
0 0.63671875 0.62890625 0.0171875 0.01171875
0 0.61953125 0.63203125 0.02109375 0.01328125
0 0.65546875 0.64453125 0.02265625 0.01484375
0 0.66484375 0.63671875 0.021875 0.0125
0 0.6796875 0.634375 0.01875 0.0171875
0 0.6390625 0.61796875 0.01640625 0.0125
0 0.621875 0.61875 0.02109375 0.01171875
0 0.6109375 0.6109375 0.02109375 0.01328125
0 0.615625 0.59765625 0.01953125 0.01640625
0 0.6265625 0.60625 0.01796875 0.0140625
0 0.63671875 0.584375 0.01640625 0.0140625
0 0.62109375 0.58828125 0.0234375 0.01640625
0 0.5921875 0.5953125 0.01875 0.015625
0 0.5828125 0.60390625 0.01640625 0.01171875
0 0.57265625 0.5953125 0.0234375 0.01328125
0 0.565625 0.584375 0.021875 0.0125
0 0.58046875 0.58203125 0.02109375 0.0140625
0 0.57734375 0.57578125 0.02109375 0.015625
0 0.5796875 0.56328125 0.01875 0.0171875
0 0.58046875 0.55078125 0.01875 0.015625
0 0.58203125 0.54140625 0.01953125 0.0140625
0 0.5828125 0.52890625 0.015625 0.01328125
0 0.59296875 0.559375 0.015625 0.0125
0 0.596875 0.5515625 0.01796875 0.0140625
0 0.596875 0.5390625 0.01796875 0.0140625
0 0.5984375 0.52890625 0.0171875 0.0140625
0 0.54765625 0.5828125 0.015625 0.01171875
0 0.54609375 0.56328125 0.015625 0.0140625
0 0.5515625 0.5546875 0.01796875 0.0140625
0 0.5515625 0.5421875 0.021875 0.01328125
0 0.5515625 0.53203125 0.0203125 0.015625
0 0.559375 0.571875 0.02109375 0.0140625
0 0.5640625 0.5625 0.0203125 0.01484375
0 0.56484375 0.55234375 0.02109375 0.015625
0 0.5671875 0.54296875 0.02109375 0.0125
0 0.56640625 0.53046875 0.02109375 0.01484375
0 0.52890625 0.57734375 0.021875 0.0140625
0 0.53125 0.5671875 0.02109375 0.0140625
0 0.5390625 0.55546875 0.01875 0.01484375
0 0.5359375 0.54375 0.01953125 0.0140625
0 0.53515625 0.53359375 0.01953125 0.01484375
0 0.53828125 0.52265625 0.01796875 0.01328125
0 0.5359375 0.5109375 0.0203125 0.01640625
0 0.50859375 0.5671875 0.0234375 0.0171875
0 0.52109375 0.55859375 0.021875 0.01484375
0 0.52109375 0.54765625 0.0203125 0.0125
0 0.521875 0.5390625 0.01796875 0.0140625
0 0.5234375 0.52578125 0.02109375 0.01875
0 0.515625 0.51484375 0.02109375 0.01484375
0 0.50859375 0.503125 0.02109375 0.01484375
0 0.52265625 0.49921875 0.01953125 0.01328125
0 0.5109375 0.49140625 0.0203125 0.01640625
0 0.528125 0.4875 0.01796875 0.015625
0 0.51640625 0.47890625 0.01796875 0.01171875
0 0.5328125 0.4765625 0.0234375 0.01796875
0 0.51875 0.4671875 0.0171875 0.0109375
0 0.50546875 0.4609375 0.0203125 0.01171875
0 0.50390625 0.47265625 0.02265625 0.015625
0 0.4984375 0.48515625 0.01953125 0.015625
0 0.49609375 0.49921875 0.01796875 0.0125
0 0.490625 0.51015625 0.01953125 0.0171875
0 0.5015625 0.5203125 0.021875 0.0171875
0 0.49609375 0.53359375 0.01796875 0.01484375
0 0.50859375 0.5296875 0.01796875 0.01484375
0 0.50546875 0.54296875 0.01875 0.01171875
0 0.49296875 0.5484375 0.015625 0.0140625
0 0.5078125 0.55390625 0.01875 0.0140625
0 0.49453125 0.55859375 0.01796875 0.01171875
0 0.47421875 0.52890625 0.01796875 0.01484375
0 0.48671875 0.5234375 0.01953125 0.015625
0 0.46328125 0.5203125 0.021875 0.01484375
0 0.465625 0.5078125 0.0171875 0.0125
0 0.47734375 0.515625 0.01796875 0.01484375
0 0.48203125 0.50546875 0.015625 0.01171875
0 0.48515625 0.4921875 0.015625 0.0171875
0 0.47265625 0.484375 0.0171875 0.0125
0 0.4703125 0.49609375 0.01796875 0.0125
0 0.48984375 0.4671875 0.0171875 0.01484375
0 0.4875 0.4796875 0.0171875 0.01328125
0 0.475 0.47265625 0.01796875 0.0109375
0 0.4765625 0.46015625 0.0171875 0.01484375
0 0.4921875 0.45546875 0.01875 0.01484375
0 0.45703125 0.48828125 0.01640625 0.0140625
0 0.4546875 0.50078125 0.0171875 0.0140625
0 0.4515625 0.51328125 0.01796875 0.0125
0 0.4390625 0.50390625 0.0203125 0.01484375
0 0.4265625 0.4953125 0.01796875 0.01484375
0 0.43125 0.4859375 0.01328125 0.01171875
0 0.44296875 0.49296875 0.0171875 0.01171875
0 0.44375 0.48203125 0.01875 0.015625
0 0.44765625 0.46875 0.01796875 0.0140625
0 0.459375 0.4765625 0.01796875 0.01484375
0 0.46328125 0.4640625 0.01953125 0.01484375
0 0.45234375 0.4578125 0.0203125 0.01484375
0 0.46484375 0.45390625 0.01953125 0.0140625
0 0.47109375 0.4421875 0.01796875 0.01484375
0 0.48046875 0.4484375 0.01953125 0.0125
0 0.48671875 0.4375 0.01953125 0.01484375
0 0.47421875 0.42890625 0.01875 0.0140625
0 0.45703125 0.4328125 0.02109375 0.0140625
0 0.45390625 0.4453125 0.021875 0.0140625
0 0.4375 0.45 0.01640625 0.0140625
0 0.425 0.44375 0.0171875 0.0140625
0 0.428125 0.43125 0.01796875 0.01328125
0 0.415625 0.4265625 0.0171875 0.0140625
0 0.40390625 0.4203125 0.01796875 0.01640625
0 0.3984375 0.4328125 0.01953125 0.0140625
0 0.4140625 0.4390625 0.01796875 0.015625
0 0.39765625 0.44453125 0.01875 0.01484375
0 0.3828125 0.44296875 0.015625 0.0140625
0 0.39375 0.45546875 0.01875 0.01328125
0 0.40546875 0.46328125 0.01796875 0.01484375
0 0.409375 0.4515625 0.01484375 0.0140625
0 0.42109375 0.4546875 0.01796875 0.0125
0 0.43828125 0.46171875 0.0171875 0.01484375
0 0.4203125 0.46640625 0.01796875 0.0140625
0 0.43203125 0.47421875 0.01953125 0.0140625
2 0.328125 0.390625 0.01796875 0.015625
2 0.34375 0.384375 0.015625 0.015625
2 0.359375 0.38515625 0.021875 0.01484375
2 0.34765625 0.4 0.01953125 0.01484375
2 0.3625 0.39765625 0.01796875 0.01328125
2 0.3765625 0.3953125 0.01953125 0.01484375
2 0.39296875 0.390625 0.01953125 0.0140625
2 0.39375 0.403125 0.01875 0.0140625
2 0.378125 0.4078125 0.01484375 0.01171875
2 0.36484375 0.4109375 0.02109375 0.01484375
2 0.3765625 0.41640625 0.0171875 0.01484375
2 0.375 0.43046875 0.01796875 0.01484375
2 0.3578125 0.4265625 0.021875 0.01328125
2 0.36015625 0.43671875 0.01796875 0.0140625
2 0.359375 0.44765625 0.021875 0.01328125
2 0.3640625 0.45859375 0.0203125 0.01328125
2 0.35078125 0.4625 0.015625 0.01328125
2 0.3640625 0.4671875 0.01875 0.0109375
2 0.36953125 0.4765625 0.01796875 0.01328125
2 0.378125 0.46953125 0.01796875 0.0140625
2 0.38203125 0.4609375 0.0140625 0.01328125
2 0.4078125 0.409375 0.015625 0.01328125
2 0.409375 0.3953125 0.01796875 0.01640625
2 0.41953125 0.403125 0.01953125 0.015625
2 0.43203125 0.41015625 0.0171875 0.0140625
2 0.45078125 0.4078125 0.02109375 0.015625
2 0.453125 0.41953125 0.0203125 0.0140625
2 0.43671875 0.42109375 0.01796875 0.01484375
2 0.46875 0.41328125 0.0171875 0.015625
2 0.48125 0.4109375 0.01875 0.015625
2 0.49453125 0.4296875 0.015625 0.0140625
2 0.39296875 0.46953125 0.01484375 0.0109375
2 0.38828125 0.478125 0.02109375 0.01328125
2 0.40703125 0.4796875 0.0203125 0.0140625
2 0.3890625 0.48984375 0.01796875 0.01328125
2 0.40546875 0.49140625 0.01875 0.0140625
2 0.4015625 0.50234375 0.01640625 0.01328125
2 0.41796875 0.50234375 0.01796875 0.01171875
2 0.425 0.51015625 0.01796875 0.0125
2 0.51015625 0.440625 0.01796875 0.0140625
2 0.5203125 0.44765625 0.01875 0.01328125
2 0.50625 0.4515625 0.01640625 0.0109375
2 0.53046875 0.45703125 0.0203125 0.01328125
2 0.54453125 0.465625 0.01640625 0.01328125
2 0.5546875 0.4734375 0.02109375 0.01328125
2 0.56953125 0.4796875 0.01953125 0.01171875
2 0.58203125 0.4859375 0.0203125 0.01328125
2 0.57109375 0.490625 0.01953125 0.0140625
2 0.553125 0.48515625 0.01953125 0.01015625
2 0.553125 0.496875 0.01875 0.01015625
2 0.6 0.503125 0.0171875 0.0125
2 0.60859375 0.5109375 0.01953125 0.0109375
2 0.62265625 0.50625 0.0171875 0.01171875
2 0.6390625 0.50546875 0.02265625 0.01328125
2 0.65625 0.51484375 0.01875 0.01484375
2 0.66328125 0.53359375 0.0140625 0.01328125
2 0.678125 0.53828125 0.0203125 0.01484375
2 0.68984375 0.5453125 0.02109375 0.0109375
2 0.678125 0.5484375 0.01796875 0.0125
2 0.70859375 0.5390625 0.0171875 0.0140625
2 0.71796875 0.54453125 0.01953125 0.01484375
2 0.73359375 0.55 0.01796875 0.01484375
2 0.74453125 0.54140625 0.0203125 0.01484375
2 0.75625 0.5484375 0.0234375 0.01171875
2 0.77265625 0.5421875 0.02109375 0.0140625
2 0.74765625 0.55546875 0.01796875 0.0125
2 0.70390625 0.553125 0.0171875 0.0125
2 0.71953125 0.55859375 0.01875 0.0125
2 0.7109375 0.57421875 0.01796875 0.0125
2 0.72265625 0.5703125 0.01640625 0.0140625
2 0.765625 0.559375 0.01796875 0.0140625
2 0.76484375 0.57109375 0.01640625 0.0140625
2 0.77890625 0.56796875 0.021875 0.015625
2 0.78515625 0.58046875 0.02109375 0.0125
2 0.7796875 0.590625 0.01796875 0.0109375
2 0.7875 0.596875 0.02265625 0.015625
2 0.78203125 0.60546875 0.0203125 0.01328125
2 0.76953125 0.59765625 0.0171875 0.0140625
2 0.5984375 0.62265625 0.01484375 0.0125
2 0.63046875 0.64296875 0.01640625 0.015625
2 0.66328125 0.6578125 0.01875 0.0125
2 0.5875 0.6125 0.02109375 0.0125
2 0.56171875 0.59921875 0.015625 0.015625
2 0.54765625 0.59296875 0.01875 0.0125
2 0.53359375 0.5890625 0.015625 0.0109375
2 0.45078125 0.53671875 0.01640625 0.01484375
2 0.46875 0.54375 0.0171875 0.01328125
2 0.478125 0.553125 0.0171875 0.0140625
2 0.44140625 0.51875 0.0125 0.01328125
2 0.4828125 0.56171875 0.01640625 0.015625