2 0.13786458333333332 0.7212905092592592 0.03416666666666668 0.032170138888889
1 0.29928819444444443 0.5777488425925925 0.02604166666666661 0.02473379629629626
1 0.3164930555555555 0.5958680555555556 0.032326388888888856 0.025839120370370415
1 0.31842013888888887 0.5701273148148148 0.027604166666666697 0.024814814814814668
1 0.3428819444444445 0.5659143518518519 0.029305555555555605 0.02802083333333343
1 0.35699652777777774 0.5830902777777778 0.03154513888888886 0.025798611111111213
1 0.3656770833333333 0.5639641203703704 0.025937500000000037 0.022390046296296262
1 0.3826736111111111 0.5515335648148147 0.026006944444444357 0.023952546296296263
1 0.4062152777777778 0.5504050925925925 0.026111111111111106 0.026296296296296262
1 0.38979166666666665 0.5675636574074074 0.028281250000000036 0.02251157407407405
1 0.38203125 0.5836053240740741 0.025972222222222195 0.023171296296296263
1 0.40458333333333335 0.5871238425925925 0.03310763888888886 0.02587962962962962
1 0.4146875 0.5712037037037037 0.031475694444444355 0.024236111111111035
1 0.4329340277777778 0.5658854166666667 0.028211805555555535 0.020949074074074047
1 0.4575520833333334 0.575775462962963 0.025052083333333287 0.020005787037037058
1 0.46364583333333337 0.5619965277777779 0.030555555555555537 0.021070601851851833
1 0.42826388888888883 0.5828703703703704 0.031302083333333286 0.020329861111111215
0 0.12727430555555555 0.5719618055555555 0.029982638888888857 0.025717592592592632
0 0.15177083333333333 0.5669675925925926 0.029201388888888857 0.02567708333333325
0 0.1754513888888889 0.5627141203703704 0.028315972222222197 0.02329282407407405
0 0.20005208333333332 0.5553761574074074 0.03310763888888886 0.02587962962962962
0 0.14706597222222223 0.5847337962962963 0.03072916666666665 0.024976851851851833
0 0.1722048611111111 0.5829050925925926 0.025190972222222198 0.02313078703703706
0 0.19659722222222223 0.5802546296296296 0.030694444444444448 0.024195601851851833
0 0.21644097222222225 0.5742361111111111 0.029062500000000036 0.022552083333333427
0 0.2438888888888889 0.5733101851851852 0.028315972222222284 0.02329282407407405
0 0.25104166666666666 0.5533217592592592 0.027673611111111107 0.026377314814814846
0 0.27427083333333335 0.5592245370370371 0.025868055555555537 0.02082754629629626
0 0.26413194444444443 0.575925925925926 0.030625000000000034 0.022633101851851835
0 0.12996527777777778 0.5995081018518519 0.032361111111111104 0.02662037037037024
0 0.1571701388888889 0.6040509259259259 0.028315972222222242 0.02329282407407405
0 0.18237847222222223 0.6006597222222222 0.027708333333333356 0.027158564814814844
0 0.20680555555555555 0.5972280092592592 0.03375000000000004 0.022795138888889
0 0.20050347222222223 0.6156944444444445 0.027569444444444445 0.024033564814814667
2 0.21885416666666666 0.6432696759259259 0.033211805555555605 0.02822337962962962
0 0.2248611111111111 0.6138252314814815 0.02763888888888886 0.025596064814814846
0 0.2498611111111111 0.6151215277777778 0.028420138888888856 0.025636574074074048
0 0.23286458333333332 0.5923148148148148 0.030052083333333358 0.02728009259259263
0 0.25633680555555555 0.5927488425925926 0.025295138888888857 0.02547453703703706
0 0.2791666666666667 0.590017361111111 0.025937500000000037 0.022390046296296262
0 0.27276041666666667 0.6108275462962963 0.02994791666666661 0.02493634259259263
0 0.29555555555555557 0.6088773148148148 0.023663194444444445 0.023831018518518477
0 0.32447916666666665 0.6276041666666666 0.029131944444444446 0.02411458333333343
0 0.3440972222222222 0.6090451388888889 0.029097222222222285 0.023333333333333428
0 0.3518923611111111 0.6274594907407407 0.03470486111111111 0.026741898148148202
0 0.36987847222222225 0.6103819444444445 0.027465277777777786 0.021689814814814846
0 0.2736458333333333 0.5380497685185185 0.03154513888888886 0.025798611111111213
0 0.2974479166666667 0.5486805555555556 0.025937500000000037 0.022390046296296262
0 0.30680555555555555 0.5319386574074074 0.025156250000000036 0.02234953703703706
0 0.32333333333333336 0.5476736111111111 0.02763888888888886 0.025596064814814846
0 0.3326909722222222 0.5309317129629629 0.028958333333333287 0.02020833333333343
0 0.3477256944444444 0.5450231481481481 0.032326388888888856 0.025839120370370238
0 0.3601736111111111 0.529224537037037 0.029027777777777784 0.021770833333333427
0 0.3828298611111111 0.5303993055555555 0.027534722222222287 0.023252314814814667
0 0.4071527777777778 0.5293113425925926 0.029843750000000037 0.022592592592592452
0 0.4298090277777778 0.5304861111111111 0.027534722222222287 0.023252314814814844
0 0.44467013888888884 0.5484837962962963 0.025972222222222285 0.023171296296296263
0 0.45633680555555556 0.5326446759259259 0.028246527777777787 0.021730324074074048
0 0.49416666666666664 0.5447858796296297 0.029947916666666786 0.02493634259259263
0 0.5114756944444444 0.5605613425925926 0.025190972222222285 0.02313078703703688
0 0.49848958333333326 0.5708506944444445 0.028315972222222284 0.02329282407407405
0 0.48763888888888884 0.585949074074074 0.028177083333333287 0.020167824074074046
0 0.49703125000000004 0.6036631944444444 0.027465277777777786 0.021689814814814846
0 0.4751215277777778 0.6033101851851852 0.029131944444444356 0.02411458333333343
0 0.44515625 0.6080208333333333 0.02835069444444436 0.024074074074074046
0 0.42307291666666663 0.611574074074074 0.030659722222222286 0.023414351851851832
0 0.3972569444444445 0.6110185185185186 0.025868055555555537 0.02082754629629626
0 0.3833159722222222 0.625173611111111 0.029843750000000037 0.022592592592592452
2 0.05640624999999999 0.6160532407407407 0.030590277777777786 0.021851851851851834
2 0.06583333333333333 0.5977488425925926 0.02885416666666667 0.017864583333333427
2 0.07906250000000001 0.5819907407407408 0.03623263888888888 0.026041666666666786
2 0.09072916666666667 0.5661516203703704 0.03211805555555556 0.021151620370370237
2 0.09317708333333333 0.5991666666666666 0.03545138888888888 0.026001157407407403
2 0.08144097222222221 0.616568287037037 0.03140624999999999 0.022673611111111214
2 0.09321180555555555 0.6336226851851852 0.03559027777777779 0.029126157407407406
2 0.10885416666666665 0.6164236111111111 0.029947916666666696 0.02493634259259263
2 0.12368055555555554 0.6352025462962964 0.031475694444444445 0.024236111111111215
2 0.14647569444444444 0.6332523148148148 0.032222222222222194 0.023495370370370416
2 0.17460069444444443 0.6347106481481481 0.0314409722222222 0.023454861111111037
2 0.19807291666666665 0.6351446759259259 0.03052083333333333 0.020289351851851833
2 0.2758159722222222 0.6477893518518518 0.03953125000000002 0.030109953703703597
2 0.29878472222222224 0.6419328703703704 0.032326388888888856 0.025839120370370238
2 0.12519097222222222 0.5483622685185185 0.0331076388888889 0.02587962962962962
2 0.14585069444444446 0.5416030092592592 0.03225694444444445 0.02427662037037024
2 0.1680034722222222 0.5364872685185185 0.03473958333333336 0.027523148148148203
2 0.195625 0.5316550925925926 0.033072916666666695 0.02509837962962962
2 0.2200173611111111 0.5290046296296296 0.033923611111111106 0.026701388888889
2 0.24512152777777776 0.5279571759259258 0.033819444444444444 0.024357638888888998
2 0.26711805555555557 0.508738425925926 0.036267361111111104 0.026822916666666786
2 0.28956597222222225 0.5146006944444445 0.032934027777777784 0.02197337962962962
2 0.31310763888888893 0.5134722222222222 0.028281250000000036 0.02251157407407405
2 0.33664930555555556 0.51234375 0.029097222222222198 0.023333333333333428
2 0.35855902777777776 0.5126967592592593 0.028142361111111035 0.01938657407407405
2 0.38430555555555557 0.5148148148148148 0.028142361111111125 0.01938657407407405
2 0.42118055555555556 0.6365335648148148 0.03296875000000003 0.022754629629629618
2 0.47979166666666667 0.6215625 0.03201388888888897 0.018807870370370416
2 0.5447916666666666 0.6037905092592593 0.030694444444444358 0.024195601851851833
2 0.5221701388888889 0.6018344907407407 0.02366319444444436 0.023831018518518477
2 0.5338715277777778 0.5852141203703705 0.030659722222222286 0.023414351851851832
2 0.5506944444444445 0.5766898148148148 0.033072916666666785 0.02509837962962962
2 0.5409027777777778 0.5503414351851852 0.032222222222222284 0.023495370370370416
2 0.53296875 0.5350520833333333 0.030520833333333285 0.020289351851851833
2 0.5042013888888889 0.5304282407407408 0.028038194444444463 0.017042824074074047
2 0.519704861111111 0.5163541666666667 0.02906249999999986 0.022552083333333427
2 0.49548611111111107 0.5150983796296297 0.035520833333333356 0.027563657407407405
2 0.47371527777777783 0.5116203703703703 0.029878472222222285 0.02337384259259263
2 0.44579861111111113 0.505474537037037 0.028385416666666784 0.024855324074074047
2 0.42317708333333337 0.5035185185185185 0.03229166666666679 0.025057870370370237
2 0.40368055555555554 0.501724537037037 0.030052083333333358 0.027280092592592453