2 0.30703125 0.58203125 0.034375 0.04375
2 0.31640625 0.5515625 0.0328125 0.0421875
2 0.2984375 0.52734375 0.0296875 0.0359375
2 0.2890625 0.49140625 0.028125 0.0375
2 0.265625 0.43984375 0.034375 0.04375
2 0.259375 0.40859375 0.028125 0.0390625
2 0.23515625 0.40703125 0.03125 0.0375
2 0.240625 0.4375 0.0328125 0.04375
2 0.2125 0.45 0.0328125 0.040625
2 0.2578125 0.63125 0.03125 0.0375
2 0.2359375 0.63203125 0.0296875 0.0453125
2 0.2171875 0.61171875 0.028125 0.0390625
2 0.19453125 0.5796875 0.03125 0.040625
0 0.20390625 0.55703125 0.03125 0.0375
0 0.20234375 0.5265625 0.0296875 0.0375
0 0.22578125 0.5296875 0.0265625 0.03125
0 0.21953125 0.5 0.0265625 0.034375
0 0.23671875 0.4765625 0.025 0.040625
0 0.2609375 0.48828125 0.0265625 0.0390625
0 0.2453125 0.50546875 0.028125 0.034375
0 0.2640625 0.52265625 0.0265625 0.0390625
0 0.278125 0.5453125 0.0234375 0.040625
0 0.27578125 0.571875 0.025 0.0375
0 0.253125 0.575 0.0328125 0.034375
0 0.2453125 0.6078125 0.025 0.0375
0 0.22890625 0.5921875 0.028125 0.0390625
0 0.2296875 0.55859375 0.0265625 0.040625