0 0.6375 0.415625 0.028125 0.0375
0 0.61484375 0.446875 0.025 0.0359375
2 0.51015625 0.63671875 0.034375 0.0375
2 0.53984375 0.59296875 0.025 0.034375
2 0.56328125 0.5875 0.03125 0.028125
2 0.55390625 0.55625 0.025 0.040625
2 0.57734375 0.57421875 0.0265625 0.028125
2 0.575 0.5390625 0.028125 0.0375
2 0.59296875 0.55703125 0.025 0.034375
2 0.57578125 0.51484375 0.0234375 0.03125
2 0.5734375 0.48828125 0.021875 0.028125
2 0.59296875 0.50078125 0.028125 0.028125
2 0.596875 0.525 0.0234375 0.034375
2 0.61015625 0.54453125 0.021875 0.0390625
2 0.61640625 0.51953125 0.0234375 0.03125
2 0.6125 0.4890625 0.01875 0.03125
2 0.5921875 0.478125 0.025 0.0375
2 0.5890625 0.45390625 0.025 0.0390625
2 0.63125 0.48671875 0.028125 0.028125
2 0.63984375 0.51328125 0.028125 0.0390625
2 0.63203125 0.4609375 0.025 0.0328125
2 0.65 0.471875 0.0296875 0.03125
2 0.64296875 0.440625 0.025 0.0359375
2 0.659375 0.43671875 0.021875 0.0390625
2 0.69609375 0.4703125 0.025 0.0328125
2 0.69609375 0.4921875 0.025 0.028125
2 0.709375 0.5109375 0.0265625 0.034375
2 0.7265625 0.575 0.025 0.0375
2 0.7125 0.58515625 0.025 0.034375