0 0.77890625 0.69296875 0.021875 0.028125
0 0.6546875 0.49609375 0.021875 0.025
0 0.63515625 0.76875 0.0203125 0.0265625
0 0.58515625 0.590625 0.0203125 0.025
2 0.69296875 0.77734375 0.021875 0.034375
2 0.72578125 0.840625 0.025 0.034375
2 0.75234375 0.784375 0.021875 0.0265625
2 0.7296875 0.78046875 0.01875 0.028125
2 0.71875 0.7421875 0.01875 0.0265625
2 0.709375 0.76484375 0.021875 0.028125
2 0.81796875 0.7046875 0.025 0.0296875
2 0.62109375 0.6515625 0.021875 0.0265625
0 0.5984375 0.73203125 0.0203125 0.028125
2 0.6578125 0.6640625 0.0203125 0.028125
2 0.74296875 0.646875 0.021875 0.028125
2 0.78671875 0.6515625 0.021875 0.028125
2 0.74921875 0.7140625 0.021875 0.028125
2 0.56953125 0.74765625 0.01875 0.025
0 0.6328125 0.715625 0.021875 0.025
2 0.7546875 0.5140625 0.021875 0.025
0 0.70703125 0.69140625 0.021875 0.028125
2 0.5828125 0.76484375 0.01875 0.028125
2 0.7109375 0.71640625 0.021875 0.028125
2 0.69140625 0.72109375 0.021875 0.0265625
2 0.72265625 0.68125 0.0203125 0.028125
2 0.76328125 0.65859375 0.021875 0.028125
2 0.67109375 0.7109375 0.021875 0.028125
2 0.6234375 0.43671875 0.01875 0.025
2 0.634375 0.67109375 0.0203125 0.028125
2 0.5859375 0.61484375 0.0203125 0.0265625
0 0.60390625 0.4546875 0.0203125 0.025
2 0.74453125 0.6734375 0.021875 0.028125
0 0.5640625 0.5671875 0.01875 0.025
2 0.775 0.71328125 0.021875 0.0265625
0 0.5484375 0.54765625 0.0203125 0.0265625
2 0.65703125 0.6890625 0.021875 0.028125
0 0.6828125 0.67734375 0.0203125 0.028125
2 0.60234375 0.75546875 0.0203125 0.028125
2 0.56796875 0.784375 0.0203125 0.028125
0 0.76015625 0.69296875 0.021875 0.028125
2 0.69921875 0.66875 0.01875 0.0265625
2 0.84140625 0.71484375 0.021875 0.028125
2 0.61875 0.5125 0.01875 0.0234375
2 0.76328125 0.63359375 0.021875 0.028125
2 0.7328125 0.48828125 0.021875 0.0265625
2 0.71796875 0.64453125 0.021875 0.0265625
2 0.634375 0.49296875 0.0203125 0.025
2 0.5734375 0.6875 0.021875 0.03125
2 0.74765625 0.5890625 0.021875 0.028125
2 0.64609375 0.44453125 0.021875 0.025
2 0.8015625 0.6765625 0.021875 0.0265625
2 0.79453125 0.70390625 0.021875 0.028125
2 0.62890625 0.45546875 0.01875 0.025
2 0.57109375 0.65859375 0.0203125 0.025
2 0.553125 0.76796875 0.0203125 0.028125
0 0.55 0.60078125 0.01875 0.025
2 0.5859375 0.46015625 0.01875 0.025
2 0.6890625 0.69921875 0.0203125 0.025
2 0.66015625 0.52734375 0.021875 0.0265625
2 0.5859375 0.65390625 0.021875 0.0265625
2 0.5671875 0.60546875 0.0203125 0.028125
2 0.64921875 0.4828125 0.0203125 0.021875
2 0.6125 0.778125 0.015625 0.021875
2 0.8828125 0.56484375 0.0234375 0.028125
2 0.64765625 0.5125 0.01875 0.0265625
0 0.52109375 0.515625 0.021875 0.03125
2 0.5 0.53203125 0.015625 0.025
0 0.65703125 0.77578125 0.021875 0.03125
2 0.640625 0.73671875 0.01875 0.028125
2 0.625 0.7515625 0.015625 0.01875
2 0.65234375 0.7140625 0.021875 0.03125
2 0.59453125 0.69375 0.0234375 0.028125
2 0.61796875 0.70078125 0.01875 0.03125
0 0.61796875 0.7296875 0.0203125 0.03125
0 0.5984375 0.66953125 0.021875 0.03125
2 0.5390625 0.51640625 0.01875 0.03125