2 0.65 0.5265625 0.0453125 0.0359375
2 0.640625 0.59296875 0.059375 0.040625
2 0.61875 0.56640625 0.04375 0.03125
2 0.57890625 0.56875 0.040625 0.0328125
2 0.57265625 0.5484375 0.0421875 0.0359375
2 0.58203125 0.52265625 0.0359375 0.034375
2 0.54765625 0.5125 0.05 0.0328125
2 0.5484375 0.484375 0.046875 0.0328125
2 0.51171875 0.4859375 0.040625 0.03125
2 0.503125 0.51015625 0.04375 0.03125
2 0.5234375 0.53203125 0.04375 0.03125
2 0.56171875 0.59375 0.046875 0.0328125
2 0.52265625 0.5890625 0.0375 0.028125
2 0.534375 0.615625 0.0484375 0.03125
2 0.5375 0.64296875 0.0484375 0.03125
2 0.5 0.61484375 0.034375 0.034375
2 0.5 0.584375 0.034375 0.0296875
0 0.48046875 0.5953125 0.040625 0.0328125
0 0.4484375 0.584375 0.04375 0.0296875
0 0.47578125 0.56484375 0.040625 0.0296875
2 0.4515625 0.6140625 0.0453125 0.028125
2 0.41171875 0.61328125 0.04375 0.034375
2 0.42890625 0.55859375 0.03125 0.034375
0 0.45546875 0.49453125 0.046875 0.034375
0 0.403125 0.5109375 0.0390625 0.03125
0 0.346875 0.49765625 0.0375 0.028125
0 0.365625 0.51484375 0.034375 0.025
0 0.3390625 0.5296875 0.0390625 0.0296875
0 0.3546875 0.5546875 0.040625 0.028125
0 0.3953125 0.575 0.04375 0.028125
0 0.36171875 0.58203125 0.046875 0.03125
0 0.3140625 0.571875 0.046875 0.03125
1 0.39921875 0.55078125 0.04375 0.028125
1 0.41640625 0.53203125 0.040625 0.03125
1 0.378125 0.5375 0.0390625 0.028125
0 0.35703125 0.6234375 0.05 0.0328125
0 0.36796875 0.65859375 0.04375 0.03125
0 0.3296875 0.6484375 0.040625 0.0328125
0 0.34296875 0.67734375 0.040625 0.0375
0 0.35625 0.71171875 0.053125 0.034375
0 0.3984375 0.73203125 0.046875 0.034375
0 0.31640625 0.6203125 0.0390625 0.0328125
0 0.28984375 0.6328125 0.0484375 0.0328125
0 0.3 0.68359375 0.0453125 0.028125
0 0.2671875 0.69765625 0.0421875 0.034375
1 0.2984375 0.65859375 0.04375 0.034375
0 0.26875 0.65859375 0.0375 0.0328125
1 0.20703125 0.63828125 0.046875 0.0375
0 0.17421875 0.6515625 0.0390625 0.0296875
0 0.20390625 0.67890625 0.05625 0.034375
0 0.17890625 0.70625 0.0421875 0.0375
0 0.11796875 0.684375 0.046875 0.0328125
0 0.109375 0.71171875 0.053125 0.028125
0 0.09453125 0.7328125 0.0484375 0.034375
2 0.08359375 0.65078125 0.046875 0.03125
2 0.07421875 0.68125 0.040625 0.0328125
2 0.25703125 0.7484375 0.046875 0.04375
2 0.30390625 0.75234375 0.0546875 0.0375
2 0.31796875 0.72578125 0.040625 0.034375
2 0.21953125 0.72421875 0.040625 0.034375
2 0.1875 0.73671875 0.04375 0.0375
2 0.45390625 0.7140625 0.046875 0.034375
2 0.51875 0.68125 0.040625 0.028125
2 0.49453125 0.65859375 0.04375 0.0296875
2 0.51484375 0.709375 0.046875 0.03125
2 0.4640625 0.734375 0.0421875 0.0359375
2 0.45390625 0.77109375 0.0515625 0.040625
2 0.39453125 0.7671875 0.05 0.04375
2 0.43125 0.7375 0.0390625 0.034375
2 0.403125 0.7046875 0.046875 0.0328125
2 0.38203125 0.684375 0.0484375 0.028125
2 0.4234375 0.67109375 0.0578125 0.0375
2 0.421875 0.63984375 0.04375 0.03125
2 0.39296875 0.6515625 0.0328125 0.034375