2 0.79765625 0.33046875 0.015625 0.0171875
2 0.78984375 0.31796875 0.0125 0.01875
2 0.7796875 0.30546875 0.0171875 0.01875
2 0.77109375 0.3125 0.0125 0.015625
2 0.778125 0.32421875 0.015625 0.01875
2 0.78671875 0.3359375 0.015625 0.01875
2 0.7953125 0.3515625 0.015625 0.01875
2 0.78359375 0.35625 0.0140625 0.01875
2 0.7921875 0.36640625 0.0125 0.01875
2 0.80390625 0.36328125 0.0125 0.01875
2 0.79921875 0.37890625 0.0140625 0.0171875
0 0.74140625 0.3625 0.0140625 0.015625
0 0.7328125 0.3515625 0.015625 0.01875
0 0.709375 0.38125 0.0125 0.015625
0 0.6921875 0.35546875 0.0125 0.01875
2 0.7171875 0.31484375 0.0125 0.015625
2 0.7765625 0.34375 0.015625 0.01875
2 0.7671875 0.334375 0.015625 0.01875
2 0.76171875 0.32265625 0.0140625 0.01875
2 0.75546875 0.31015625 0.0140625 0.01875
2 0.7484375 0.32578125 0.0140625 0.01875
2 0.75546875 0.3375 0.0140625 0.01875
2 0.7640625 0.35 0.015625 0.015625
2 0.771875 0.359375 0.0140625 0.015625
2 0.7796875 0.371875 0.015625 0.015625
2 0.7875 0.38359375 0.0125 0.0171875
2 0.77578125 0.38515625 0.015625 0.01875
2 0.7671875 0.37421875 0.015625 0.01875
2 0.76171875 0.38828125 0.015625 0.0203125
2 0.753125 0.37890625 0.0125 0.01875
2 0.7578125 0.36328125 0.015625 0.015625
2 0.75078125 0.3546875 0.0140625 0.01875
2 0.74296875 0.340625 0.0140625 0.01875
2 0.7359375 0.3265625 0.0125 0.015625
2 0.740625 0.30859375 0.0125 0.01875
2 0.728125 0.31015625 0.0125 0.01875
2 0.725 0.328125 0.0125 0.01875
2 0.7140625 0.33125 0.0140625 0.015625
2 0.70625 0.31953125 0.015625 0.021875
2 0.69375 0.3203125 0.015625 0.01875
2 0.69921875 0.334375 0.0140625 0.015625
2 0.684375 0.33125 0.015625 0.01875
2 0.67890625 0.34609375 0.015625 0.0203125
2 0.74765625 0.39453125 0.0125 0.01875
2 0.734375 0.39921875 0.015625 0.01875
2 0.7046875 0.4125 0.015625 0.015625
2 0.7 0.42421875 0.0125 0.015625
2 0.68828125 0.4265625 0.015625 0.01875
0 0.7140625 0.34296875 0.0140625 0.0203125
0 0.721875 0.35546875 0.0125 0.0171875
0 0.7296875 0.3671875 0.0125 0.01875
0 0.73671875 0.378125 0.0125 0.015625
0 0.725 0.3828125 0.0140625 0.015625
0 0.7171875 0.3734375 0.0140625 0.01875
0 0.709375 0.35859375 0.0125 0.01875
0 0.70078125 0.3484375 0.015625 0.01875
0 0.70078125 0.3671875 0.0125 0.01875
0 0.6890625 0.37109375 0.0125 0.015625
0 0.696875 0.3828125 0.015625 0.01875
0 0.70390625 0.39765625 0.0140625 0.01875
0 0.71640625 0.39375 0.0140625 0.01875
0 0.6921875 0.4 0.015625 0.01875
0 0.68515625 0.38671875 0.0140625 0.015625
0 0.67890625 0.37578125 0.0125 0.01875
0 0.6671875 0.375 0.0125 0.015625
0 0.67421875 0.3890625 0.0125 0.01875
0 0.6796875 0.4015625 0.0140625 0.0171875
0 0.6875 0.41484375 0.0125 0.01875
0 0.6765625 0.4171875 0.0125 0.015625
0 0.66796875 0.403125 0.0140625 0.01875
0 0.66484375 0.4203125 0.0140625 0.01875
0 0.6578125 0.40546875 0.0125 0.0171875
0 0.66171875 0.390625 0.0125 0.01875
0 0.65625 0.375 0.0140625 0.01875
0 0.6453125 0.378125 0.0125 0.015625
0 0.6515625 0.39140625 0.0125 0.0171875
0 0.64140625 0.39296875 0.0125 0.0171875
0 0.63359375 0.38046875 0.0125 0.015625
0 0.63046875 0.39453125 0.0125 0.015625
0 0.6453125 0.40625 0.0140625 0.015625
0 0.65234375 0.4203125 0.0125 0.0171875
0 0.6421875 0.4234375 0.0125 0.01875
0 0.634375 0.40859375 0.0125 0.01875
0 0.63125 0.42421875 0.0125 0.01875
0 0.62421875 0.4140625 0.0140625 0.01875
0 0.61875 0.39921875 0.0125 0.0171875
0 0.62109375 0.42578125 0.0125 0.0171875
0 0.61328125 0.41328125 0.0109375 0.0171875
0 0.6078125 0.39921875 0.0140625 0.01875
0 0.60859375 0.42578125 0.0125 0.015625
0 0.603125 0.4140625 0.0125 0.0171875
0 0.596875 0.4015625 0.0125 0.01875
0 0.5984375 0.4265625 0.0125 0.015625
0 0.603125 0.43828125 0.0140625 0.0171875
0 0.590625 0.415625 0.0125 0.01875
0 0.58515625 0.4 0.0125 0.01875
0 0.58125 0.4140625 0.0125 0.0171875
0 0.5859375 0.42734375 0.0125 0.015625
0 0.5921875 0.4390625 0.0125 0.01875
0 0.58125 0.44140625 0.0125 0.01875
0 0.57578125 0.428125 0.0125 0.0171875
0 0.56875 0.41484375 0.0125 0.0171875
0 0.5640625 0.42890625 0.0125 0.015625
0 0.571875 0.4421875 0.015625 0.01875
0 0.5609375 0.44375 0.0140625 0.0171875
0 0.553125 0.4296875 0.0125 0.0171875
0 0.55703125 0.41796875 0.0109375 0.015625
0 0.54609375 0.42109375 0.0125 0.01875
0 0.54921875 0.4453125 0.0125 0.0171875
0 0.54140625 0.43515625 0.0125 0.0171875
0 0.53515625 0.4234375 0.0125 0.01875
0 0.53125 0.4375 0.0125 0.015625
0 0.5375 0.4484375 0.0140625 0.01875
0 0.51171875 0.4265625 0.0125 0.01875
0 0.50703125 0.44140625 0.0125 0.01875
0 0.5171875 0.4421875 0.0125 0.01875
0 0.5234375 0.42734375 0.0125 0.0203125
0 0.52578125 0.45078125 0.0125 0.01875
2 0.66875 0.35078125 0.0125 0.0203125
2 0.65703125 0.3515625 0.015625 0.01875
2 0.6734375 0.36171875 0.0125 0.015625
2 0.67734375 0.4296875 0.0125 0.01875
2 0.66640625 0.4328125 0.0125 0.015625
2 0.6546875 0.43515625 0.0125 0.01875
2 0.6421875 0.43828125 0.0125 0.01875
2 0.63046875 0.44296875 0.0125 0.01875
2 0.61953125 0.44296875 0.0125 0.01875
2 0.63984375 0.365625 0.0109375 0.015625
2 0.62890625 0.36953125 0.0125 0.01875
2 0.6203125 0.3734375 0.0125 0.01875
2 0.60859375 0.37734375 0.0140625 0.01875
2 0.596875 0.3796875 0.0125 0.01875
2 0.60625 0.45703125 0.0140625 0.015625
2 0.58515625 0.38125 0.0125 0.01875
2 0.59375 0.4609375 0.0125 0.01875
2 0.5828125 0.46171875 0.0109375 0.0171875
2 0.5734375 0.3828125 0.0140625 0.01875
2 0.56171875 0.3859375 0.0125 0.01875
2 0.5515625 0.390625 0.0125 0.01875
2 0.57109375 0.46640625 0.0140625 0.01875
2 0.559375 0.46953125 0.0125 0.01875
2 0.5484375 0.4703125 0.0140625 0.01875
2 0.53671875 0.46953125 0.0140625 0.01875
2 0.54453125 0.40390625 0.0125 0.0171875
2 0.5578125 0.4015625 0.0125 0.01875
2 0.56875 0.3984375 0.0125 0.0171875
2 0.534375 0.40703125 0.0125 0.01875
2 0.52265625 0.4109375 0.0125 0.0171875
2 0.51171875 0.41015625 0.0125 0.015625
2 0.52265625 0.47421875 0.015625 0.01875
2 0.51484375 0.46484375 0.0125 0.0171875
2 0.496875 0.42109375 0.0140625 0.01875
2 0.4921875 0.43515625 0.0125 0.015625
2 0.49453125 0.4484375 0.0125 0.015625
2 0.5015625 0.4609375 0.0125 0.015625
2 0.50703125 0.45390625 0.0125 0.015625
2 0.50859375 0.475 0.0125 0.015625
2 0.496875 0.4765625 0.0140625 0.01875
2 0.48984375 0.46484375 0.0140625 0.0171875
2 0.48359375 0.45 0.0125 0.01875
2 0.48671875 0.478125 0.0140625 0.0203125
2 0.4796875 0.46484375 0.0125 0.015625
2 0.46796875 0.4671875 0.015625 0.0171875
2 0.475 0.47890625 0.0125 0.0171875