2 0.32578125 0.2515625 0.03125 0.040625
2 0.3046875 0.2484375 0.028125 0.0359375
2 0.3140625 0.27265625 0.0234375 0.028125
2 0.3171875 0.3015625 0.028125 0.0375
2 0.3203125 0.33515625 0.03125 0.034375
2 0.3265625 0.3671875 0.028125 0.0375
2 0.30546875 0.36171875 0.0265625 0.0390625
2 0.29375 0.38828125 0.03125 0.0375
2 0.27890625 0.409375 0.028125 0.0359375
2 0.28125 0.24140625 0.025 0.040625
2 0.26953125 0.21953125 0.025 0.034375
2 0.25390625 0.240625 0.0296875 0.0375
2 0.24609375 0.2140625 0.03125 0.0390625
2 0.23203125 0.2328125 0.03125 0.0421875
2 0.24140625 0.26171875 0.034375 0.034375
2 0.2265625 0.28828125 0.028125 0.040625
2 0.21953125 0.340625 0.0296875 0.0375
2 0.2140625 0.39375 0.03125 0.0375
2 0.2609375 0.40390625 0.028125 0.0421875
2 0.2359375 0.4046875 0.028125 0.040625
0 0.28515625 0.27265625 0.025 0.040625
0 0.26484375 0.26953125 0.0265625 0.0375
0 0.29296875 0.30390625 0.028125 0.040625
0 0.29140625 0.3375 0.03125 0.03125
0 0.2828125 0.365625 0.028125 0.0375
0 0.26640625 0.38203125 0.025 0.0375
0 0.2421875 0.38203125 0.03125 0.0390625
0 0.25625 0.35859375 0.028125 0.034375
0 0.26875 0.33125 0.0234375 0.0375
0 0.2703125 0.3015625 0.021875 0.0375
0 0.25078125 0.29375 0.028125 0.0375
0 0.24765625 0.32265625 0.0296875 0.0375