2 0.7484375 0.36328125 0.028125 0.0375
2 0.7484375 0.33203125 0.025 0.0265625
2 0.73515625 0.31484375 0.021875 0.028125
2 0.71796875 0.3234375 0.021875 0.025
2 0.73046875 0.3421875 0.01875 0.025
2 0.7109375 0.34921875 0.021875 0.028125
2 0.72421875 0.365625 0.0203125 0.028125
2 0.73984375 0.384375 0.021875 0.028125
2 0.72265625 0.3953125 0.0265625 0.0296875
2 0.7265625 0.421875 0.021875 0.03125
2 0.709375 0.4171875 0.021875 0.0296875
2 0.709375 0.37890625 0.021875 0.028125
2 0.69296875 0.36015625 0.021875 0.0265625
2 0.696875 0.3328125 0.0265625 0.028125
2 0.7 0.31015625 0.028125 0.028125
2 0.67890625 0.31484375 0.025 0.03125
2 0.67890625 0.34140625 0.021875 0.025
2 0.6609375 0.3265625 0.021875 0.028125
2 0.7125 0.44296875 0.025 0.028125
2 0.6984375 0.4625 0.021875 0.028125
2 0.68046875 0.4703125 0.021875 0.025
2 0.54453125 0.29296875 0.0234375 0.034375
2 0.553125 0.396875 0.0203125 0.025
2 0.5671875 0.43515625 0.01875 0.025
2 0.5703125 0.40859375 0.0171875 0.025
2 0.56875 0.38359375 0.021875 0.0296875
2 0.56953125 0.3578125 0.021875 0.0296875
2 0.58984375 0.34296875 0.0203125 0.0296875
2 0.61328125 0.33203125 0.0234375 0.03125
2 0.63828125 0.3234375 0.021875 0.028125
2 0.58203125 0.4703125 0.01875 0.028125
2 0.58515625 0.44765625 0.021875 0.03125
2 0.59765625 0.490625 0.021875 0.028125
2 0.59609375 0.51875 0.025 0.028125
2 0.6140625 0.5109375 0.0203125 0.028125
2 0.61328125 0.48359375 0.01875 0.025
2 0.63125 0.503125 0.01875 0.025
2 0.64453125 0.48359375 0.01875 0.0296875
2 0.6609375 0.47890625 0.0171875 0.028125
2 0.56640625 0.459375 0.0265625 0.025
0 0.56171875 0.47890625 0.021875 0.028125
0 0.59140625 0.40859375 0.01875 0.0296875
0 0.5921875 0.3796875 0.0203125 0.0296875
0 0.6109375 0.36953125 0.0203125 0.028125
0 0.6078125 0.3953125 0.01875 0.028125
0 0.60546875 0.421875 0.0234375 0.03125
0 0.603125 0.44921875 0.021875 0.028125
0 0.6203125 0.44140625 0.0171875 0.0265625
0 0.621875 0.41328125 0.0171875 0.028125
0 0.62734375 0.38671875 0.01875 0.025
0 0.6296875 0.3609375 0.0171875 0.03125
0 0.64921875 0.35390625 0.0234375 0.03125
0 0.6453125 0.375 0.021875 0.0265625
0 0.65703125 0.39453125 0.01875 0.03125
0 0.6390625 0.40390625 0.01875 0.021875
0 0.6359375 0.42890625 0.021875 0.028125
0 0.63359375 0.45703125 0.021875 0.028125
0 0.64921875 0.44765625 0.01875 0.03125
0 0.65234375 0.421875 0.0171875 0.0296875
0 0.665625 0.43984375 0.01875 0.025
0 0.66953125 0.4140625 0.01875 0.028125
0 0.66640625 0.365625 0.01875 0.0296875
0 0.67421875 0.3875 0.01875 0.0265625
0 0.6890625 0.38203125 0.025 0.03125
0 0.6875 0.4078125 0.021875 0.028125
0 0.68515625 0.43046875 0.025 0.03125