2 0.48046875 0.31875 0.0125 0.015625
2 0.47109375 0.328125 0.0109375 0.015625
2 0.48203125 0.35625 0.0125 0.015625
2 0.471875 0.35078125 0.0109375 0.015625
2 0.475 0.3671875 0.0125 0.015625
2 0.4734375 0.38359375 0.0125 0.015625
2 0.46640625 0.36328125 0.0125 0.0140625
2 0.46328125 0.3765625 0.0125 0.015625
2 0.46328125 0.340625 0.0109375 0.015625
2 0.4578125 0.35390625 0.0125 0.015625
2 0.45390625 0.3671875 0.0125 0.0140625
2 0.453125 0.33515625 0.0125 0.015625
2 0.446875 0.34765625 0.0125 0.015625
2 0.44375 0.3609375 0.0125 0.015625