0 0.8 0.4515625 0.0265625 0.040625
0 0.778125 0.4640625 0.028125 0.040625
0 0.83515625 0.496875 0.034375 0.04375
0 0.80703125 0.50859375 0.028125 0.0359375
0 0.803125 0.53984375 0.028125 0.040625
0 0.78828125 0.51875 0.0265625 0.0359375
0 0.78515625 0.55703125 0.028125 0.04375
0 0.753125 0.478125 0.028125 0.0375
0 0.73359375 0.465625 0.025 0.0375
0 0.7125 0.4484375 0.03125 0.0375
0 0.65859375 0.40390625 0.025 0.0328125
0 0.5875 0.43984375 0.028125 0.0359375
0 0.5671875 0.43125 0.03125 0.0328125
0 0.546875 0.41640625 0.028125 0.034375
1 0.73984375 0.59140625 0.028125 0.034375
1 0.76328125 0.54375 0.028125 0.034375
1 0.6640625 0.50390625 0.025 0.034375
1 0.64921875 0.5640625 0.025 0.0359375
1 0.609375 0.5484375 0.028125 0.03125
1 0.62734375 0.52578125 0.0265625 0.03125
1 0.61875 0.48671875 0.025 0.028125
1 0.63125 0.42734375 0.0296875 0.034375
2 0.853125 0.52265625 0.028125 0.040625
2 0.83515625 0.54453125 0.028125 0.0390625
2 0.8578125 0.4796875 0.028125 0.040625
2 0.83515625 0.4640625 0.0296875 0.0375
2 0.80625 0.42109375 0.03125 0.0375
2 0.78515625 0.40859375 0.028125 0.040625
2 0.76171875 0.43515625 0.03125 0.040625
2 0.76015625 0.39765625 0.034375 0.04375
2 0.73984375 0.415625 0.0296875 0.0390625
2 0.71640625 0.40625 0.0296875 0.0359375
2 0.7328125 0.37265625 0.03125 0.04375
2 0.709375 0.37578125 0.028125 0.040625
2 0.69296875 0.3890625 0.0296875 0.0390625
2 0.68671875 0.359375 0.0296875 0.034375
2 0.70078125 0.3265625 0.028125 0.0375
2 0.67734375 0.32890625 0.03125 0.040625
2 0.6546875 0.3421875 0.028125 0.0390625
2 0.653125 0.30859375 0.03125 0.0375
2 0.63359375 0.3296875 0.028125 0.04375
2 0.6640625 0.37265625 0.028125 0.034375
2 0.68671875 0.640625 0.028125 0.034375
2 0.671875 0.61953125 0.0265625 0.034375
2 0.646875 0.621875 0.028125 0.0375
2 0.61640625 0.3953125 0.0265625 0.0375
2 0.59375 0.4078125 0.028125 0.0375
2 0.57421875 0.396875 0.028125 0.0375
2 0.55078125 0.38359375 0.03125 0.0375
2 0.52890625 0.3734375 0.025 0.034375
2 0.50703125 0.36640625 0.03125 0.040625
2 0.51484375 0.390625 0.03125 0.040625
2 0.4890625 0.38359375 0.028125 0.0328125
2 0.5453125 0.59140625 0.03125 0.0375
2 0.62578125 0.60546875 0.025 0.034375
2 0.59453125 0.603125 0.028125 0.034375
2 0.45390625 0.396875 0.0328125 0.0390625
2 0.43359375 0.41484375 0.028125 0.034375
2 0.4015625 0.484375 0.021875 0.034375
2 0.40625 0.53828125 0.025 0.03125
2 0.4296875 0.5578125 0.028125 0.034375
2 0.43984375 0.528125 0.021875 0.028125
2 0.46328125 0.553125 0.03125 0.034375
2 0.48671875 0.56328125 0.025 0.0359375