0 0.40234375 0.5953125 0.034375 0.03125
0 0.43203125 0.59609375 0.034375 0.0265625
0 0.39140625 0.6203125 0.0375 0.028125
0 0.41953125 0.63125 0.034375 0.03125
0 0.3859375 0.565625 0.0421875 0.03125
0 0.37734375 0.515625 0.040625 0.034375
2 0.42890625 0.5625 0.0375 0.028125
2 0.45546875 0.55078125 0.0390625 0.0296875
2 0.4078125 0.54296875 0.034375 0.025
2 0.41484375 0.51484375 0.034375 0.034375
2 0.3046875 0.51171875 0.034375 0.0296875
2 0.271875 0.51484375 0.040625 0.0328125
2 0.3828125 0.48984375 0.04375 0.028125
2 0.3625 0.54375 0.04375 0.025
2 0.35546875 0.571875 0.04375 0.0359375
2 0.3578125 0.61484375 0.0390625 0.034375
2 0.37734375 0.5921875 0.03125 0.028125
2 0.3828125 0.64140625 0.0375 0.03125
2 0.40390625 0.66640625 0.0390625 0.03125
2 0.42890625 0.68515625 0.0390625 0.034375
2 0.4609375 0.68125 0.040625 0.03125
2 0.4859375 0.65546875 0.0375 0.034375
2 0.4484375 0.65390625 0.05 0.03125
2 0.46796875 0.6296875 0.03125 0.0328125
2 0.47578125 0.60390625 0.034375 0.0296875
2 0.50546875 0.5984375 0.040625 0.040625
2 0.4984375 0.63046875 0.0375 0.03125
2 0.49921875 0.68359375 0.040625 0.0296875
2 0.4453125 0.7046875 0.0421875 0.03125
2 0.478125 0.70703125 0.03125 0.03125
2 0.459375 0.73125 0.053125 0.028125