0 0.41484375 0.3109375 0.0234375 0.028125
0 0.40703125 0.3359375 0.0234375 0.03125
0 0.4390625 0.3640625 0.025 0.0265625
0 0.45234375 0.38515625 0.0234375 0.03125
0 0.42890625 0.3859375 0.0234375 0.03125
0 0.41328125 0.371875 0.028125 0.03125
0 0.41484375 0.3984375 0.021875 0.025
0 0.43359375 0.41328125 0.028125 0.025
0 0.4484375 0.42890625 0.0234375 0.028125
0 0.4375 0.45546875 0.025 0.025
0 0.4265625 0.47890625 0.0234375 0.0265625
0 0.44375 0.48515625 0.025 0.028125
0 0.36953125 0.359375 0.025 0.03125
0 0.378125 0.4078125 0.025 0.03125
0 0.39375 0.4234375 0.025 0.025
0 0.38203125 0.4421875 0.028125 0.03125
0 0.33359375 0.48125 0.025 0.0296875
2 0.46640625 0.3328125 0.021875 0.03125
2 0.44609375 0.321875 0.025 0.0375
2 0.43203125 0.30546875 0.0265625 0.0359375
2 0.415625 0.2828125 0.025 0.0375
2 0.40234375 0.2609375 0.028125 0.03125
2 0.38828125 0.28359375 0.028125 0.03125
2 0.36328125 0.38671875 0.025 0.03125
2 0.390625 0.371875 0.025 0.034375
2 0.38671875 0.3375 0.025 0.0359375
2 0.3953125 0.31328125 0.025 0.034375
2 0.4671875 0.3765625 0.021875 0.0296875
2 0.48671875 0.371875 0.025 0.03125
2 0.49765625 0.39375 0.025 0.03125
2 0.478125 0.40234375 0.025 0.028125
2 0.48203125 0.4296875 0.025 0.028125
2 0.46953125 0.453125 0.025 0.028125
2 0.478125 0.475 0.021875 0.028125
2 0.46953125 0.50078125 0.021875 0.028125
2 0.4265625 0.5265625 0.03125 0.040625
2 0.40546875 0.5171875 0.025 0.025
2 0.40078125 0.4921875 0.025 0.034375
2 0.39140625 0.4671875 0.025 0.0265625
2 0.41640625 0.42421875 0.021875 0.03125
2 0.42265625 0.44375 0.0203125 0.03125
2 0.41328125 0.465625 0.025 0.028125
2 0.40234375 0.440625 0.0234375 0.03125
2 0.3765625 0.4890625 0.028125 0.03125
2 0.3859375 0.5125 0.0265625 0.028125
2 0.3875 0.54296875 0.025 0.0328125
2 0.36796875 0.53984375 0.025 0.0375
2 0.36015625 0.5078125 0.025 0.034375
2 0.35703125 0.48359375 0.0234375 0.03125
2 0.3546875 0.43984375 0.0265625 0.03125
2 0.34375 0.41640625 0.025 0.034375
2 0.33671875 0.3828125 0.0265625 0.0359375
2 0.309375 0.51875 0.028125 0.0328125
2 0.29609375 0.55234375 0.028125 0.0328125
2 0.34609375 0.521875 0.028125 0.03125
2 0.3453125 0.553125 0.03125 0.0328125