2 0.62265625 0.47734375 0.05234375 0.0359375
2 0.61328125 0.52109375 0.05078125 0.04296875
2 0.646875 0.49375 0.04375 0.03203125
2 0.54765625 0.5546875 0.04609375 0.04453125
2 0.5171875 0.6421875 0.04296875 0.0328125
2 0.56640625 0.6546875 0.04921875 0.03359375
2 0.57734375 0.6828125 0.04609375 0.03203125
2 0.5375 0.690625 0.04609375 0.0390625
2 0.53203125 0.6703125 0.04609375 0.0296875
2 0.47734375 0.646875 0.04765625 0.0359375
2 0.4390625 0.6390625 0.03828125 0.03359375
2 0.4015625 0.62890625 0.05078125 0.0421875
2 0.37734375 0.6625 0.04140625 0.03046875
2 0.4109375 0.65859375 0.04140625 0.03046875
2 0.43984375 0.66953125 0.0375 0.028125
2 0.39609375 0.6875 0.0421875 0.03203125
2 0.43125 0.69140625 0.04296875 0.03671875
2 0.36171875 0.6921875 0.04140625 0.0375
2 0.32890625 0.69296875 0.04375 0.03203125
2 0.30859375 0.71875 0.0421875 0.0328125
2 0.34453125 0.72265625 0.046875 0.03359375
2 0.38515625 0.72109375 0.04609375 0.034375
2 0.421875 0.7265625 0.046875 0.03671875
2 0.28515625 0.74609375 0.04921875 0.0375
2 0.325 0.74765625 0.040625 0.02890625
2 0.365625 0.74921875 0.04375 0.03359375
2 0.3953125 0.7640625 0.04765625 0.034375
2 0.33671875 0.775 0.03984375 0.034375
2 0.3 0.7796875 0.0453125 0.034375
2 0.31484375 0.8078125 0.04296875 0.03984375
2 0.34921875 0.81484375 0.0453125 0.04296875
2 0.3671875 0.78359375 0.04609375 0.03125
2 0.4203125 0.796875 0.04765625 0.034375
2 0.3859375 0.8109375 0.04296875 0.0328125
2 0.371875 0.8421875 0.046875 0.03203125
2 0.40859375 0.83515625 0.04375 0.03125
2 0.446875 0.82890625 0.04609375 0.0328125
2 0.434375 0.859375 0.0453125 0.0375
2 0.39609375 0.86484375 0.0484375 0.0375