2 0.290625 0.4765625 0.0171875 0.0125
2 0.28203125 0.48515625 0.01953125 0.0140625
2 0.275 0.49453125 0.01640625 0.0140625
2 0.275 0.50703125 0.01875 0.01484375
2 0.2875 0.49765625 0.01640625 0.0125
2 0.2890625 0.51015625 0.01796875 0.0140625
2 0.30078125 0.4984375 0.01640625 0.0125
2 0.296875 0.48671875 0.01640625 0.01328125
2 0.30859375 0.475 0.01796875 0.01484375
2 0.32265625 0.46796875 0.01953125 0.01328125
2 0.32109375 0.48125 0.0203125 0.0125
2 0.31171875 0.4890625 0.0171875 0.0125
2 0.32734375 0.49140625 0.01875 0.01328125
2 0.315625 0.5 0.01953125 0.0125
2 0.30625 0.51015625 0.01640625 0.0125
2 0.32109375 0.5125 0.01796875 0.0140625
2 0.3328125 0.50234375 0.01484375 0.0125
2 0.34296875 0.49453125 0.0171875 0.0125
2 0.33984375 0.4859375 0.01640625 0.0125
2 0.33671875 0.475 0.01640625 0.01328125
2 0.34921875 0.46640625 0.01796875 0.01484375
2 0.35078125 0.4765625 0.015625 0.0125
2 0.35625 0.48671875 0.01796875 0.01328125
2 0.36640625 0.47890625 0.0171875 0.01328125
2 0.3796875 0.47109375 0.01640625 0.0140625
2 0.3765625 0.45859375 0.0171875 0.01328125
2 0.365625 0.46640625 0.0171875 0.0125
2 0.39296875 0.46015625 0.01953125 0.0125
2 0.39453125 0.47265625 0.0171875 0.0125
2 0.3828125 0.4828125 0.0171875 0.0125
2 0.37109375 0.490625 0.01796875 0.0140625
2 0.359375 0.4984375 0.01875 0.01328125
2 0.34765625 0.50625 0.01796875 0.01171875
2 0.3375 0.515625 0.01875 0.01328125
2 0.35390625 0.515625 0.015625 0.0125
2 0.353125 0.5265625 0.02109375 0.015625
2 0.365625 0.51875 0.01796875 0.0125
2 0.3640625 0.50859375 0.01875 0.0109375
2 0.375 0.5 0.01640625 0.01328125
2 0.38828125 0.49140625 0.01953125 0.0171875
2 0.4015625 0.484375 0.01796875 0.01171875
2 0.4046875 0.49765625 0.01796875 0.0140625
2 0.41875 0.48671875 0.01953125 0.01328125
2 0.42109375 0.4984375 0.01640625 0.0140625
2 0.39296875 0.50390625 0.01953125 0.0140625
2 0.3796875 0.51171875 0.01640625 0.0109375
2 0.39453125 0.515625 0.01640625 0.01328125
2 0.38046875 0.52265625 0.015625 0.0125
2 0.3953125 0.5265625 0.0171875 0.01171875
2 0.3671875 0.53046875 0.0203125 0.0140625
2 0.38359375 0.53515625 0.0171875 0.0109375
2 0.3671875 0.54140625 0.015625 0.0109375
2 0.378125 0.5484375 0.0171875 0.0125
2 0.3765625 0.559375 0.01953125 0.01484375
2 0.39296875 0.5453125 0.0171875 0.01328125
2 0.396875 0.55546875 0.01875 0.01328125
2 0.40234375 0.53671875 0.01640625 0.01328125
2 0.41484375 0.53125 0.0171875 0.0125
2 0.409375 0.521875 0.0171875 0.0125
2 0.40859375 0.50859375 0.01640625 0.01171875
2 0.421875 0.5109375 0.0171875 0.0125
2 0.4359375 0.50234375 0.01796875 0.0125
2 0.43828125 0.490625 0.015625 0.0125
2 0.45 0.49765625 0.01640625 0.01328125
2 0.43671875 0.5140625 0.01953125 0.01171875
2 0.4234375 0.521875 0.01640625 0.01328125
2 0.44296875 0.5234375 0.01875 0.01171875
2 0.43203125 0.5328125 0.01640625 0.01171875
2 0.421875 0.54140625 0.01875 0.01171875
2 0.40859375 0.546875 0.0171875 0.0109375
2 0.41328125 0.55703125 0.01640625 0.0140625
2 0.42578125 0.55234375 0.015625 0.01484375
2 0.43984375 0.55546875 0.01640625 0.01484375
0 0.44765625 0.5453125 0.01953125 0.01171875
2 0.459375 0.525 0.01875 0.015625
2 0.47265625 0.51875 0.01796875 0.01328125
2 0.48359375 0.51015625 0.01796875 0.0109375
2 0.48828125 0.51953125 0.0171875 0.01328125
2 0.5015625 0.5125 0.01875 0.01171875
2 0.50390625 0.52265625 0.015625 0.01171875
2 0.48984375 0.53046875 0.01640625 0.0125
2 0.475 0.53046875 0.01640625 0.0125
2 0.4609375 0.5390625 0.0171875 0.01015625
2 0.4671875 0.54921875 0.01640625 0.01328125
2 0.45390625 0.5546875 0.01875 0.01015625
2 0.45625 0.56328125 0.01640625 0.01328125
2 0.4421875 0.56796875 0.0203125 0.0125
2 0.45703125 0.575 0.0171875 0.0140625
2 0.47265625 0.57265625 0.01796875 0.0125
2 0.46953125 0.5609375 0.01484375 0.0140625
2 0.48359375 0.5625 0.0171875 0.0125
2 0.48125 0.55234375 0.01640625 0.0140625
2 0.4765625 0.54140625 0.01484375 0.0125
2 0.490625 0.54296875 0.01875 0.0125
2 0.49375 0.55390625 0.0171875 0.0140625
2 0.49921875 0.56640625 0.0171875 0.0125
2 0.4859375 0.575 0.01953125 0.01171875
2 0.4953125 0.5828125 0.01796875 0.0140625
2 0.50546875 0.5765625 0.01875 0.01328125
2 0.52109375 0.56640625 0.0203125 0.0125
2 0.509375 0.55625 0.015625 0.01484375
2 0.50625 0.54609375 0.0171875 0.0125
2 0.50390625 0.53359375 0.01640625 0.01328125
2 0.51875 0.52890625 0.01640625 0.01171875
2 0.51875 0.515625 0.01640625 0.01328125
2 0.5328125 0.5203125 0.0171875 0.0125
2 0.53515625 0.5296875 0.0171875 0.01328125
2 0.51953125 0.53828125 0.01640625 0.0125
2 0.53359375 0.54296875 0.01953125 0.0125
2 0.52109375 0.55 0.01953125 0.01171875