0 0.46796875 0.2953125 0.021875 0.03125
0 0.4546875 0.27109375 0.021875 0.028125
0 0.44921875 0.29609375 0.0203125 0.034375
0 0.43671875 0.27265625 0.0203125 0.03125
0 0.43203125 0.2984375 0.025 0.028125
0 0.44453125 0.32265625 0.021875 0.028125
0 0.425 0.3234375 0.0203125 0.0265625
0 0.41484375 0.29921875 0.015625 0.03125
0 0.40625 0.3203125 0.01875 0.03125
0 0.4171875 0.27265625 0.01875 0.034375
0 0.40546875 0.25703125 0.015625 0.028125
0 0.39765625 0.23515625 0.021875 0.034375
0 0.390625 0.27109375 0.0203125 0.034375
0 0.4 0.29375 0.01875 0.03125
0 0.38125 0.2921875 0.021875 0.034375
0 0.38828125 0.31640625 0.01875 0.028125
2 0.52421875 0.278125 0.021875 0.034375
2 0.50625 0.26328125 0.0234375 0.03125
2 0.50625 0.2890625 0.0234375 0.03125
2 0.51953125 0.3109375 0.025 0.03125
2 0.503125 0.32578125 0.0234375 0.0265625
2 0.49140625 0.30390625 0.01875 0.028125
2 0.484375 0.3296875 0.0203125 0.0265625
2 0.49296875 0.353125 0.021875 0.03125
2 0.47578125 0.35234375 0.0234375 0.034375
2 0.46171875 0.33046875 0.0203125 0.028125
2 0.4546875 0.35390625 0.0234375 0.034375
2 0.49140625 0.27890625 0.0234375 0.028125
2 0.490625 0.25078125 0.021875 0.034375
2 0.4796875 0.228125 0.025 0.034375
2 0.47265625 0.25390625 0.021875 0.034375
2 0.46171875 0.2296875 0.021875 0.03125
2 0.46171875 0.203125 0.0234375 0.0375
2 0.4421875 0.2046875 0.025 0.03125
2 0.4453125 0.22890625 0.021875 0.03125
2 0.428125 0.2265625 0.021875 0.03125
2 0.42421875 0.20234375 0.0203125 0.03125
2 0.434375 0.1828125 0.025 0.03125
2 0.4171875 0.18046875 0.021875 0.034375
2 0.3765625 0.22578125 0.021875 0.03125
2 0.39375 0.2125 0.01875 0.028125
2 0.36953125 0.26953125 0.0234375 0.034375
2 0.35859375 0.31484375 0.025 0.028125
2 0.3640625 0.33984375 0.025 0.034375
2 0.38125 0.3421875 0.025 0.034375
2 0.39921875 0.34921875 0.025 0.0390625
2 0.41953125 0.35 0.0265625 0.040625
2 0.434375 0.35390625 0.028125 0.0375
2 0.38125 0.409375 0.028125 0.0375
2 0.428125 0.5109375 0.028125 0.040625