1 0.37421875 0.36953125 0.0234375 0.028125
1 0.34921875 0.3578125 0.021875 0.03125
1 0.4921875 0.4265625 0.021875 0.028125
0 0.5140625 0.4484375 0.0265625 0.0296875
0 0.5125 0.40703125 0.021875 0.03125
0 0.5015625 0.38515625 0.025 0.028125
0 0.48671875 0.32578125 0.0234375 0.0328125
0 0.47890625 0.37890625 0.021875 0.028125
0 0.4796875 0.40390625 0.01875 0.028125
0 0.46328125 0.390625 0.021875 0.03125
0 0.4546875 0.3609375 0.021875 0.03125
0 0.44453125 0.375 0.021875 0.028125
0 0.42734375 0.38828125 0.021875 0.025
0 0.43125 0.4125 0.025 0.03125
0 0.44609375 0.4 0.021875 0.028125
0 0.45 0.421875 0.01875 0.03125
0 0.43671875 0.43359375 0.021875 0.03125
0 0.465625 0.41796875 0.021875 0.034375
0 0.42265625 0.36796875 0.021875 0.0296875
0 0.40625 0.37578125 0.021875 0.03125
0 0.39140625 0.39140625 0.021875 0.028125
0 0.40625 0.34375 0.025 0.0328125
0 0.39453125 0.3609375 0.0203125 0.03125
0 0.390625 0.3296875 0.021875 0.03125
0 0.371875 0.32421875 0.0234375 0.03125
0 0.37890625 0.34921875 0.021875 0.025
0 0.359375 0.34453125 0.025 0.028125
0 0.35078125 0.31640625 0.021875 0.034375
0 0.3359375 0.33359375 0.0234375 0.0296875
0 0.3609375 0.39140625 0.0265625 0.028125
2 0.3515625 0.27734375 0.0296875 0.03125
2 0.3390625 0.29140625 0.021875 0.028125
2 0.3203125 0.290625 0.021875 0.03125
2 0.3203125 0.31171875 0.0234375 0.0328125
2 0.303125 0.30546875 0.0234375 0.03125
2 0.2859375 0.3 0.021875 0.0328125
2 0.290625 0.325 0.025 0.0328125
2 0.30625 0.3359375 0.021875 0.03125
2 0.3765625 0.29140625 0.028125 0.0328125
2 0.3984375 0.2984375 0.025 0.0328125
2 0.4140625 0.30703125 0.0265625 0.034375
2 0.43203125 0.31328125 0.025 0.0390625
2 0.4515625 0.3140625 0.025 0.034375
2 0.45390625 0.28203125 0.025 0.03125
2 0.465625 0.2640625 0.0265625 0.0328125
2 0.48046875 0.2765625 0.025 0.03125
2 0.4671875 0.29765625 0.021875 0.0328125
2 0.48203125 0.30859375 0.0265625 0.028125
2 0.46015625 0.334375 0.021875 0.025
2 0.440625 0.340625 0.021875 0.0296875
2 0.39140625 0.4140625 0.021875 0.028125
2 0.371875 0.4171875 0.025 0.034375
2 0.41640625 0.415625 0.025 0.03125
2 0.41875 0.4390625 0.025 0.034375
2 0.42265625 0.4640625 0.0265625 0.03125
2 0.4484375 0.4546875 0.021875 0.03125
2 0.4640625 0.43828125 0.0203125 0.0328125
2 0.49296875 0.5234375 0.025 0.0328125
2 0.5015625 0.48125 0.025 0.034375
2 0.53984375 0.42421875 0.025 0.0328125
2 0.52265625 0.37890625 0.0265625 0.034375
2 0.52890625 0.40390625 0.021875 0.0296875
2 0.5140625 0.353125 0.021875 0.028125
2 0.496875 0.3484375 0.021875 0.0296875
2 0.4859375 0.36484375 0.01875 0.03125
2 0.51875 0.32734375 0.025 0.03125
2 0.50390625 0.3125 0.025 0.034375
2 0.51796875 0.2984375 0.0234375 0.0328125
2 0.496875 0.28984375 0.021875 0.034375