0 0.57890625 0.6234375 0.05 0.0359375
0 0.5484375 0.66953125 0.0484375 0.0359375
0 0.521875 0.64375 0.05 0.0375
0 0.475 0.6453125 0.046875 0.034375
0 0.446875 0.62265625 0.0484375 0.0359375
0 0.43828125 0.65625 0.053125 0.04375
0 0.46328125 0.68125 0.053125 0.0375
0 0.50703125 0.67578125 0.0484375 0.040625
0 0.53046875 0.70390625 0.04375 0.0359375
0 0.4890625 0.71015625 0.05 0.0375
2 0.7640625 0.51796875 0.046875 0.040625
2 0.72734375 0.52890625 0.04375 0.0375
2 0.7625 0.553125 0.0484375 0.0359375
2 0.7171875 0.5625 0.04375 0.0375
2 0.74921875 0.5796875 0.0421875 0.034375
2 0.69296875 0.5359375 0.046875 0.0375
2 0.66484375 0.54921875 0.0421875 0.034375
2 0.68828125 0.57578125 0.0421875 0.040625
2 0.71953125 0.59921875 0.0484375 0.0375
2 0.66875 0.60390625 0.0375 0.025
2 0.6453125 0.57890625 0.0515625 0.0421875
2 0.621875 0.54921875 0.053125 0.0390625
2 0.6984375 0.6265625 0.05 0.0375
2 0.6703125 0.6453125 0.0453125 0.040625
2 0.63203125 0.65625 0.05 0.034375
2 0.60859375 0.66875 0.053125 0.0375
2 0.64140625 0.621875 0.040625 0.0375
2 0.61875 0.5953125 0.05 0.040625
2 0.59296875 0.5703125 0.0546875 0.040625
2 0.55625 0.57421875 0.046875 0.040625
2 0.58203125 0.5984375 0.046875 0.034375
2 0.54609375 0.6203125 0.0390625 0.040625
2 0.52265625 0.59140625 0.05 0.040625
2 0.509375 0.62265625 0.0453125 0.03125
2 0.48359375 0.59296875 0.046875 0.040625
2 0.44140625 0.5921875 0.05625 0.0375
2 0.425 0.56328125 0.05625 0.0375
2 0.3984375 0.5890625 0.0484375 0.0375
2 0.378125 0.62421875 0.0515625 0.0375
2 0.3640625 0.6578125 0.053125 0.0359375
2 0.403125 0.6515625 0.05 0.040625
2 0.3890625 0.690625 0.053125 0.040625
2 0.41875 0.7171875 0.05625 0.0375
2 0.4015625 0.7515625 0.053125 0.040625
2 0.43046875 0.778125 0.05625 0.0390625
2 0.45078125 0.7453125 0.053125 0.0359375
2 0.4703125 0.7703125 0.05625 0.040625
2 0.48828125 0.7375 0.0484375 0.034375
2 0.5203125 0.7640625 0.0578125 0.04375
2 0.528125 0.73046875 0.053125 0.034375
2 0.55390625 0.753125 0.05 0.040625
2 0.56171875 0.72265625 0.05 0.0375
2 0.6 0.70703125 0.05625 0.040625
2 0.6390625 0.6953125 0.0421875 0.0359375
2 0.66796875 0.68359375 0.053125 0.0421875
2 0.67421875 0.715625 0.0484375 0.0375
2 0.63515625 0.72734375 0.05625 0.04375
2 0.6296875 0.7609375 0.053125 0.0390625
2 0.59921875 0.7453125 0.05 0.028125
2 0.5859375 0.77109375 0.05625 0.040625
2 0.61328125 0.79375 0.059375 0.0390625