2 0.59921875 0.7421875 0.01875 0.021875
2 0.60859375 0.72578125 0.01875 0.021875
2 0.6109375 0.709375 0.01875 0.025
2 0.5984375 0.70234375 0.01875 0.0203125
2 0.590625 0.71875 0.0203125 0.021875
2 0.60390625 0.684375 0.01875 0.021875
2 0.6125 0.6703125 0.015625 0.021875
2 0.61015625 0.653125 0.015625 0.025
2 0.60390625 0.6375 0.01875 0.021875
2 0.5953125 0.65078125 0.015625 0.021875
2 0.59921875 0.66484375 0.015625 0.0203125
2 0.58984375 0.68125 0.015625 0.021875
2 0.584375 0.69765625 0.015625 0.01875
2 0.57734375 0.67890625 0.015625 0.0203125
2 0.565625 0.69921875 0.015625 0.021875
2 0.6046875 0.6015625 0.0203125 0.01875
2 0.59921875 0.6203125 0.015625 0.0171875
2 0.55390625 0.69375 0.01875 0.021875
2 0.54140625 0.68984375 0.0125 0.0203125
2 0.53359375 0.68046875 0.0171875 0.021875
2 0.5234375 0.6953125 0.0203125 0.0234375
2 0.5203125 0.67734375 0.015625 0.021875
2 0.51328125 0.6671875 0.015625 0.021875
2 0.521875 0.6609375 0.015625 0.021875
2 0.6 0.58125 0.01875 0.01875
2 0.59140625 0.59375 0.015625 0.01875
2 0.58671875 0.6125 0.015625 0.01875
2 0.60546875 0.5625 0.01875 0.021875
2 0.565625 0.6765625 0.015625 0.01875
1 0.465625 0.3609375 0.0171875 0.021875
1 0.45078125 0.35859375 0.0171875 0.025
1 0.446875 0.378125 0.01875 0.021875
1 0.43125 0.3046875 0.01875 0.025
1 0.4171875 0.303125 0.015625 0.0234375
1 0.42265625 0.321875 0.0140625 0.0203125
1 0.42578125 0.2828125 0.01875 0.025
1 0.40390625 0.29375 0.0140625 0.021875
1 0.44140625 0.215625 0.01875 0.025
1 0.42578125 0.2171875 0.0171875 0.025
1 0.41328125 0.20546875 0.015625 0.025
1 0.396875 0.225 0.015625 0.0234375
0 0.58203125 0.65 0.015625 0.01875
0 0.57734375 0.63359375 0.01875 0.01875
0 0.56875 0.64921875 0.015625 0.01875
0 0.57421875 0.6171875 0.015625 0.021875
0 0.56015625 0.6171875 0.015625 0.021875
0 0.56328125 0.63359375 0.015625 0.0171875
0 0.546875 0.61640625 0.015625 0.0203125
0 0.5484375 0.63125 0.015625 0.0203125
0 0.55390625 0.6484375 0.0140625 0.01875
0 0.55390625 0.66328125 0.015625 0.01875
0 0.53515625 0.63125 0.015625 0.0203125
0 0.5421875 0.64921875 0.015625 0.021875
0 0.53359375 0.615625 0.015625 0.021875
0 0.578125 0.584375 0.015625 0.021875
0 0.56484375 0.58671875 0.015625 0.021875
0 0.55625 0.6015625 0.0171875 0.0171875
0 0.58515625 0.56796875 0.015625 0.0203125
0 0.571875 0.56640625 0.015625 0.021875
0 0.5796875 0.55 0.015625 0.021875
0 0.5671875 0.5515625 0.0125 0.0203125
0 0.55859375 0.5671875 0.0140625 0.01875
0 0.55078125 0.58125 0.015625 0.021875
0 0.54140625 0.59765625 0.015625 0.021875
0 0.53671875 0.58203125 0.0140625 0.01875
0 0.52890625 0.5984375 0.0140625 0.01875
0 0.559375 0.5375 0.015625 0.021875
0 0.5515625 0.55234375 0.015625 0.01875
0 0.54296875 0.56640625 0.015625 0.0203125
0 0.5296875 0.565625 0.015625 0.021875
0 0.52265625 0.58046875 0.015625 0.01875
0 0.51328125 0.5953125 0.0140625 0.0203125
0 0.509375 0.58046875 0.0140625 0.01875
0 0.5015625 0.59609375 0.0125 0.01875
0 0.53671875 0.55078125 0.015625 0.021875
0 0.54453125 0.53671875 0.015625 0.01875
0 0.55703125 0.51953125 0.015625 0.021875
0 0.55234375 0.503125 0.015625 0.0203125
0 0.5421875 0.5203125 0.015625 0.021875
0 0.53125 0.53515625 0.0140625 0.0203125
0 0.5234375 0.54921875 0.015625 0.0203125
0 0.51640625 0.56328125 0.0140625 0.01875
0 0.5171875 0.534375 0.015625 0.01875
0 0.5265625 0.52109375 0.015625 0.025
0 0.53671875 0.503125 0.015625 0.0203125
0 0.51015625 0.5484375 0.015625 0.015625
0 0.5015625 0.56328125 0.015625 0.021875
0 0.49609375 0.5796875 0.015625 0.01875
0 0.54609375 0.4859375 0.0140625 0.01875
0 0.53046875 0.4859375 0.0171875 0.0203125
0 0.51875 0.4875 0.0125 0.01875
0 0.52265625 0.5046875 0.015625 0.01875
0 0.50859375 0.503125 0.015625 0.021875
0 0.5109375 0.51875 0.015625 0.01875
0 0.5015625 0.53359375 0.015625 0.01875
0 0.4953125 0.54921875 0.015625 0.01875
0 0.496875 0.51875 0.015625 0.021875
0 0.48984375 0.53359375 0.0140625 0.0171875
0 0.48046875 0.5484375 0.015625 0.0203125
0 0.48828125 0.56328125 0.015625 0.0203125
0 0.49765625 0.49140625 0.015625 0.021875
0 0.48828125 0.50546875 0.015625 0.021875
0 0.48125 0.52109375 0.015625 0.021875
0 0.4734375 0.5359375 0.015625 0.021875
0 0.4796875 0.49296875 0.015625 0.021875
0 0.48671875 0.48046875 0.015625 0.021875
0 0.50703125 0.46875 0.015625 0.021875
0 0.51015625 0.44921875 0.0171875 0.0234375
0 0.49453125 0.4625 0.015625 0.0234375
0 0.48046875 0.46328125 0.015625 0.01875
0 0.47265625 0.478125 0.015625 0.01875
0 0.4734375 0.5046875 0.015625 0.0203125
0 0.46484375 0.4921875 0.0140625 0.021875
0 0.45703125 0.50546875 0.0140625 0.01875
0 0.45234375 0.4890625 0.015625 0.021875
0 0.44453125 0.50390625 0.0140625 0.01875
0 0.43984375 0.4859375 0.0125 0.0203125
0 0.45859375 0.475 0.015625 0.021875
0 0.4671875 0.4609375 0.0140625 0.021875
0 0.4546875 0.45546875 0.015625 0.021875
0 0.44765625 0.471875 0.0140625 0.01875
0 0.44140625 0.45546875 0.015625 0.021875
0 0.43515625 0.471875 0.015625 0.01875
0 0.51640625 0.43046875 0.015625 0.021875
0 0.52109375 0.41484375 0.015625 0.0203125
0 0.50703125 0.41328125 0.015625 0.01875
0 0.50234375 0.428125 0.015625 0.01875
0 0.49765625 0.44375 0.015625 0.0203125
0 0.5109375 0.39375 0.015625 0.021875
0 0.49453125 0.4109375 0.015625 0.021875
0 0.4890625 0.4265625 0.0140625 0.01875
0 0.48359375 0.4453125 0.015625 0.0203125
0 0.471875 0.440625 0.0140625 0.0203125
0 0.459375 0.43984375 0.015625 0.021875
0 0.47578125 0.4265625 0.0171875 0.0203125
0 0.4796875 0.40859375 0.015625 0.021875
0 0.51484375 0.365625 0.015625 0.021875
0 0.50703125 0.3796875 0.015625 0.0203125
1 0.48984375 0.371875 0.0171875 0.025
0 0.4984375 0.3921875 0.015625 0.0203125
0 0.48515625 0.3921875 0.015625 0.01875
0 0.4671875 0.40546875 0.0125 0.01875
0 0.46484375 0.421875 0.015625 0.0171875
0 0.47109375 0.39140625 0.0140625 0.021875
0 0.47890625 0.37421875 0.015625 0.0234375
0 0.459375 0.38515625 0.015625 0.021875
0 0.4546875 0.403125 0.015625 0.01875
0 0.4515625 0.41953125 0.015625 0.021875
0 0.44765625 0.43671875 0.015625 0.01875
0 0.4328125 0.4390625 0.015625 0.0203125
0 0.42734375 0.45625 0.0140625 0.021875
0 0.44140625 0.403125 0.015625 0.021875
0 0.4390625 0.42109375 0.015625 0.021875
0 0.4265625 0.4125 0.015625 0.0234375
0 0.4234375 0.43046875 0.0140625 0.0203125
0 0.41796875 0.40078125 0.0140625 0.0234375
0 0.43125 0.39140625 0.015625 0.025
0 0.42265625 0.38046875 0.015625 0.025
0 0.41015625 0.384375 0.0125 0.0234375
0 0.41171875 0.36796875 0.015625 0.021875
0 0.425 0.3640625 0.0125 0.021875
0 0.43828125 0.36328125 0.015625 0.01875
0 0.43515625 0.34765625 0.015625 0.021875
0 0.41875 0.34921875 0.0171875 0.0234375
0 0.4125 0.33359375 0.0125 0.0203125
0 0.3984375 0.334375 0.015625 0.021875
0 0.4046875 0.35 0.0125 0.01875
0 0.403125 0.31640625 0.015625 0.021875
0 0.38984375 0.31640625 0.015625 0.0234375
0 0.3859375 0.33359375 0.015625 0.021875
0 0.4390625 0.33125 0.015625 0.0234375
1 0.45234375 0.3328125 0.015625 0.021875
0 0.46328125 0.31875 0.015625 0.021875
0 0.4671875 0.33828125 0.015625 0.01875
0 0.4828125 0.3390625 0.015625 0.01875
0 0.4765625 0.3234375 0.0171875 0.021875
0 0.47734375 0.3046875 0.015625 0.021875
0 0.49296875 0.325 0.01875 0.021875
0 0.49609375 0.34453125 0.0171875 0.01875
0 0.50546875 0.334375 0.01875 0.01875
0 0.50859375 0.35078125 0.01875 0.021875
0 0.48125 0.2203125 0.01875 0.0234375
0 0.47109375 0.20625 0.0171875 0.0234375
0 0.4640625 0.19140625 0.0171875 0.021875
0 0.45546875 0.2046875 0.015625 0.021875
0 0.4578125 0.22421875 0.015625 0.0234375
0 0.4765625 0.2734375 0.015625 0.021875
0 0.46640625 0.2859375 0.015625 0.021875
0 0.45625 0.3 0.015625 0.01875
0 0.4609375 0.26640625 0.015625 0.021875
0 0.45390625 0.25078125 0.015625 0.021875
0 0.4484375 0.23515625 0.0140625 0.01875
0 0.43359375 0.23359375 0.015625 0.021875
0 0.43984375 0.2515625 0.015625 0.021875
0 0.44609375 0.26640625 0.015625 0.021875
0 0.453125 0.28203125 0.015625 0.0203125
0 0.43828125 0.28359375 0.015625 0.021875
0 0.44296875 0.29921875 0.0140625 0.0203125
0 0.4484375 0.3140625 0.015625 0.01875
0 0.4328125 0.265625 0.015625 0.0203125
0 0.42578125 0.2515625 0.015625 0.0203125
0 0.4203125 0.23359375 0.015625 0.021875
0 0.40546875 0.234375 0.015625 0.021875
0 0.4109375 0.25078125 0.015625 0.0203125
0 0.41875 0.265625 0.015625 0.021875
0 0.403125 0.265625 0.015625 0.021875
0 0.390625 0.265625 0.015625 0.021875
0 0.39765625 0.2484375 0.0140625 0.01875
0 0.38515625 0.28359375 0.0171875 0.025
0 0.375 0.29453125 0.015625 0.01875
0 0.378125 0.26171875 0.015625 0.021875
0 0.38515625 0.246875 0.015625 0.021875
0 0.37734375 0.2296875 0.015625 0.025
0 0.3703125 0.21484375 0.015625 0.025
0 0.3765625 0.196875 0.015625 0.021875
0 0.3828125 0.18046875 0.01875 0.021875
0 0.3828125 0.21484375 0.015625 0.021875
0 0.4015625 0.1828125 0.0203125 0.025
0 0.390625 0.19609375 0.01875 0.0234375
0 0.41484375 0.16640625 0.015625 0.021875
0 0.41796875 0.18515625 0.0171875 0.021875
0 0.4328125 0.184375 0.01875 0.0203125
0 0.428125 0.19921875 0.01875 0.01875
0 0.446875 0.19375 0.015625 0.021875
0 0.41015625 0.128125 0.015625 0.021875
0 0.39453125 0.115625 0.01875 0.021875
0 0.39453125 0.13359375 0.015625 0.0203125
0 0.38671875 0.146875 0.015625 0.021875
0 0.3734375 0.13984375 0.015625 0.01875
2 0.590625 0.54140625 0.015625 0.021875
2 0.58125 0.52265625 0.01875 0.021875
2 0.52578125 0.64375 0.015625 0.01875
2 0.5140625 0.64375 0.0140625 0.021875
2 0.50234375 0.6421875 0.0125 0.0203125
2 0.515625 0.62578125 0.0125 0.021875
2 0.50390625 0.62421875 0.0140625 0.021875
2 0.490625 0.625 0.015625 0.0203125
2 0.4921875 0.60390625 0.0125 0.01875
2 0.48671875 0.59375 0.015625 0.0203125
2 0.57421875 0.50703125 0.015625 0.01875
2 0.56484375 0.49140625 0.015625 0.021875
2 0.55703125 0.4765625 0.015625 0.01875
2 0.5515625 0.459375 0.015625 0.01875
2 0.546875 0.4421875 0.0140625 0.021875
2 0.54375 0.4234375 0.015625 0.0203125
2 0.534375 0.43828125 0.015625 0.021875
2 0.52578125 0.453125 0.015625 0.021875
2 0.5375 0.4578125 0.0140625 0.0171875
2 0.5171875 0.47265625 0.0125 0.0171875
2 0.52734375 0.4015625 0.015625 0.01875
2 0.52734375 0.37109375 0.015625 0.021875
2 0.53046875 0.35390625 0.0140625 0.021875
2 0.52265625 0.33203125 0.015625 0.0203125
2 0.46015625 0.559375 0.015625 0.021875
2 0.45703125 0.53203125 0.015625 0.021875
2 0.4484375 0.52265625 0.0140625 0.0203125
2 0.43046875 0.49609375 0.0140625 0.01875
2 0.3921875 0.36484375 0.0125 0.021875
2 0.40078125 0.3796875 0.015625 0.021875
2 0.3734375 0.31953125 0.015625 0.021875
2 0.3671875 0.2671875 0.015625 0.021875
2 0.3625 0.28046875 0.015625 0.01875
2 0.36015625 0.2515625 0.015625 0.025
2 0.353125 0.265625 0.015625 0.025
2 0.3734375 0.25 0.0140625 0.01875
2 0.35390625 0.23125 0.015625 0.021875
2 0.346875 0.2140625 0.0125 0.025
2 0.35390625 0.196875 0.015625 0.021875
2 0.34609375 0.18125 0.015625 0.025
2 0.3390625 0.190625 0.015625 0.0234375
2 0.3390625 0.14921875 0.015625 0.0234375
2 0.36015625 0.121875 0.015625 0.021875
2 0.35859375 0.1390625 0.0171875 0.021875
2 0.3625 0.15234375 0.015625 0.01875
2 0.35859375 0.16875 0.0171875 0.01875
2 0.36484375 0.18515625 0.015625 0.01875
2 0.371875 0.1703125 0.0125 0.021875
2 0.384375 0.1125 0.015625 0.021875
2 0.4171875 0.115625 0.015625 0.021875
2 0.403125 0.11171875 0.015625 0.0234375
2 0.3953125 0.15625 0.0140625 0.01875
2 0.4296875 0.12890625 0.0171875 0.0203125
2 0.41875 0.1390625 0.015625 0.01875
2 0.43359375 0.1453125 0.015625 0.0203125
2 0.42734375 0.15625 0.015625 0.021875
2 0.515625 0.1890625 0.015625 0.025
2 0.48515625 0.171875 0.015625 0.021875
2 0.4734375 0.16171875 0.0140625 0.025
2 0.459375 0.1640625 0.015625 0.021875
2 0.4546875 0.1515625 0.015625 0.021875
2 0.44296875 0.15859375 0.015625 0.021875
2 0.4484375 0.17578125 0.015625 0.01875
2 0.47890625 0.1875 0.015625 0.021875
2 0.4921875 0.19140625 0.015625 0.0203125
2 0.5046875 0.203125 0.015625 0.025
2 0.51015625 0.22109375 0.0171875 0.021875
2 0.49453125 0.21640625 0.015625 0.0203125
2 0.49765625 0.23203125 0.015625 0.0203125
2 0.5015625 0.25 0.015625 0.021875
2 0.50625 0.2640625 0.015625 0.021875
2 0.48515625 0.24453125 0.0140625 0.021875
2 0.47265625 0.23671875 0.0140625 0.021875
2 0.4890625 0.26484375 0.015625 0.021875
2 0.475 0.2578125 0.0140625 0.01875
2 0.49453125 0.2828125 0.015625 0.0203125
2 0.5015625 0.30078125 0.015625 0.021875
2 0.4890625 0.29765625 0.015625 0.0234375