0 0.44765625 0.46875 0.028125 0.0375
0 0.428125 0.48828125 0.03125 0.034375
0 0.428125 0.45390625 0.028125 0.040625
0 0.4296875 0.51796875 0.0328125 0.0359375
0 0.43046875 0.5515625 0.0328125 0.0375
0 0.42578125 0.58203125 0.03125 0.0421875
0 0.4171875 0.60859375 0.03125 0.034375
0 0.39609375 0.59765625 0.0296875 0.0375
0 0.40703125 0.57109375 0.025 0.034375
0 0.396875 0.6296875 0.028125 0.0328125
0 0.40859375 0.53671875 0.03125 0.040625
0 0.41015625 0.50703125 0.0296875 0.040625
0 0.40703125 0.46796875 0.034375 0.040625
0 0.3890625 0.48515625 0.0296875 0.040625
0 0.3875 0.51953125 0.028125 0.046875
0 0.384375 0.55078125 0.0265625 0.0390625
0 0.37578125 0.57734375 0.0265625 0.040625
0 0.37578125 0.61171875 0.028125 0.040625
0 0.3765625 0.64765625 0.028125 0.0359375
0 0.3578125 0.6625 0.0328125 0.040625
0 0.35703125 0.63046875 0.0296875 0.034375
0 0.35546875 0.5953125 0.03125 0.0390625
0 0.35703125 0.56328125 0.03125 0.040625
0 0.365625 0.53046875 0.0265625 0.034375
0 0.3671875 0.50078125 0.028125 0.04375
0 0.346875 0.515625 0.028125 0.046875
0 0.334375 0.540625 0.025 0.034375
0 0.334375 0.5765625 0.0265625 0.040625
0 0.33359375 0.6078125 0.028125 0.040625
0 0.33359375 0.6453125 0.028125 0.040625
0 0.33671875 0.678125 0.028125 0.040625
0 0.3109375 0.7296875 0.03125 0.040625
0 0.31640625 0.696875 0.028125 0.0390625
0 0.31640625 0.6625 0.025 0.0421875
0 0.3140625 0.6265625 0.028125 0.0390625
0 0.3140625 0.59453125 0.028125 0.040625
0 0.31328125 0.5625 0.028125 0.0359375
0 0.31328125 0.53046875 0.03125 0.0390625
0 0.29140625 0.7515625 0.028125 0.0359375
0 0.29140625 0.71875 0.0296875 0.0390625
0 0.29609375 0.68515625 0.028125 0.040625
0 0.29609375 0.65234375 0.034375 0.04375
0 0.29296875 0.615625 0.028125 0.040625
0 0.2921875 0.5828125 0.028125 0.040625
0 0.28984375 0.5515625 0.03125 0.0375
0 0.26875 0.7453125 0.0265625 0.0359375
0 0.26796875 0.71171875 0.028125 0.040625
0 0.271875 0.67265625 0.03125 0.046875
0 0.271875 0.640625 0.028125 0.040625
0 0.26875 0.60546875 0.03125 0.0421875
0 0.26796875 0.57578125 0.0296875 0.040625
0 0.24609375 0.59453125 0.0296875 0.040625
0 0.24921875 0.62890625 0.028125 0.040625
0 0.24921875 0.665625 0.03125 0.046875
0 0.2453125 0.69921875 0.028125 0.0390625
0 0.24296875 0.73125 0.028125 0.0421875
0 0.225 0.7203125 0.028125 0.040625
0 0.2234375 0.68359375 0.0296875 0.040625
0 0.22734375 0.6515625 0.028125 0.0421875
0 0.228125 0.61328125 0.03125 0.040625
0 0.20078125 0.66875 0.03125 0.0390625
0 0.203125 0.6375 0.028125 0.0421875
0 0.17890625 0.65625 0.028125 0.04375
2 0.21796875 0.83203125 0.028125 0.0390625
2 0.259375 0.821875 0.028125 0.040625
2 0.23828125 0.81328125 0.028125 0.0390625
2 0.21953125 0.79609375 0.03125 0.040625
2 0.19609375 0.78203125 0.028125 0.034375
2 0.21875 0.75859375 0.0234375 0.0359375
2 0.1984375 0.7453125 0.0296875 0.0375
2 0.19296875 0.709375 0.03125 0.0375
2 0.1734375 0.69453125 0.03125 0.034375
2 0.14609375 0.6453125 0.03125 0.0453125
2 0.16640625 0.6265625 0.028125 0.034375
2 0.1890625 0.60703125 0.0328125 0.0390625
2 0.2125 0.590625 0.03125 0.040625
2 0.234375 0.57734375 0.03125 0.040625
2 0.25234375 0.553125 0.028125 0.0359375
2 0.275 0.52734375 0.03125 0.040625
2 0.29609375 0.51015625 0.03125 0.040625
2 0.3171875 0.4953125 0.028125 0.0375
2 0.26484375 0.78984375 0.025 0.0359375
2 0.24140625 0.775 0.03125 0.0375
2 0.2859375 0.8015625 0.0328125 0.046875
2 0.3046875 0.778125 0.028125 0.034375
2 0.3265625 0.75390625 0.028125 0.040625
2 0.346875 0.7390625 0.028125 0.034375
2 0.36484375 0.721875 0.028125 0.0359375
2 0.346875 0.70390625 0.03125 0.0359375
2 0.38671875 0.70703125 0.028125 0.040625
2 0.36953125 0.68671875 0.028125 0.0390625
2 0.38984375 0.67109375 0.025 0.0375
2 0.409375 0.65546875 0.028125 0.040625
2 0.428125 0.6375 0.028125 0.0375
2 0.44921875 0.62421875 0.0328125 0.0375
2 0.46953125 0.6046875 0.0296875 0.0375
2 0.44921875 0.58828125 0.0265625 0.0375
2 0.47265625 0.571875 0.028125 0.0375
2 0.4515625 0.553125 0.028125 0.034375
2 0.46875 0.5359375 0.028125 0.0359375
2 0.49140625 0.55546875 0.028125 0.0390625
2 0.48828125 0.52578125 0.03125 0.0390625
2 0.51015625 0.5125 0.03125 0.040625
2 0.50234375 0.48046875 0.028125 0.0375
2 0.4828125 0.48828125 0.028125 0.034375
2 0.465625 0.50546875 0.028125 0.0421875
2 0.4796875 0.453125 0.025 0.0453125
2 0.50625 0.44609375 0.028125 0.0453125
2 0.4640625 0.43359375 0.028125 0.04375
2 0.4390625 0.421875 0.03125 0.040625
2 0.40078125 0.41484375 0.0328125 0.04375
2 0.37890625 0.43125 0.028125 0.04375
2 0.35546875 0.4515625 0.028125 0.040625
2 0.33828125 0.47109375 0.028125 0.034375