1 0.59609375 0.5640625 0.05078125 0.0328125
1 0.58203125 0.59296875 0.04140625 0.03046875
1 0.61015625 0.61875 0.0421875 0.03515625
1 0.6140625 0.64375 0.05234375 0.0359375
1 0.62734375 0.671875 0.0484375 0.03359375
0 0.6375 0.5796875 0.04140625 0.0296875
0 0.6265625 0.55234375 0.04375 0.034375
0 0.64765625 0.53046875 0.040625 0.0296875
0 0.628125 0.503125 0.04140625 0.03359375
0 0.61015625 0.52578125 0.0453125 0.03203125
0 0.55625 0.5015625 0.05 0.034375
0 0.5203125 0.50625 0.03828125 0.03359375
0 0.5296875 0.5328125 0.0421875 0.0296875
0 0.5671875 0.52890625 0.04375 0.0296875
0 0.459375 0.53359375 0.04609375 0.034375
0 0.49296875 0.54375 0.04453125 0.03125
0 0.4421875 0.56171875 0.034375 0.03515625
0 0.47890625 0.5671875 0.04140625 0.03203125
0 0.50234375 0.5890625 0.04375 0.03359375
0 0.515625 0.559375 0.03984375 0.03359375
0 0.53671875 0.58046875 0.03984375 0.034375
0 0.55 0.55 0.04453125 0.034375
0 0.5296875 0.6109375 0.040625 0.03515625
0 0.5609375 0.62265625 0.03984375 0.034375
0 0.5328125 0.64140625 0.04609375 0.03515625
0 0.56328125 0.65625 0.04921875 0.03359375
0 0.559375 0.68359375 0.04375 0.0390625
0 0.59609375 0.69140625 0.04453125 0.0328125
0 0.5890625 0.72109375 0.05625 0.034375
0 0.62890625 0.715625 0.053125 0.03828125
0 0.6609375 0.69609375 0.0484375 0.03203125
0 0.66953125 0.728125 0.0421875 0.03828125
0 0.6671875 0.6734375 0.040625 0.034375
0 0.6625 0.64375 0.0453125 0.0359375
2 0.38671875 0.5765625 0.0484375 0.03125
2 0.421875 0.5265625 0.04140625 0.03359375
2 0.40703125 0.55546875 0.04375 0.03125
2 0.4265625 0.58046875 0.04453125 0.0328125
2 0.43515625 0.496875 0.0421875 0.034375
2 0.46171875 0.5140625 0.03984375 0.0265625
2 0.475 0.48828125 0.040625 0.03125
2 0.52890625 0.46015625 0.04453125 0.0328125
2 0.5140625 0.48125 0.03828125 0.02578125
2 0.553125 0.47734375 0.04453125 0.03125
2 0.6859375 0.52890625 0.0359375 0.03203125
2 0.65390625 0.55 0.04140625 0.02890625
2 0.66796875 0.57109375 0.040625 0.03203125
2 0.4484375 0.6046875 0.04921875 0.0375
2 0.47578125 0.621875 0.04453125 0.0359375
2 0.509375 0.65703125 0.04609375 0.034375
2 0.51171875 0.6875 0.05 0.03984375
2 0.7234375 0.68046875 0.05078125 0.04375
2 0.53671875 0.734375 0.0484375 0.03828125
2 0.57109375 0.7671875 0.05 0.03984375
2 0.57109375 0.7390625 0.0421875 0.03359375
2 0.6125 0.75625 0.05078125 0.03828125
2 0.60859375 0.790625 0.05703125 0.0375
2 0.6421875 0.77265625 0.04765625 0.04453125
2 0.6796875 0.7578125 0.0484375 0.03515625
2 0.68125 0.7953125 0.0578125 0.0375
2 0.7125 0.77890625 0.0546875 0.034375
2 0.7203125 0.74765625 0.0546875 0.0375
2 0.721875 0.71640625 0.05234375 0.03671875