0 0.63046875 0.73828125 0.0265625 0.021875
0 0.44609375 0.621875 0.0234375 0.01875
0 0.70234375 0.60390625 0.025 0.01875
0 0.53515625 0.55703125 0.021875 0.01875
2 0.71015625 0.6578125 0.03125 0.021875
2 0.76875 0.68828125 0.0328125 0.0234375
2 0.71640625 0.71328125 0.025 0.0203125
2 0.71328125 0.6921875 0.0265625 0.01875
2 0.67734375 0.68203125 0.025 0.01875
2 0.6984375 0.6734375 0.025 0.0203125
2 0.6421875 0.775 0.028125 0.021875
2 0.5921875 0.590625 0.025 0.01875
0 0.6671875 0.56953125 0.025 0.01875
2 0.60390625 0.625 0.025 0.01875
2 0.5875 0.7046875 0.0265625 0.0203125
2 0.5921875 0.7453125 0.028125 0.021875
2 0.65078125 0.71015625 0.0265625 0.01875
2 0.68203125 0.5421875 0.0234375 0.01875
0 0.6515625 0.6015625 0.025 0.01875
2 0.46328125 0.715625 0.021875 0.0203125
0 0.6296875 0.67109375 0.025 0.01875
2 0.6984375 0.5546875 0.0265625 0.01875
2 0.653125 0.675 0.025 0.0203125
2 0.65703125 0.65625 0.025 0.01875
2 0.61953125 0.6859375 0.025 0.01875
2 0.5984375 0.72421875 0.028125 0.021875
2 0.6484375 0.63671875 0.025 0.0203125
2 0.390625 0.5921875 0.025 0.01875
2 0.6109375 0.603125 0.0265625 0.01875
2 0.5578125 0.55703125 0.025 0.01875
0 0.40703125 0.575 0.025 0.01875
2 0.6125 0.70625 0.025 0.021875
0 0.51328125 0.53671875 0.021875 0.01875
2 0.65 0.73515625 0.025 0.021875
0 0.4953125 0.52265625 0.025 0.01875
2 0.62734375 0.62421875 0.0265625 0.01875
0 0.61640625 0.6484375 0.025 0.01875
2 0.68984375 0.5734375 0.0265625 0.01875
2 0.71640625 0.540625 0.025 0.01875
0 0.63125 0.7203125 0.0265625 0.0203125
2 0.6078125 0.6640625 0.025 0.01875
2 0.6515625 0.796875 0.025 0.01875
2 0.46171875 0.58828125 0.021875 0.01875
2 0.57578125 0.72421875 0.025 0.021875
2 0.4390625 0.6953125 0.025 0.01875
2 0.58515625 0.68125 0.025 0.01875
2 0.44296875 0.603125 0.025 0.01875
2 0.62578125 0.54609375 0.0296875 0.021875
2 0.53359375 0.709375 0.025 0.021875
2 0.3984375 0.6140625 0.0234375 0.0203125
2 0.615625 0.759375 0.025 0.0203125
2 0.640625 0.753125 0.028125 0.01875
2 0.4078125 0.5984375 0.025 0.01875
2 0.5984375 0.54375 0.0234375 0.01875
2 0.7015625 0.52734375 0.025 0.01875
0 0.54453125 0.52421875 0.025 0.01875
2 0.4125 0.55703125 0.025 0.01875
2 0.63671875 0.65390625 0.025 0.01875
2 0.47578125 0.62734375 0.025 0.021875
2 0.59453125 0.5578125 0.025 0.01875
2 0.5484375 0.53984375 0.025 0.01875
2 0.434375 0.6171875 0.021875 0.01875
2 0.71015625 0.5828125 0.021875 0.0140625
2 0.5109375 0.8359375 0.0265625 0.021875
2 0.46171875 0.615625 0.025 0.01875
0 0.46484375 0.496875 0.03125 0.0203125
2 0.48046875 0.47734375 0.021875 0.015625
0 0.70859375 0.62421875 0.028125 0.01875
2 0.671875 0.60859375 0.0265625 0.01875
2 0.6859375 0.59453125 0.01875 0.015625
2 0.65078125 0.6203125 0.028125 0.0203125
2 0.63203125 0.565625 0.0265625 0.021875
2 0.63828125 0.5875 0.028125 0.0171875
0 0.66484375 0.5875 0.028125 0.01875
0 0.609375 0.56953125 0.028125 0.021875
2 0.465625 0.5140625 0.028125 0.01875