2 0.72734375 0.72421875 0.0703125 0.053125
2 0.4703125 0.3703125 0.046875 0.03125
2 0.49921875 0.37734375 0.034375 0.0296875
2 0.4921875 0.3953125 0.0390625 0.03125
2 0.471875 0.48671875 0.040625 0.0296875
2 0.49453125 0.5046875 0.040625 0.028125
2 0.465625 0.51484375 0.040625 0.025
2 0.44375 0.53125 0.04375 0.028125
2 0.45625 0.553125 0.0390625 0.0296875
2 0.440625 0.578125 0.0375 0.028125
2 0.4265625 0.60546875 0.04375 0.0328125
2 0.40390625 0.5875 0.040625 0.0328125
2 0.36640625 0.58984375 0.04375 0.028125
2 0.33671875 0.571875 0.04375 0.0265625
2 0.3296875 0.596875 0.0390625 0.03125
2 0.296875 0.609375 0.05 0.034375
2 0.29921875 0.5875 0.0375 0.028125
2 0.27421875 0.56171875 0.04375 0.028125
2 0.3078125 0.56171875 0.04375 0.028125
2 0.29765625 0.5453125 0.034375 0.03125
2 0.28046875 0.5296875 0.046875 0.0296875
2 0.26484375 0.50625 0.04375 0.03125
2 0.29609375 0.48828125 0.0375 0.028125
2 0.3078125 0.5078125 0.040625 0.034375
2 0.3359375 0.5234375 0.0375 0.034375
2 0.359375 0.5390625 0.040625 0.0296875
2 0.37421875 0.56015625 0.046875 0.03125
2 0.41328125 0.55859375 0.04375 0.034375
2 0.396875 0.53671875 0.0359375 0.028125
2 0.375 0.52109375 0.04375 0.028125
2 0.35 0.503125 0.040625 0.025
2 0.334375 0.48125 0.034375 0.0296875
2 0.36328125 0.46328125 0.0390625 0.028125
2 0.39453125 0.4703125 0.034375 0.028125
2 0.4265625 0.47578125 0.028125 0.028125
2 0.44140625 0.4984375 0.0375 0.025
0 0.4078125 0.49609375 0.040625 0.03125
0 0.36953125 0.4875 0.0375 0.025