0 0.42265625 0.63125 0.0375 0.034375
0 0.45546875 0.63203125 0.0375 0.028125
0 0.41015625 0.6578125 0.040625 0.0296875
0 0.44140625 0.66953125 0.0375 0.0328125
0 0.4046875 0.5984375 0.046875 0.034375
0 0.3953125 0.54453125 0.04375 0.0375
2 0.4515625 0.59453125 0.040625 0.0296875
2 0.48046875 0.5828125 0.04375 0.03125
2 0.428125 0.5734375 0.0375 0.028125
2 0.43671875 0.54375 0.0375 0.0375
2 0.31640625 0.53984375 0.0375 0.03125
2 0.28125 0.54296875 0.04375 0.0359375
2 0.4015625 0.51640625 0.046875 0.03125
2 0.37890625 0.57421875 0.046875 0.028125
2 0.37109375 0.60546875 0.046875 0.0390625
2 0.37421875 0.65234375 0.04375 0.0375
2 0.39609375 0.62734375 0.034375 0.03125
2 0.4015625 0.68125 0.040625 0.034375
2 0.42421875 0.7078125 0.04375 0.034375
2 0.45078125 0.728125 0.04375 0.0375
2 0.48671875 0.72421875 0.04375 0.034375
2 0.51328125 0.69609375 0.040625 0.0375
2 0.47265625 0.69453125 0.053125 0.034375
2 0.49375 0.66796875 0.034375 0.0359375
2 0.50234375 0.640625 0.0375 0.03125
2 0.53515625 0.634375 0.04375 0.04375
2 0.5265625 0.66875 0.040625 0.034375
2 0.528125 0.7265625 0.04375 0.03125
2 0.46953125 0.74921875 0.046875 0.0328125
2 0.50546875 0.7515625 0.034375 0.0328125
2 0.484375 0.77890625 0.05625 0.0296875