1 0.65859375 0.3546875 0.0234375 0.0390625
1 0.6375 0.35703125 0.025 0.040625
0 0.59140625 0.37578125 0.025 0.0359375
0 0.60703125 0.35859375 0.0234375 0.034375
0 0.6140625 0.384375 0.021875 0.034375
0 0.603125 0.40625 0.025 0.03125
0 0.62578125 0.41640625 0.028125 0.034375
0 0.63515625 0.390625 0.0234375 0.03125
0 0.65703125 0.390625 0.025 0.0359375
0 0.65234375 0.42109375 0.021875 0.0296875
0 0.67265625 0.41875 0.028125 0.0328125
0 0.67890625 0.38984375 0.0234375 0.03125
0 0.70078125 0.384375 0.0265625 0.0375
0 0.696875 0.4140625 0.025 0.03125
0 0.6953125 0.359375 0.025 0.0375
0 0.6796875 0.33828125 0.0265625 0.03125
0 0.66796875 0.309375 0.0234375 0.0390625
0 0.64609375 0.31015625 0.028125 0.034375
0 0.63125 0.3328125 0.028125 0.025
2 0.62421875 0.27578125 0.0296875 0.0390625
2 0.6171875 0.30390625 0.028125 0.03125
2 0.60703125 0.3265625 0.025 0.028125
2 0.57578125 0.3609375 0.025 0.0328125
2 0.57734375 0.3921875 0.025 0.03125
2 0.55546875 0.38359375 0.025 0.034375
2 0.54609375 0.40703125 0.0234375 0.028125
2 0.53515625 0.384375 0.025 0.040625
2 0.5125 0.38359375 0.028125 0.0375
2 0.65078125 0.271875 0.025 0.0390625
2 0.6734375 0.265625 0.025 0.0359375
2 0.68828125 0.28984375 0.025 0.034375
2 0.6984375 0.3125 0.025 0.034375
2 0.71328125 0.33359375 0.028125 0.0375
2 0.7296875 0.3578125 0.021875 0.03125
2 0.73359375 0.384375 0.028125 0.03125
2 0.7359375 0.415625 0.028125 0.034375
2 0.70390625 0.4453125 0.021875 0.0390625
2 0.68125 0.44921875 0.028125 0.040625
2 0.65546875 0.45078125 0.025 0.0375
2 0.6328125 0.45 0.025 0.034375
2 0.609375 0.45078125 0.0265625 0.0375
2 0.59453125 0.42734375 0.025 0.03125
2 0.57890625 0.44296875 0.0265625 0.0328125
2 0.5703125 0.41796875 0.025 0.03125
2 0.30546875 0.45078125 0.028125 0.034375
2 0.31796875 0.47890625 0.025 0.0296875
2 0.33046875 0.45234375 0.021875 0.028125
2 0.34921875 0.4515625 0.025 0.034375
2 0.33828125 0.48125 0.025 0.03125
2 0.32734375 0.50703125 0.0265625 0.03125
2 0.3421875 0.52421875 0.025 0.03125
2 0.40546875 0.51328125 0.034375 0.03125
2 0.39765625 0.53984375 0.025 0.028125
2 0.4140625 0.5359375 0.0265625 0.03125
2 0.41328125 0.56484375 0.03125 0.034375
2 0.39375 0.5734375 0.021875 0.0296875
2 0.434375 0.559375 0.0265625 0.03125
2 0.44609375 0.58359375 0.025 0.03125
2 0.42578125 0.58984375 0.028125 0.028125