2 0.47265625 0.66875 0.028125 0.0265625
2 0.44375 0.66953125 0.03125 0.028125
2 0.4125 0.66953125 0.03125 0.028125
2 0.4296875 0.6515625 0.03125 0.025
2 0.40859375 0.6375 0.0328125 0.028125
2 0.42109375 0.6203125 0.028125 0.025
2 0.4390625 0.6328125 0.025 0.021875
2 0.4578125 0.64921875 0.021875 0.021875
2 0.484375 0.6515625 0.03125 0.021875
2 0.46875 0.6328125 0.03125 0.025
2 0.4515625 0.615625 0.028125 0.021875
2 0.4359375 0.6 0.0296875 0.025
2 0.41484375 0.58671875 0.03125 0.021875
2 0.44453125 0.58203125 0.028125 0.021875
2 0.42578125 0.56796875 0.03125 0.025
2 0.40703125 0.55234375 0.028125 0.028125
2 0.40078125 0.52265625 0.0328125 0.028125
2 0.42109375 0.5328125 0.025 0.021875
2 0.4328125 0.54921875 0.03125 0.025
2 0.453125 0.565625 0.028125 0.025
2 0.47265625 0.58203125 0.025 0.01875
2 0.4625 0.59765625 0.0296875 0.021875
2 0.4765625 0.61328125 0.03125 0.025
2 0.49609375 0.63046875 0.0265625 0.025
2 0.50625 0.615625 0.0296875 0.028125
2 0.5234375 0.6015625 0.028125 0.025
2 0.490625 0.596875 0.0328125 0.028125
2 0.50703125 0.584375 0.028125 0.025
2 0.53671875 0.58515625 0.0265625 0.0234375
2 0.51875 0.565625 0.028125 0.0265625
2 0.4890625 0.56875 0.028125 0.021875
2 0.4703125 0.55390625 0.028125 0.025
2 0.4515625 0.5390625 0.028125 0.0265625
2 0.415625 0.50546875 0.034375 0.021875
2 0.42890625 0.48671875 0.03125 0.025
2 0.45078125 0.4734375 0.028125 0.028125
2 0.4796875 0.47265625 0.028125 0.028125
2 0.46015625 0.51484375 0.025 0.028125
2 0.478125 0.50390625 0.025 0.021875
2 0.50625 0.47578125 0.025 0.0265625
2 0.50390625 0.503125 0.028125 0.0234375
2 0.52421875 0.48984375 0.025 0.028125
2 0.54765625 0.50546875 0.028125 0.01875
2 0.54921875 0.4890625 0.0265625 0.021875
2 0.5796875 0.48671875 0.028125 0.0265625
2 0.56875 0.5046875 0.0265625 0.0203125
2 0.525 0.5203125 0.028125 0.0234375
2 0.49765625 0.52109375 0.028125 0.021875
2 0.48046875 0.53359375 0.028125 0.021875
2 0.49765625 0.5453125 0.025 0.021875
2 0.51484375 0.53828125 0.025 0.021875
2 0.53671875 0.5515625 0.025 0.021875
2 0.54609375 0.5328125 0.025 0.025
2 0.5609375 0.5203125 0.0265625 0.021875
2 0.57265625 0.53671875 0.028125 0.0234375
2 0.56484375 0.5546875 0.025 0.025
2 0.54921875 0.57109375 0.03125 0.025
2 0.5796875 0.57578125 0.028125 0.028125
2 0.59140625 0.55703125 0.025 0.028125
2 0.60234375 0.53828125 0.025 0.0234375
2 0.615625 0.51875 0.025 0.025
2 0.62265625 0.50078125 0.025 0.025
2 0.59375 0.50234375 0.03125 0.021875
2 0.58984375 0.5203125 0.03125 0.021875
2 0.43046875 0.51953125 0.0359375 0.021875
2 0.446875 0.50078125 0.0296875 0.0234375