0 0.6296875 0.4875 0.03125 0.0484375
0 0.603125 0.49375 0.028125 0.046875
0 0.61640625 0.5265625 0.0328125 0.04375
0 0.59609375 0.5484375 0.034375 0.046875
0 0.5953125 0.590625 0.0359375 0.04375
0 0.58125 0.5203125 0.03125 0.040625
0 0.59453125 0.45078125 0.03125 0.0453125
0 0.5859375 0.41640625 0.03125 0.0359375
0 0.56953125 0.44609375 0.034375 0.046875
0 0.57578125 0.47890625 0.034375 0.04375
0 0.54609375 0.4359375 0.034375 0.04375
0 0.5515625 0.47265625 0.034375 0.05
0 0.55859375 0.51484375 0.034375 0.0421875
0 0.56953125 0.55390625 0.034375 0.0453125
0 0.5421875 0.54921875 0.0359375 0.05
0 0.54609375 0.59375 0.034375 0.0421875
0 0.5234375 0.48515625 0.0296875 0.04375
0 0.5328125 0.5234375 0.028125 0.0484375
0 0.51796875 0.45 0.03125 0.0421875
0 0.48984375 0.45 0.028125 0.046875
0 0.49921875 0.48515625 0.034375 0.05
0 0.51171875 0.54140625 0.03125 0.046875
0 0.52109375 0.57890625 0.034375 0.0484375
0 0.52109375 0.61640625 0.03125 0.0484375
0 0.49609375 0.6328125 0.034375 0.05
0 0.49453125 0.5875 0.03125 0.0484375
0 0.48984375 0.525 0.028125 0.0484375
0 0.47578125 0.55703125 0.03125 0.0453125
0 0.4609375 0.5890625 0.03125 0.046875
0 0.4734375 0.61640625 0.028125 0.05
0 0.44921875 0.64140625 0.0359375 0.046875
0 0.45859375 0.41796875 0.034375 0.0390625
0 0.46328125 0.45 0.034375 0.04375
0 0.43828125 0.44375 0.034375 0.0375
0 0.4734375 0.48828125 0.03125 0.0421875
0 0.44765625 0.490625 0.0328125 0.040625
0 0.46171875 0.5265625 0.03125 0.04375
0 0.4375 0.5234375 0.034375 0.04375
0 0.4484375 0.55703125 0.03125 0.0375
0 0.42109375 0.56328125 0.034375 0.0375
0 0.43515625 0.59453125 0.03125 0.04375
0 0.40703125 0.59765625 0.03125 0.04375
0 0.421875 0.6296875 0.034375 0.04375
0 0.40546875 0.6640625 0.03125 0.04375
0 0.3921875 0.6296875 0.03125 0.046875
0 0.3796875 0.6 0.0296875 0.0484375
0 0.39453125 0.559375 0.03125 0.046875
0 0.40703125 0.525 0.028125 0.046875
0 0.421875 0.48203125 0.034375 0.0453125
0 0.39921875 0.4546875 0.0328125 0.040625
0 0.396875 0.48984375 0.03125 0.04375
0 0.371875 0.45078125 0.03125 0.0484375
0 0.3734375 0.48671875 0.0328125 0.046875
0 0.35 0.478125 0.0328125 0.0453125
0 0.37890625 0.528125 0.03125 0.046875
0 0.35390625 0.521875 0.028125 0.0453125
0 0.36875 0.5640625 0.034375 0.040625
0 0.34140625 0.55390625 0.03125 0.05
0 0.33046875 0.521875 0.03125 0.04375
0 0.31796875 0.55078125 0.03125 0.05
0 0.3265625 0.5890625 0.03125 0.046875
0 0.35078125 0.59609375 0.034375 0.0421875
0 0.3640625 0.62265625 0.0296875 0.0421875
0 0.375 0.65859375 0.0359375 0.05
0 0.3359375 0.62109375 0.0359375 0.05
0 0.34453125 0.6578125 0.03125 0.04375
2 0.65390625 0.4234375 0.034375 0.0453125
2 0.66328125 0.45859375 0.03125 0.04375
2 0.6234375 0.425 0.0359375 0.053125
2 0.61484375 0.39140625 0.028125 0.04375
2 0.61328125 0.35078125 0.0359375 0.0453125
2 0.58671875 0.35546875 0.03125 0.0421875
2 0.58828125 0.38828125 0.034375 0.040625
2 0.5625 0.38203125 0.03125 0.05
2 0.540625 0.378125 0.03125 0.04375
2 0.51171875 0.3671875 0.0359375 0.0375
2 0.51640625 0.40390625 0.03125 0.0421875
2 0.49453125 0.4015625 0.03125 0.040625
2 0.48671875 0.35390625 0.03125 0.05
2 0.45546875 0.35546875 0.0375 0.04375
2 0.4390625 0.38671875 0.03125 0.04375
2 0.465625 0.38984375 0.028125 0.040625
2 0.41328125 0.37109375 0.03125 0.0453125
2 0.415625 0.41015625 0.0328125 0.040625
2 0.39140625 0.39609375 0.0328125 0.0453125
2 0.3625 0.39296875 0.0375 0.053125
2 0.34609375 0.41953125 0.0296875 0.040625
2 0.3203125 0.415625 0.0375 0.05
2 0.32734375 0.45234375 0.034375 0.0375
2 0.3109375 0.4796875 0.0328125 0.0484375
2 0.32109375 0.66328125 0.0328125 0.04375
2 0.32578125 0.69921875 0.03125 0.040625
2 0.30078125 0.6921875 0.03125 0.040625
2 0.2921875 0.73125 0.034375 0.05625
2 0.3484375 0.709375 0.034375 0.05
2 0.38515625 0.715625 0.0359375 0.046875
2 0.425 0.6828125 0.03125 0.04375
2 0.4484375 0.7046875 0.034375 0.0453125
2 0.4640625 0.67578125 0.0328125 0.0453125
2 0.63046875 0.57578125 0.03125 0.0421875
2 0.6125 0.6171875 0.0359375 0.0375
2 0.56484375 0.634375 0.028125 0.040625
2 0.54609375 0.65859375 0.03125 0.0546875
2 0.52421875 0.64921875 0.03125 0.04375
2 0.4984375 0.6640625 0.03125 0.046875
2 0.63203125 0.540625 0.0375 0.0421875