1 0.4328125 0.3765625 0.0375 0.0578125
1 0.40078125 0.3921875 0.034375 0.046875
1 0.37109375 0.3609375 0.040625 0.0484375
1 0.34296875 0.35625 0.040625 0.059375
1 0.3109375 0.34140625 0.0375 0.0546875
0 0.415625 0.3296875 0.034375 0.046875
0 0.44609375 0.34140625 0.0390625 0.05
0 0.47109375 0.31796875 0.034375 0.046875
0 0.50234375 0.340625 0.0375 0.046875
0 0.4765625 0.36015625 0.0359375 0.0515625
0 0.50390625 0.421875 0.0390625 0.05625
0 0.4984375 0.4625 0.0375 0.04375
0 0.46796875 0.4515625 0.034375 0.0484375
0 0.47265625 0.409375 0.034375 0.05
0 0.4671875 0.53125 0.0375 0.053125
0 0.45546875 0.49296875 0.034375 0.05
0 0.43515625 0.55078125 0.040625 0.0390625
0 0.42890625 0.50859375 0.0359375 0.046875
0 0.4046875 0.4828125 0.0375 0.05
0 0.43828125 0.4671875 0.0375 0.04375
0 0.41484375 0.44296875 0.0375 0.04375
0 0.44921875 0.42890625 0.0375 0.05
0 0.3796875 0.4515625 0.040625 0.046875
0 0.3671875 0.415625 0.0390625 0.04375
0 0.3453125 0.4484375 0.040625 0.053125
0 0.328125 0.4140625 0.0375 0.05625
0 0.296875 0.41796875 0.04375 0.05
0 0.28828125 0.37578125 0.0375 0.05
0 0.2546875 0.38515625 0.0375 0.0625
0 0.26171875 0.3390625 0.04375 0.059375
0 0.2828125 0.303125 0.0359375 0.0546875
0 0.24765625 0.29296875 0.04375 0.0484375
0 0.309375 0.29609375 0.0375 0.046875
0 0.34296875 0.3015625 0.040625 0.0515625
2 0.41875 0.61328125 0.034375 0.0546875
2 0.475 0.5734375 0.0375 0.046875
2 0.44296875 0.590625 0.034375 0.05
2 0.4140625 0.56875 0.0375 0.05
2 0.50859375 0.55859375 0.0390625 0.0484375
2 0.4890625 0.52890625 0.03125 0.04375
2 0.51875 0.5140625 0.034375 0.046875
2 0.55078125 0.45234375 0.0375 0.05
2 0.5265625 0.46875 0.0296875 0.04375
2 0.53125 0.425 0.034375 0.05
2 0.47265625 0.275 0.0359375 0.040625
2 0.4484375 0.3109375 0.0328125 0.046875
2 0.425 0.2953125 0.0359375 0.046875
2 0.38671875 0.54375 0.04375 0.05625
2 0.36796875 0.5125 0.040625 0.05
2 0.328125 0.47421875 0.0375 0.053125
2 0.29375 0.471875 0.0453125 0.05625
2 0.3015625 0.23203125 0.05 0.0578125
2 0.23984375 0.44375 0.04375 0.0546875
2 0.20234375 0.4046875 0.0453125 0.05625
2 0.23515625 0.4046875 0.0375 0.0484375
2 0.215625 0.3578125 0.04375 0.0578125
2 0.1765625 0.3625 0.04375 0.065625
2 0.196875 0.32421875 0.05 0.053125
2 0.2140625 0.28203125 0.040625 0.0546875
2 0.17109375 0.2796875 0.04375 0.065625
2 0.1890625 0.24453125 0.0375 0.0625
2 0.225 0.2359375 0.04375 0.0625
2 0.2609375 0.23359375 0.0421875 0.059375