1 0.4921875 0.575 0.034375 0.0234375
1 0.496875 0.59609375 0.0296875 0.021875
1 0.51953125 0.584375 0.028125 0.021875
1 0.53203125 0.6015625 0.03125 0.021875
1 0.54375 0.58046875 0.0296875 0.021875
1 0.55390625 0.56484375 0.0296875 0.025
1 0.57890625 0.56484375 0.028125 0.025
1 0.56796875 0.5828125 0.0328125 0.01875
1 0.5546875 0.603125 0.03125 0.021875
1 0.5796875 0.60078125 0.025 0.021875
1 0.60625 0.60234375 0.03125 0.021875
1 0.6 0.58046875 0.028125 0.025
1 0.6203125 0.5828125 0.0296875 0.025
1 0.6484375 0.590625 0.028125 0.0265625
1 0.6703125 0.6 0.03125 0.025
1 0.6515625 0.61640625 0.0359375 0.025
1 0.7046875 0.6 0.034375 0.028125
0 0.66328125 0.5484375 0.034375 0.025
0 0.69765625 0.5578125 0.034375 0.028125
0 0.69296875 0.58046875 0.03125 0.025
0 0.72109375 0.575 0.034375 0.025
0 0.728125 0.596875 0.028125 0.0265625
0 0.67421875 0.56640625 0.0328125 0.0234375
0 0.6453125 0.5640625 0.034375 0.021875
0 0.634375 0.546875 0.034375 0.021875
0 0.60703125 0.5421875 0.040625 0.021875
0 0.61796875 0.5609375 0.03125 0.0234375
0 0.58046875 0.54375 0.028125 0.0234375
0 0.55625 0.5421875 0.028125 0.025
0 0.53359375 0.54296875 0.03125 0.025
0 0.5015625 0.54140625 0.0296875 0.021875
0 0.51484375 0.5578125 0.025 0.025
0 0.48828125 0.553125 0.028125 0.021875
0 0.4609375 0.5515625 0.03125 0.025
0 0.440625 0.56640625 0.034375 0.021875
0 0.453125 0.5828125 0.03125 0.0265625
0 0.46796875 0.596875 0.028125 0.0234375
0 0.45078125 0.61484375 0.03125 0.025
0 0.478125 0.61328125 0.0328125 0.025
0 0.50546875 0.621875 0.0375 0.028125
0 0.5375 0.62890625 0.03125 0.03125
0 0.56328125 0.6296875 0.0328125 0.025
0 0.575 0.64765625 0.03125 0.021875
0 0.59453125 0.634375 0.0328125 0.025
0 0.60703125 0.65 0.034375 0.0265625
0 0.61796875 0.6328125 0.03125 0.028125
0 0.640625 0.65234375 0.034375 0.0265625
0 0.671875 0.63359375 0.03125 0.0265625
0 0.69296875 0.6375 0.03125 0.028125
0 0.72109375 0.64453125 0.0375 0.0265625
0 0.71484375 0.6203125 0.034375 0.0265625
0 0.73828125 0.61953125 0.03125 0.025
0 0.74609375 0.64375 0.0296875 0.0265625
0 0.7640625 0.62578125 0.034375 0.025
0 0.7546875 0.60234375 0.0328125 0.03125
0 0.775 0.5828125 0.0328125 0.028125
0 0.8015625 0.58984375 0.034375 0.028125
0 0.82890625 0.59453125 0.0296875 0.025
0 0.8546875 0.60234375 0.0375 0.028125
0 0.78046875 0.60703125 0.0296875 0.028125
0 0.80390625 0.61171875 0.034375 0.0296875
0 0.8328125 0.61484375 0.0375 0.025
0 0.8515625 0.63125 0.0390625 0.028125
0 0.82109375 0.63671875 0.0359375 0.025
0 0.7921875 0.63203125 0.0375 0.0296875
0 0.775 0.6484375 0.0375 0.028125
2 0.5140625 0.5109375 0.0328125 0.028125
2 0.540625 0.51171875 0.028125 0.025
2 0.56484375 0.509375 0.0296875 0.025
2 0.58125 0.52421875 0.028125 0.021875
2 0.6046875 0.5265625 0.028125 0.021875
2 0.63046875 0.52734375 0.0328125 0.0234375
2 0.6578125 0.52734375 0.03125 0.0265625
2 0.68046875 0.53125 0.03125 0.025
2 0.70703125 0.5234375 0.03125 0.025
2 0.70390625 0.5421875 0.028125 0.025
2 0.72890625 0.5484375 0.034375 0.0265625
2 0.753125 0.54921875 0.034375 0.03125
2 0.78359375 0.55546875 0.034375 0.028125
2 0.81171875 0.559375 0.03125 0.03125
2 0.83515625 0.56875 0.034375 0.028125
2 0.86015625 0.5765625 0.034375 0.0265625
2 0.48671875 0.51640625 0.03125 0.025
2 0.46015625 0.51875 0.028125 0.025
2 0.478125 0.534375 0.0296875 0.025
2 0.4328125 0.51953125 0.034375 0.021875
2 0.44765625 0.53671875 0.028125 0.021875
2 0.421875 0.53984375 0.034375 0.0234375
2 0.409375 0.55390625 0.028125 0.0234375
2 0.41796875 0.56875 0.028125 0.021875
2 0.39921875 0.584375 0.0296875 0.021875
2 0.4171875 0.59375 0.034375 0.025
2 0.4015625 0.61171875 0.028125 0.025
2 0.4265625 0.609375 0.0296875 0.025
2 0.47265625 0.63359375 0.034375 0.025
2 0.534375 0.6546875 0.034375 0.028125
2 0.6640625 0.66875 0.034375 0.0265625
2 0.69296875 0.67265625 0.034375 0.0328125
2 0.7484375 0.67265625 0.040625 0.03125
2 0.8046875 0.66640625 0.028125 0.0265625
2 0.834375 0.66875 0.0328125 0.0265625
2 0.8578125 0.66953125 0.0328125 0.0265625
2 0.8890625 0.671875 0.0375 0.0265625
2 0.8703125 0.65 0.028125 0.025
2 0.903125 0.653125 0.034375 0.0234375
2 0.890625 0.634375 0.0375 0.025
2 0.90625 0.615625 0.034375 0.028125
2 0.878125 0.615625 0.028125 0.025
2 0.89296875 0.5953125 0.0296875 0.025
2 0.921875 0.6375 0.03125 0.025
2 0.92890625 0.65625 0.028125 0.0265625
2 0.846875 0.64921875 0.0296875 0.025