0 0.69296875 0.61328125 0.015625 0.0203125
0 0.6953125 0.5984375 0.0140625 0.01875
0 0.67890625 0.62109375 0.015625 0.0203125
0 0.68125 0.60625 0.015625 0.01875
0 0.68359375 0.5890625 0.0171875 0.0203125
0 0.6671875 0.6125 0.0125 0.0203125
0 0.66796875 0.62890625 0.0125 0.01875
0 0.65625 0.6359375 0.015625 0.01875
0 0.65625 0.6171875 0.015625 0.0203125
0 0.6578125 0.60234375 0.0140625 0.0203125
0 0.66953125 0.59609375 0.015625 0.01875
0 0.67421875 0.578125 0.0125 0.01875
0 0.675 0.5640625 0.0171875 0.021875
0 0.66328125 0.56796875 0.0140625 0.01875
0 0.66171875 0.584375 0.015625 0.0203125
0 0.64921875 0.5890625 0.015625 0.01875
0 0.646875 0.60390625 0.0140625 0.0203125
0 0.646875 0.62109375 0.015625 0.021875
0 0.63515625 0.6125 0.015625 0.021875
0 0.63671875 0.5953125 0.0125 0.01875
0 0.6390625 0.578125 0.0140625 0.0203125
0 0.64921875 0.57265625 0.015625 0.0203125
0 0.65234375 0.55625 0.0171875 0.021875
0 0.6390625 0.5609375 0.0140625 0.021875
0 0.6296875 0.56640625 0.0140625 0.021875
0 0.62578125 0.58203125 0.0125 0.0203125
0 0.625 0.60078125 0.0125 0.0234375
0 0.61328125 0.603125 0.015625 0.021875
0 0.6140625 0.584375 0.0140625 0.021875
0 0.609375 0.56953125 0.0140625 0.0203125
0 0.59765625 0.57265625 0.015625 0.021875
0 0.6015625 0.590625 0.0140625 0.01875
0 0.60078125 0.60703125 0.0140625 0.021875
0 0.5890625 0.61875 0.015625 0.021875
0 0.58984375 0.60234375 0.015625 0.021875
0 0.590625 0.58671875 0.0125 0.01875
0 0.57734375 0.596875 0.015625 0.021875
0 0.5765625 0.6125 0.015625 0.021875
0 0.57421875 0.62890625 0.015625 0.0203125
0 0.56328125 0.61875 0.0140625 0.01875
0 0.56015625 0.63359375 0.0140625 0.01875
0 0.56875 0.64375 0.0125 0.01875
0 0.571875 0.69375 0.0125 0.01875
0 0.5796875 0.68203125 0.0140625 0.021875
0 0.58203125 0.70234375 0.0125 0.01875
0 0.5921875 0.7109375 0.015625 0.01875
2 0.72265625 0.64453125 0.01875 0.025
2 0.709375 0.653125 0.0125 0.01875
2 0.71015625 0.634375 0.015625 0.01875
2 0.71171875 0.61640625 0.0140625 0.0203125
2 0.69921875 0.6578125 0.0140625 0.021875
2 0.696875 0.640625 0.015625 0.021875
2 0.68515625 0.6484375 0.015625 0.021875
2 0.6890625 0.66796875 0.015625 0.0203125
2 0.67578125 0.6765625 0.0140625 0.0203125
2 0.67578125 0.6578125 0.0140625 0.0203125
2 0.66328125 0.665625 0.015625 0.01875
2 0.6484375 0.65703125 0.0125 0.021875
2 0.6578125 0.6484375 0.015625 0.01875
2 0.6703125 0.64375 0.0125 0.01875
2 0.640625 0.63984375 0.0140625 0.01875
2 0.69140625 0.565625 0.0140625 0.021875
2 0.62890625 0.6453125 0.015625 0.0234375
2 0.628125 0.628125 0.0140625 0.01875
2 0.61875 0.63671875 0.0109375 0.0171875
2 0.61875 0.61640625 0.0125 0.01875
2 0.609375 0.62421875 0.0171875 0.0203125
2 0.60625 0.64375 0.015625 0.021875
2 0.5921875 0.63515625 0.0171875 0.0171875
2 0.59375 0.6515625 0.0171875 0.0203125
2 0.5859375 0.6609375 0.0125 0.01875
2 0.596875 0.6703125 0.0125 0.01875
2 0.60078125 0.68984375 0.0125 0.0203125
2 0.5875 0.73359375 0.015625 0.0203125
2 0.59453125 0.7515625 0.015625 0.0203125
2 0.603125 0.7390625 0.01875 0.0203125
2 0.6109375 0.72578125 0.0125 0.01875
2 0.61015625 0.75625 0.015625 0.021875
2 0.61796875 0.74296875 0.0140625 0.0171875
2 0.62578125 0.7296875 0.015625 0.021875
2 0.63125 0.74609375 0.0140625 0.01875
2 0.6234375 0.7671875 0.015625 0.021875
2 0.6359375 0.76328125 0.015625 0.021875
2 0.63203125 0.78671875 0.015625 0.0234375
2 0.646875 0.78984375 0.0171875 0.021875
2 0.64921875 0.76875 0.015625 0.021875
2 0.66171875 0.77265625 0.015625 0.021875
2 0.67109375 0.54140625 0.0171875 0.01875
2 0.66015625 0.5296875 0.015625 0.0203125
2 0.6703125 0.5234375 0.0140625 0.0203125
2 0.64921875 0.5390625 0.015625 0.01875
2 0.63984375 0.52890625 0.0140625 0.0203125
2 0.628125 0.52109375 0.015625 0.0203125
2 0.61640625 0.5140625 0.0140625 0.0203125
2 0.61796875 0.5296875 0.0140625 0.01875
2 0.62890625 0.53515625 0.0140625 0.0203125
2 0.62578125 0.553125 0.015625 0.0203125
2 0.615625 0.5453125 0.0140625 0.01875
2 0.6046875 0.5390625 0.015625 0.01875
2 0.59375 0.52890625 0.015625 0.021875
2 0.6046875 0.521875 0.0140625 0.021875
2 0.59296875 0.5453125 0.0140625 0.01875
2 0.603125 0.55390625 0.0140625 0.01875
2 0.58984375 0.5609375 0.0140625 0.0203125
2 0.5734375 0.72578125 0.015625 0.021875
2 0.56171875 0.715625 0.0125 0.0203125
2 0.5546875 0.67734375 0.0140625 0.01875
2 0.56328125 0.665625 0.015625 0.01875
2 0.54453125 0.6828125 0.015625 0.021875
2 0.54453125 0.66640625 0.0125 0.01875
2 0.5328125 0.66484375 0.0140625 0.01875
2 0.53828125 0.65 0.0125 0.0203125
2 0.5515625 0.65390625 0.0125 0.01875
2 0.5484375 0.63828125 0.0125 0.01875
2 0.54453125 0.62265625 0.015625 0.01875
2 0.54375 0.60546875 0.0140625 0.01875
2 0.54375 0.58984375 0.015625 0.01875
2 0.55390625 0.6015625 0.0125 0.021875
2 0.55546875 0.58359375 0.015625 0.0203125
2 0.5515625 0.56796875 0.015625 0.021875
2 0.55625 0.553125 0.0140625 0.021875
2 0.5625 0.57421875 0.0140625 0.021875
2 0.56484375 0.5953125 0.0125 0.0171875
2 0.57578125 0.56796875 0.0125 0.01875
2 0.56875 0.54296875 0.0140625 0.01875
2 0.565625 0.559375 0.0125 0.01875
2 0.57890625 0.553125 0.0125 0.0171875
2 0.5828125 0.5375 0.0125 0.0234375
2 0.58046875 0.6453125 0.015625 0.021875
2 0.5734375 0.65546875 0.0140625 0.015625