0 0.67265625 0.6390625 0.021875 0.03125
0 0.64453125 0.67421875 0.025 0.03125
0 0.640625 0.64609375 0.021875 0.03125
0 0.653125 0.63046875 0.0234375 0.028125
0 0.66484375 0.6109375 0.0234375 0.034375
0 0.646875 0.60546875 0.021875 0.034375
0 0.60546875 0.65390625 0.025 0.034375
0 0.61484375 0.62578125 0.0234375 0.0265625
0 0.6265625 0.60703125 0.0234375 0.03125
0 0.6359375 0.57734375 0.021875 0.0359375
0 0.6078125 0.5984375 0.021875 0.03125
0 0.61953125 0.571875 0.021875 0.034375
0 0.590625 0.60390625 0.021875 0.040625
0 0.571875 0.6015625 0.021875 0.034375
0 0.58125 0.56953125 0.021875 0.028125
0 0.559375 0.57890625 0.025 0.028125
0 0.5984375 0.56796875 0.021875 0.03125
0 0.5921875 0.54296875 0.0234375 0.0328125
0 0.61171875 0.54765625 0.0234375 0.03125
0 0.61953125 0.5203125 0.021875 0.03125
0 0.634375 0.490625 0.025 0.0359375
0 0.59921875 0.5171875 0.0265625 0.0375
0 0.57890625 0.51875 0.021875 0.0328125
0 0.571875 0.54375 0.021875 0.034375
0 0.55078125 0.553125 0.0265625 0.0328125
0 0.53125 0.54375 0.021875 0.0359375
0 0.51171875 0.54765625 0.025 0.03125
0 0.5 0.5234375 0.025 0.03125
0 0.51953125 0.51953125 0.021875 0.03125
0 0.5375 0.51328125 0.021875 0.03125
0 0.553125 0.52890625 0.025 0.034375
0 0.5625 0.5015625 0.025 0.0296875
0 0.57890625 0.47734375 0.021875 0.0359375
0 0.559375 0.46875 0.0234375 0.03125
0 0.54921875 0.44140625 0.0203125 0.034375
0 0.5671875 0.43828125 0.021875 0.0328125
0 0.54921875 0.48515625 0.021875 0.0328125
0 0.528125 0.4875 0.0234375 0.0328125
0 0.5375 0.46015625 0.025 0.03125
0 0.528125 0.43828125 0.025 0.03125
0 0.51640625 0.41328125 0.021875 0.0328125
0 0.509375 0.49453125 0.021875 0.0359375
0 0.51640625 0.465625 0.021875 0.03125
0 0.49921875 0.47109375 0.0203125 0.03125
0 0.49140625 0.4921875 0.025 0.03125
0 0.48203125 0.51953125 0.0234375 0.034375
0 0.4703125 0.4984375 0.028125 0.03125
0 0.4578125 0.47734375 0.025 0.03125
0 0.47890625 0.471875 0.021875 0.03125
0 0.46484375 0.453125 0.0234375 0.03125
0 0.4546875 0.42734375 0.021875 0.03125
0 0.47421875 0.428125 0.025 0.034375
0 0.48671875 0.4453125 0.0203125 0.0296875
0 0.50625 0.44296875 0.021875 0.03125
0 0.49375 0.41484375 0.0265625 0.0359375
0 0.48359375 0.39375 0.025 0.034375
0 0.46328125 0.4 0.025 0.0375
0 0.4296875 0.46796875 0.0265625 0.0359375
2 0.3421875 0.4296875 0.025 0.0296875
2 0.35234375 0.45390625 0.025 0.03125
2 0.36171875 0.47578125 0.028125 0.034375
2 0.36875 0.5 0.0234375 0.028125
2 0.3859375 0.48359375 0.0234375 0.03125
2 0.3921875 0.51171875 0.025 0.03125
2 0.41328125 0.51171875 0.0234375 0.03125
2 0.40390625 0.48515625 0.0234375 0.03125
2 0.425 0.53046875 0.028125 0.0359375
2 0.43984375 0.54921875 0.0234375 0.0328125
2 0.44921875 0.52578125 0.021875 0.028125
2 0.43515625 0.50625 0.0234375 0.0234375
2 0.4234375 0.4859375 0.0203125 0.0234375
2 0.4109375 0.46015625 0.0203125 0.03125
2 0.39453125 0.4609375 0.0234375 0.0265625
2 0.375 0.4609375 0.0265625 0.034375
2 0.38828125 0.43828125 0.028125 0.0328125
2 0.365625 0.43671875 0.025 0.03125
2 0.359375 0.41328125 0.0203125 0.0328125
2 0.3453125 0.40234375 0.0234375 0.03125
2 0.35 0.37734375 0.025 0.03125
2 0.3765625 0.41328125 0.025 0.0328125
2 0.365625 0.38671875 0.025 0.03125
2 0.38671875 0.3890625 0.0234375 0.0328125
2 0.396875 0.40859375 0.025 0.03125
2 0.4078125 0.43671875 0.01875 0.034375
2 0.42734375 0.440625 0.021875 0.0265625
2 0.4203125 0.4140625 0.021875 0.0328125
2 0.43671875 0.415625 0.028125 0.0328125
2 0.42734375 0.390625 0.025 0.03125
2 0.4078125 0.39140625 0.021875 0.03125
2 0.39921875 0.3703125 0.0296875 0.034375
2 0.3765625 0.36328125 0.03125 0.0296875
2 0.39140625 0.34296875 0.025 0.0328125
2 0.41171875 0.33828125 0.021875 0.03125
2 0.42109375 0.36484375 0.021875 0.03125
2 0.43046875 0.3359375 0.028125 0.034375
2 0.4390625 0.36328125 0.0234375 0.0375
2 0.453125 0.3390625 0.028125 0.040625
2 0.459375 0.3671875 0.028125 0.034375
2 0.45859375 0.5484375 0.025 0.0375
2 0.46640625 0.5734375 0.025 0.03125
2 0.4765625 0.55234375 0.025 0.03125
2 0.47734375 0.353125 0.028125 0.034375
2 0.4984375 0.35703125 0.025 0.03125
2 0.50703125 0.3796875 0.025 0.0359375
2 0.51953125 0.35859375 0.025 0.034375
2 0.53515625 0.37109375 0.028125 0.034375
2 0.51953125 0.39453125 0.025 0.0328125
2 0.48828125 0.57734375 0.025 0.03125
2 0.50234375 0.59375 0.025 0.0328125
2 0.521875 0.5875 0.025 0.03125
2 0.540625 0.59609375 0.025 0.034375
2 0.534375 0.56796875 0.025 0.03125
2 0.58203125 0.64296875 0.025 0.0375
2 0.5921875 0.6796875 0.0296875 0.0375
2 0.6 0.70078125 0.025 0.03125
2 0.61171875 0.72890625 0.028125 0.0375
2 0.6265625 0.74453125 0.028125 0.0328125
2 0.6421875 0.725 0.025 0.0375
2 0.62578125 0.7015625 0.0265625 0.03125
2 0.61328125 0.678125 0.025 0.0359375
2 0.6453125 0.696875 0.025 0.03125
2 0.66171875 0.71875 0.025 0.034375
2 0.66484375 0.6921875 0.0265625 0.0328125
2 0.6703125 0.66796875 0.0265625 0.034375
2 0.6796875 0.71015625 0.025 0.034375
2 0.6859375 0.68984375 0.025 0.0328125
2 0.70234375 0.70625 0.025 0.0359375
2 0.709375 0.68203125 0.025 0.034375
2 0.6921875 0.6640625 0.0265625 0.034375
2 0.703125 0.64296875 0.025 0.034375
2 0.690625 0.621875 0.025 0.034375
2 0.67890625 0.6015625 0.0234375 0.034375
2 0.66875 0.57578125 0.025 0.0328125
2 0.659375 0.55078125 0.025 0.0375
2 0.6390625 0.54609375 0.028125 0.034375
2 0.65234375 0.528125 0.0265625 0.034375
2 0.66328125 0.50546875 0.0296875 0.034375
2 0.65546875 0.475 0.021875 0.0296875
2 0.6703125 0.45390625 0.025 0.0375
2 0.64921875 0.44921875 0.028125 0.028125
2 0.6640625 0.42890625 0.025 0.0265625
2 0.6546875 0.40859375 0.025 0.03125
2 0.6390625 0.428125 0.0234375 0.0328125
2 0.6265625 0.44921875 0.0265625 0.0375
2 0.615625 0.47109375 0.025 0.0375
2 0.6015625 0.4859375 0.025 0.03125
2 0.60546875 0.446875 0.028125 0.0375
2 0.58984375 0.46796875 0.028125 0.0375
2 0.58984375 0.43125 0.028125 0.03125
2 0.58828125 0.403125 0.021875 0.034375
2 0.5703125 0.396875 0.021875 0.0328125
2 0.5390625 0.403125 0.0234375 0.03125
2 0.553125 0.38515625 0.0265625 0.034375
2 0.57578125 0.3734375 0.0296875 0.0375
2 0.596875 0.37578125 0.025 0.0375
2 0.60625 0.40078125 0.025 0.0328125
2 0.615625 0.428125 0.028125 0.03125
2 0.628125 0.4 0.025 0.0359375
2 0.61953125 0.38046875 0.028125 0.03125
2 0.6453125 0.3859375 0.025 0.03125
2 0.7109375 0.61640625 0.025 0.0296875
2 0.71328125 0.5890625 0.0203125 0.0328125
2 0.7296875 0.6765625 0.025 0.034375
2 0.72578125 0.64921875 0.0265625 0.03125
2 0.7296875 0.6203125 0.028125 0.0390625
2 0.734375 0.58828125 0.025 0.0375
2 0.73671875 0.70703125 0.0296875 0.0359375
2 0.74921875 0.6875 0.021875 0.034375
2 0.74609375 0.65859375 0.025 0.0375
2 0.7484375 0.63046875 0.025 0.0375
2 0.740625 0.7359375 0.028125 0.0375
2 0.7609375 0.7171875 0.0296875 0.0375
2 0.77109375 0.69296875 0.025 0.040625
2 0.76796875 0.665625 0.03125 0.0375
2 0.7703125 0.63359375 0.0328125 0.040625
2 0.7640625 0.60859375 0.0265625 0.034375
2 0.765625 0.75078125 0.028125 0.0359375
2 0.8046875 0.73515625 0.0234375 0.0375
2 0.7828125 0.7328125 0.021875 0.03125
2 0.7859375 0.70703125 0.025 0.0359375
2 0.778125 0.77734375 0.025 0.0359375
2 0.796875 0.76015625 0.028125 0.034375
2 0.8 0.78828125 0.03125 0.0375
2 0.81640625 0.775 0.028125 0.0375