0 0.61015625 0.56796875 0.028125 0.040625
0 0.578125 0.58359375 0.028125 0.0375
0 0.58984375 0.625 0.0296875 0.040625
0 0.60546875 0.60078125 0.03125 0.0390625
0 0.63515625 0.58203125 0.03125 0.0375
0 0.63203125 0.61484375 0.03125 0.0375
0 0.61640625 0.63984375 0.034375 0.0390625
0 0.60078125 0.67109375 0.0296875 0.0421875
0 0.61640625 0.725 0.03125 0.0375
0 0.62890625 0.75859375 0.034375 0.0421875
0 0.6125 0.7875 0.0328125 0.046875
0 0.63359375 0.80078125 0.034375 0.04375
0 0.6578125 0.7515625 0.03125 0.0453125
2 0.61640625 0.2859375 0.03125 0.0421875
2 0.60078125 0.31328125 0.034375 0.0421875
2 0.61796875 0.3375 0.025 0.0375
2 0.6359375 0.30546875 0.028125 0.04375
2 0.6578125 0.32578125 0.0328125 0.0421875
2 0.640625 0.35390625 0.03125 0.0421875
2 0.59609375 0.35546875 0.034375 0.04375
2 0.5734375 0.37578125 0.03125 0.040625
2 0.56953125 0.4125 0.028125 0.0390625
2 0.59375 0.3953125 0.03125 0.0375
2 0.61640625 0.371875 0.0296875 0.0375
2 0.6265625 0.40234375 0.03125 0.0375
2 0.6515625 0.38046875 0.0296875 0.0375
2 0.671875 0.35625 0.034375 0.04375
2 0.678125 0.3890625 0.03125 0.040625
2 0.7 0.3640625 0.0328125 0.046875
2 0.72109375 0.38125 0.03125 0.0375
2 0.7 0.4046875 0.03125 0.034375
2 0.65625 0.41328125 0.034375 0.0375
2 0.590625 0.42578125 0.028125 0.0453125
2 0.61875 0.43203125 0.034375 0.040625
2 0.64375 0.440625 0.03125 0.040625
2 0.678125 0.4234375 0.028125 0.040625
2 0.70390625 0.4375 0.03125 0.04375
2 0.72734375 0.41640625 0.03125 0.0453125
2 0.7296875 0.45703125 0.0375 0.040625
2 0.69765625 0.46953125 0.03125 0.0359375
2 0.67109375 0.4578125 0.03125 0.034375
2 0.6484375 0.475 0.0296875 0.0359375
2 0.625 0.465625 0.034375 0.0375
2 0.59921875 0.45703125 0.0328125 0.0375
2 0.57421875 0.45078125 0.03125 0.0390625
2 0.5515625 0.4375 0.028125 0.0375
2 0.55 0.47109375 0.03125 0.0375
2 0.5671875 0.809375 0.03125 0.0328125
2 0.534375 0.5234375 0.025 0.034375
2 0.73203125 0.6328125 0.028125 0.040625
2 0.67578125 0.48828125 0.028125 0.0375
2 0.70625 0.6140625 0.028125 0.0375
2 0.53671875 0.75703125 0.025 0.0375
2 0.53984375 0.79609375 0.025 0.0375
2 0.74921875 0.50234375 0.028125 0.0390625
2 0.628125 0.5015625 0.028125 0.040625
2 0.74375 0.74765625 0.028125 0.0375
2 0.5828125 0.540625 0.028125 0.0375
2 0.7515625 0.61015625 0.028125 0.0390625
2 0.6578125 0.8390625 0.028125 0.0375
2 0.546875 0.83515625 0.028125 0.0359375
2 0.72421875 0.4890625 0.0265625 0.0375
2 0.73671875 0.70625 0.0296875 0.0375
2 0.703125 0.7609375 0.028125 0.0375
2 0.69375 0.71328125 0.028125 0.0390625
2 0.55390625 0.69375 0.028125 0.0375
2 0.6765625 0.59453125 0.028125 0.0375
2 0.68203125 0.66953125 0.028125 0.0375
2 0.64609375 0.6796875 0.028125 0.0375
2 0.7 0.79296875 0.028125 0.0375
2 0.58515625 0.7515625 0.028125 0.040625
2 0.60078125 0.48515625 0.025 0.0359375
2 0.68515625 0.6328125 0.0296875 0.040625
2 0.5390625 0.58671875 0.025 0.0375
2 0.77734375 0.59140625 0.028125 0.0375
2 0.6765625 0.52734375 0.028125 0.04375
2 0.55234375 0.50234375 0.0234375 0.034375
2 0.7609375 0.7921875 0.0296875 0.0390625
2 0.70390625 0.83125 0.028125 0.0375
2 0.76171875 0.8296875 0.0296875 0.040625
2 0.75078125 0.5375 0.028125 0.0375
2 0.63125 0.5296875 0.025 0.0359375
2 0.73046875 0.8546875 0.028125 0.0359375
2 0.66875 0.70078125 0.028125 0.0390625
2 0.73359375 0.815625 0.028125 0.0375
2 0.70078125 0.5375 0.025 0.040625
2 0.7265625 0.55703125 0.028125 0.040625
2 0.675 0.7765625 0.028125 0.040625
2 0.528125 0.6859375 0.025 0.0375
2 0.53046875 0.6171875 0.0265625 0.0375
2 0.73046875 0.77890625 0.028125 0.0375
2 0.61328125 0.88984375 0.0265625 0.0359375
2 0.6765625 0.815625 0.028125 0.0390625
2 0.73515625 0.66875 0.0265625 0.0375
2 0.5375 0.5515625 0.0234375 0.0375
2 0.5359375 0.7203125 0.0234375 0.034375
2 0.571875 0.89453125 0.0265625 0.0375
2 0.77421875 0.5546875 0.025 0.03125
2 0.5140625 0.64609375 0.025 0.03125
2 0.6140625 0.84453125 0.034375 0.0484375
2 0.565625 0.85703125 0.03125 0.0375
2 0.58359375 0.83359375 0.028125 0.0375
2 0.58984375 0.86953125 0.03125 0.04375
2 0.63203125 0.86015625 0.0328125 0.0421875
2 0.56484375 0.77578125 0.03125 0.04375
2 0.55859375 0.734375 0.0296875 0.04375
2 0.58203125 0.71328125 0.03125 0.046875
2 0.53828125 0.65625 0.0296875 0.0453125
2 0.5640625 0.6640625 0.034375 0.04375
2 0.553125 0.6296875 0.028125 0.040625
2 0.56015625 0.53046875 0.025 0.0375
2 0.57578125 0.478125 0.028125 0.034375
2 0.578125 0.5109375 0.03125 0.0359375
2 0.6046875 0.51796875 0.028125 0.040625
2 0.6515625 0.509375 0.034375 0.0390625
2 0.6515625 0.54453125 0.0296875 0.0375
2 0.675 0.56484375 0.03125 0.0359375
2 0.69765625 0.57734375 0.0296875 0.0421875
2 0.72421875 0.5953125 0.034375 0.04375
2 0.74921875 0.5734375 0.028125 0.04375
2 0.7109375 0.6484375 0.034375 0.04375
2 0.70859375 0.68984375 0.03125 0.0375
2 0.715625 0.7296875 0.028125 0.04375
2 0.6625 0.6546875 0.034375 0.046875
2 0.659375 0.61640625 0.025 0.034375
2 0.6296875 0.70703125 0.028125 0.0390625
2 0.653125 0.721875 0.034375 0.0390625