0 0.56015625 0.38046875 0.0125 0.0171875
0 0.5546875 0.39296875 0.0125 0.015625
0 0.56640625 0.3921875 0.0125 0.015625
0 0.578125 0.39453125 0.0125 0.01875
0 0.5703125 0.40625 0.0125 0.015625
0 0.56015625 0.4046875 0.0125 0.0140625
0 0.55234375 0.4140625 0.0125 0.01875
0 0.55625 0.428125 0.0125 0.015625
0 0.5640625 0.4171875 0.0125 0.0171875
0 0.57421875 0.4171875 0.0125 0.01875
0 0.58671875 0.40390625 0.015625 0.015625
0 0.58671875 0.41796875 0.0140625 0.01875
0 0.5796875 0.43125 0.0125 0.015625
0 0.56875 0.43203125 0.0125 0.015625
0 0.559375 0.44140625 0.015625 0.0171875
0 0.5625 0.45546875 0.0140625 0.015625
0 0.57109375 0.44453125 0.0125 0.0171875
0 0.59140625 0.43359375 0.0125 0.0171875
0 0.59765625 0.4203125 0.0125 0.01875
0 0.603125 0.43515625 0.0125 0.01875
0 0.59453125 0.44765625 0.0125 0.015625
0 0.58359375 0.44609375 0.0125 0.015625
0 0.575 0.45625 0.0125 0.01875
0 0.57734375 0.4703125 0.0125 0.015625
0 0.56875 0.48046875 0.0125 0.015625
0 0.57421875 0.49609375 0.0125 0.0203125
0 0.58203125 0.48359375 0.0125 0.0171875
0 0.5859375 0.49765625 0.0125 0.0171875
0 0.5859375 0.45703125 0.0125 0.0171875
0 0.5890625 0.471875 0.0125 0.015625
0 0.58984375 0.4875 0.0125 0.015625
0 0.59453125 0.503125 0.0125 0.01875
0 0.6015625 0.49296875 0.0109375 0.01875
0 0.5984375 0.47734375 0.0125 0.015625
0 0.596875 0.46171875 0.009375 0.0171875
0 0.60625 0.45078125 0.0109375 0.0171875
0 0.60625 0.46484375 0.0125 0.01875
0 0.6140625 0.440625 0.0125 0.015625
0 0.6234375 0.44609375 0.0125 0.015625
0 0.61640625 0.45625 0.0125 0.015625
0 0.6171875 0.47109375 0.015625 0.0171875
0 0.60859375 0.48203125 0.0125 0.015625
0 0.61875 0.4875 0.0125 0.015625
2 0.5515625 0.334375 0.0125 0.0171875
2 0.54453125 0.34375 0.0125 0.0171875
2 0.5375 0.35703125 0.0125 0.0171875
2 0.54140625 0.3703125 0.0125 0.015625
2 0.54921875 0.35859375 0.0125 0.015625
2 0.55546875 0.34609375 0.0125 0.015625
2 0.5609375 0.359375 0.0125 0.015625
2 0.56796875 0.34609375 0.0125 0.0171875
2 0.5734375 0.35703125 0.0125 0.0171875
2 0.55390625 0.37109375 0.0140625 0.0140625
2 0.54375 0.3828125 0.015625 0.0171875
2 0.53515625 0.39140625 0.0125 0.015625
2 0.53828125 0.40546875 0.0125 0.015625
2 0.55859375 0.46953125 0.0125 0.0140625
2 0.5890625 0.371875 0.015625 0.01875
2 0.578125 0.37265625 0.0125 0.015625
2 0.59453125 0.38515625 0.0125 0.015625
2 0.59765625 0.3984375 0.0140625 0.015625
2 0.6125 0.415625 0.0140625 0.021875
2 0.62265625 0.4125 0.0125 0.01875
2 0.62734375 0.428125 0.0125 0.01875
2 0.61484375 0.42890625 0.0140625 0.015625
2 0.63125 0.44296875 0.009375 0.0125
2 0.640625 0.44921875 0.0125 0.0171875
2 0.63515625 0.45859375 0.0125 0.015625
2 0.63671875 0.47265625 0.0125 0.0171875
2 0.6390625 0.4875 0.0125 0.01875
2 0.62734375 0.484375 0.0125 0.0140625
2 0.6296875 0.4984375 0.0125 0.01875
2 0.62109375 0.509375 0.0125 0.0171875
2 0.60859375 0.5046875 0.0125 0.01875
2 0.6015625 0.5171875 0.0125 0.015625
2 0.59140625 0.5140625 0.0109375 0.0140625
2 0.58046875 0.51015625 0.0125 0.01875
2 0.56953125 0.50859375 0.0125 0.015625
2 0.55703125 0.50390625 0.0125 0.015625
2 0.56015625 0.51953125 0.0125 0.015625
2 0.565625 0.49609375 0.0125 0.015625
2 0.56015625 0.4828125 0.0125 0.0171875
2 0.55390625 0.45625 0.0125 0.015625
2 0.55078125 0.44296875 0.0125 0.015625
2 0.546875 0.4296875 0.009375 0.015625
2 0.54453125 0.415625 0.0125 0.01875