2 0.6 0.4796875 0.0296875 0.034375
2 0.60859375 0.44609375 0.0296875 0.040625
2 0.6203125 0.4171875 0.0296875 0.040625
2 0.6390625 0.44140625 0.034375 0.04375
2 0.65390625 0.603125 0.0296875 0.040625
2 0.6625 0.559375 0.0296875 0.05
2 0.6828125 0.58828125 0.025 0.0421875
2 0.68359375 0.5328125 0.028125 0.040625
2 0.696875 0.56015625 0.028125 0.03125
2 0.71171875 0.59765625 0.0328125 0.0375
2 0.721875 0.57109375 0.028125 0.034375
2 0.71953125 0.53984375 0.028125 0.034375
2 0.71953125 0.5078125 0.03125 0.034375
2 0.74765625 0.5578125 0.0265625 0.03125
2 0.746875 0.525 0.03125 0.0359375
2 0.7453125 0.4859375 0.03125 0.0421875