2 0.4734375 0.59609375 0.034375 0.0296875
2 0.43984375 0.6046875 0.040625 0.0296875
2 0.4109375 0.615625 0.040625 0.0296875
2 0.43515625 0.63515625 0.04375 0.034375
2 0.596875 0.65 0.040625 0.0296875
2 0.553125 0.65859375 0.05 0.0296875
2 0.58203125 0.67890625 0.0421875 0.025
2 0.52578125 0.6796875 0.040625 0.028125
2 0.55390625 0.69296875 0.03125 0.028125
2 0.59140625 0.7078125 0.0375 0.0328125
2 0.56484375 0.71796875 0.034375 0.028125
2 0.53359375 0.71484375 0.034375 0.028125
2 0.5015625 0.71484375 0.034375 0.03125
2 0.5515625 0.74375 0.03125 0.0265625
2 0.51875 0.74296875 0.0359375 0.03125
2 0.4796875 0.740625 0.0421875 0.03125