2 0.61796875 0.45546875 0.0234375 0.03125
2 0.63828125 0.46796875 0.025 0.03125
2 0.65078125 0.421875 0.025 0.0296875
2 0.678125 0.43203125 0.025 0.03125
2 0.71875 0.525 0.025 0.03125
2 0.6609375 0.44921875 0.025 0.028125
2 0.66171875 0.475 0.025 0.03125
2 0.73984375 0.53828125 0.025 0.0296875
2 0.696875 0.509375 0.0234375 0.03125
2 0.63515625 0.440625 0.0234375 0.03125
2 0.68125 0.48984375 0.025 0.03125
2 0.7 0.4484375 0.0234375 0.028125
2 0.74453125 0.45546875 0.025 0.028125
2 0.7171875 0.46484375 0.025 0.0296875
2 0.7359375 0.4828125 0.025 0.03125
2 0.7140625 0.49609375 0.021875 0.0296875
2 0.684375 0.465625 0.01875 0.028125
2 0.69765625 0.478125 0.021875 0.028125