2 0.2984375 0.41796875 0.0421875 0.0375
2 0.16796875 0.5453125 0.04375 0.0328125
2 0.71953125 0.4484375 0.0421875 0.03125
2 0.40546875 0.3921875 0.04375 0.03125
2 0.71328125 0.47890625 0.0421875 0.0296875
2 0.52109375 0.29375 0.04375 0.03125
2 0.3671875 0.4078125 0.0421875 0.03125
2 0.66171875 0.3140625 0.0390625 0.034375
2 0.63125 0.29375 0.04375 0.034375
2 0.68359375 0.4 0.04375 0.03125
2 0.3390625 0.4328125 0.046875 0.034375
2 0.446875 0.36015625 0.040625 0.03125
2 0.7125 0.51171875 0.0421875 0.0296875
2 0.2625 0.4609375 0.04375 0.03125
2 0.59375 0.303125 0.040625 0.034375
2 0.12734375 0.60390625 0.046875 0.034375
2 0.2609375 0.49453125 0.0421875 0.03125
2 0.59921875 0.26875 0.04375 0.03125
2 0.6375 0.259375 0.040625 0.03125
2 0.65703125 0.346875 0.040625 0.03125
2 0.5203125 0.3265625 0.040625 0.034375
2 0.56328125 0.28046875 0.040625 0.028125
2 0.7078125 0.54453125 0.040625 0.028125
2 0.64765625 0.3796875 0.04375 0.03125
2 0.2921875 0.5140625 0.0453125 0.03125
2 0.3015625 0.45078125 0.046875 0.034375
2 0.2984375 0.4828125 0.0453125 0.03125
2 0.11171875 0.63671875 0.046875 0.034375
2 0.17109375 0.596875 0.046875 0.034375
2 0.61171875 0.425 0.04375 0.03125
2 0.13984375 0.57109375 0.04375 0.034375
2 0.37578125 0.4515625 0.04375 0.034375
2 0.13984375 0.66640625 0.04375 0.034375
2 0.19609375 0.571875 0.0484375 0.034375
2 0.58984375 0.33828125 0.04375 0.0328125
2 0.15625 0.63046875 0.046875 0.034375
2 0.67734375 0.459375 0.04375 0.03125
2 0.53046875 0.6546875 0.04375 0.03125
2 0.584375 0.371875 0.0421875 0.0328125
2 0.43515625 0.42265625 0.04375 0.034375
2 0.54609375 0.3484375 0.04375 0.034375
2 0.26953125 0.6109375 0.04375 0.0328125
2 0.4203125 0.45625 0.046875 0.034375
2 0.62109375 0.325 0.046875 0.0359375
2 0.1984375 0.64375 0.04375 0.034375
2 0.575 0.6046875 0.0421875 0.0328125
2 0.18359375 0.6734375 0.04375 0.0328125
2 0.2328125 0.66484375 0.04375 0.03125
2 0.30703125 0.66796875 0.04375 0.0328125
2 0.2765625 0.646875 0.04375 0.0328125
2 0.6171875 0.35703125 0.046875 0.034375
2 0.40078125 0.425 0.04375 0.034375
2 0.67265625 0.5578125 0.0390625 0.0296875
2 0.48203125 0.4109375 0.046875 0.034375
2 0.47265625 0.60859375 0.04375 0.034375
2 0.40703125 0.51640625 0.04375 0.03125
2 0.3546875 0.67265625 0.04375 0.03125
2 0.67578125 0.4921875 0.0421875 0.03125
2 0.44140625 0.52890625 0.04375 0.0328125
2 0.2484375 0.55625 0.046875 0.03125
2 0.42734375 0.621875 0.04375 0.034375
2 0.5375 0.478125 0.040625 0.03125
2 0.6078125 0.6265625 0.040625 0.028125
2 0.36875 0.484375 0.040625 0.03125
2 0.39609375 0.678125 0.0421875 0.03125
2 0.67421875 0.525 0.040625 0.03125
2 0.50078125 0.63359375 0.0421875 0.03125
2 0.21015625 0.5359375 0.0421875 0.03125
2 0.6375 0.53359375 0.0421875 0.03125
2 0.60703125 0.59140625 0.0421875 0.03125
2 0.3796875 0.6484375 0.05 0.034375
2 0.578125 0.4390625 0.0453125 0.0328125
2 0.209375 0.61484375 0.046875 0.0375
2 0.6421875 0.60859375 0.0375 0.028125
2 0.33515625 0.465625 0.046875 0.034375
2 0.40859375 0.4828125 0.04375 0.0328125
2 0.57265625 0.6390625 0.040625 0.028125
2 0.51171875 0.53203125 0.04375 0.034375
2 0.45546875 0.46640625 0.0484375 0.034375
2 0.603125 0.51796875 0.040625 0.03125
2 0.2359375 0.59296875 0.046875 0.034375
2 0.64609375 0.57890625 0.0390625 0.03125
2 0.4765625 0.515625 0.04375 0.034375
2 0.60859375 0.4578125 0.046875 0.034375
2 0.5484375 0.38125 0.046875 0.034375
2 0.47421875 0.43671875 0.0421875 0.0328125
2 0.63828125 0.47421875 0.04375 0.0328125
2 0.51015625 0.5625 0.04375 0.034375
2 0.25625 0.70625 0.04375 0.03125
2 0.5390625 0.584375 0.040625 0.03125
2 0.32421875 0.559375 0.0453125 0.03125
2 0.44453125 0.390625 0.0421875 0.03125
2 0.3578125 0.57890625 0.04375 0.03125
2 0.30078125 0.703125 0.04375 0.0328125
2 0.4578125 0.64140625 0.04375 0.03125
2 0.4875 0.6703125 0.04375 0.03125
2 0.33828125 0.64453125 0.0453125 0.034375
2 0.28203125 0.54375 0.046875 0.03125
2 0.47890625 0.37578125 0.0453125 0.034375
2 0.4421875 0.496875 0.046875 0.0328125
2 0.359375 0.5484375 0.046875 0.03125
2 0.31015625 0.6234375 0.04375 0.0328125
2 0.58203125 0.40546875 0.046875 0.0328125
2 0.61171875 0.55625 0.04375 0.034375
2 0.31875 0.59140625 0.04375 0.03125
2 0.53828125 0.6203125 0.040625 0.03125
2 0.23984375 0.63203125 0.04375 0.034375
2 0.50859375 0.45546875 0.05 0.0375
2 0.4875 0.30859375 0.0375 0.034375
2 0.51015625 0.43046875 0.0515625 0.034375
2 0.2171875 0.69375 0.04375 0.03125
2 0.35234375 0.609375 0.04375 0.034375
2 0.41796875 0.65390625 0.046875 0.03125
2 0.42421875 0.590625 0.046875 0.034375
2 0.54296875 0.5484375 0.04375 0.034375
2 0.4015625 0.58125 0.046875 0.0328125
2 0.3859375 0.61015625 0.046875 0.034375
2 0.60859375 0.48828125 0.046875 0.0328125
2 0.57890625 0.54140625 0.046875 0.0375
2 0.509375 0.39453125 0.0546875 0.040625
2 0.54375 0.43203125 0.0546875 0.040625
2 0.5671875 0.46796875 0.04375 0.03125
2 0.68125 0.4296875 0.046875 0.034375
2 0.64609375 0.415625 0.040625 0.0328125
2 0.61875 0.39296875 0.0359375 0.0375
2 0.64609375 0.440625 0.040625 0.0234375
2 0.5671875 0.49453125 0.046875 0.03125
2 0.55 0.51953125 0.04375 0.03125
2 0.5171875 0.5 0.04375 0.0328125
2 0.48203125 0.4859375 0.046875 0.034375
2 0.27890625 0.57421875 0.046875 0.0375
2 0.25078125 0.528125 0.046875 0.0390625
2 0.3296875 0.52734375 0.0484375 0.0328125
2 0.36796875 0.51796875 0.0484375 0.03125
2 0.3359375 0.49140625 0.04375 0.040625
2 0.48046875 0.340625 0.04375 0.034375
2 0.51328125 0.3609375 0.034375 0.0375
2 0.5765625 0.5671875 0.0453125 0.034375
2 0.5625 0.3125 0.046875 0.0375
2 0.64296875 0.503125 0.040625 0.0265625
2 0.475 0.54296875 0.04375 0.03125
2 0.4390625 0.55703125 0.04375 0.028125
2 0.471875 0.57578125 0.0515625 0.025
2 0.50625 0.59609375 0.0359375 0.03125
2 0.26953125 0.675 0.05 0.0296875
2 0.39921875 0.553125 0.04375 0.03125