2 0.596875 0.171875 0.025 0.0375
2 0.59921875 0.1359375 0.028125 0.0375
2 0.575 0.159375 0.03125 0.04375
2 0.59140625 0.20859375 0.028125 0.040625
2 0.56953125 0.190625 0.0296875 0.04375
2 0.5453125 0.3921875 0.0265625 0.0359375
2 0.58515625 0.2421875 0.028125 0.0375
2 0.5640625 0.1234375 0.0265625 0.0390625
2 0.41875 0.728125 0.028125 0.0359375
2 0.3859375 0.73984375 0.028125 0.034375
2 0.5421875 0.1046875 0.028125 0.034375
2 0.55 0.3578125 0.025 0.034375
2 0.53828125 0.1390625 0.028125 0.040625
2 0.44375 0.721875 0.028125 0.034375
2 0.3125 0.5625 0.028125 0.0375
2 0.50859375 0.5390625 0.0265625 0.0375
2 0.528125 0.58984375 0.025 0.034375
2 0.5546875 0.29140625 0.025 0.0375
2 0.36328125 0.72265625 0.0265625 0.0375
2 0.325 0.4609375 0.025 0.034375
2 0.55 0.3234375 0.0265625 0.040625
2 0.32265625 0.30078125 0.0265625 0.0328125
2 0.534375 0.55625 0.025 0.034375
2 0.3296875 0.3921875 0.025 0.0359375
2 0.309375 0.3328125 0.025 0.034375
2 0.33671875 0.109375 0.0265625 0.034375
2 0.40859375 0.7578125 0.025 0.034375
2 0.5390625 0.45703125 0.0234375 0.034375
2 0.5359375 0.4859375 0.025 0.034375
2 0.309375 0.5984375 0.025 0.034375
2 0.4828125 0.68671875 0.0265625 0.0359375
2 0.35078125 0.63984375 0.028125 0.0359375
2 0.509375 0.61171875 0.028125 0.0359375
2 0.3265625 0.35546875 0.025 0.034375
2 0.51484375 0.47734375 0.028125 0.0421875
2 0.47265625 0.10859375 0.0265625 0.0375
2 0.428125 0.09375 0.0265625 0.034375
2 0.51328125 0.253125 0.028125 0.040625
2 0.4921875 0.13203125 0.028125 0.040625
2 0.33515625 0.27578125 0.028125 0.0375
2 0.496875 0.1046875 0.028125 0.040625
2 0.38984375 0.70703125 0.0265625 0.034375
2 0.490625 0.590625 0.0265625 0.0375
2 0.50625 0.35234375 0.025 0.0375
2 0.43046875 0.5 0.028125 0.0390625
2 0.35546875 0.3359375 0.028125 0.0375
2 0.46015625 0.7015625 0.028125 0.0375
2 0.403125 0.5765625 0.028125 0.040625
2 0.36015625 0.26796875 0.0265625 0.034375
2 0.41328125 0.6984375 0.028125 0.0375
2 0.3390625 0.55 0.0265625 0.0359375
2 0.32421875 0.65 0.025 0.034375
2 0.321875 0.25078125 0.025 0.0359375
2 0.35390625 0.60546875 0.028125 0.034375
2 0.3671875 0.23046875 0.03125 0.0375
2 0.490625 0.22890625 0.028125 0.04375
2 0.48984375 0.55546875 0.0265625 0.040625
2 0.4046875 0.10546875 0.028125 0.0359375
2 0.5109375 0.15546875 0.0265625 0.0390625
2 0.353125 0.30859375 0.025 0.040625
2 0.3203125 0.52734375 0.025 0.034375
2 0.35390625 0.4109375 0.028125 0.040625
2 0.50625 0.6453125 0.025 0.03125
2 0.31796875 0.4953125 0.0234375 0.034375
2 0.353125 0.16875 0.028125 0.0375
2 0.37265625 0.434375 0.028125 0.040625
2 0.34140625 0.6703125 0.0265625 0.034375
2 0.4875 0.1640625 0.028125 0.04375
2 0.434375 0.45703125 0.028125 0.040625
2 0.40078125 0.61328125 0.028125 0.0390625
2 0.365625 0.5390625 0.028125 0.0375
2 0.40078125 0.1375 0.028125 0.0375
2 0.4734375 0.20234375 0.028125 0.04375
2 0.3375 0.14609375 0.028125 0.0375
2 0.4234375 0.60078125 0.028125 0.0390625
2 0.396875 0.3484375 0.028125 0.0375
2 0.44453125 0.11953125 0.0265625 0.040625
2 0.34140625 0.51484375 0.025 0.0375
2 0.44921875 0.2578125 0.028125 0.040625
2 0.40859375 0.246875 0.028125 0.0375
2 0.509375 0.32109375 0.0265625 0.0375
2 0.384375 0.56015625 0.025 0.0390625
2 0.52890625 0.3375 0.025 0.034375
2 0.35859375 0.13125 0.028125 0.034375
2 0.328125 0.61953125 0.0265625 0.034375
2 0.32734375 0.17734375 0.025 0.0328125
2 0.46875 0.50234375 0.028125 0.0375
2 0.41875 0.63046875 0.028125 0.040625
2 0.4171875 0.66640625 0.028125 0.0359375
2 0.43046875 0.240625 0.028125 0.04375
2 0.42734375 0.2734375 0.028125 0.040625
2 0.41953125 0.16640625 0.028125 0.03125
2 0.3796875 0.11484375 0.028125 0.040625
2 0.4671875 0.140625 0.0234375 0.0375
2 0.5171875 0.11875 0.021875 0.040625
2 0.54921875 0.16796875 0.028125 0.034375
2 0.54609375 0.20078125 0.0234375 0.034375
2 0.56796875 0.22265625 0.025 0.034375
2 0.56171875 0.2578125 0.025 0.040625
2 0.54375 0.23515625 0.028125 0.0375
2 0.5375 0.26640625 0.025 0.0375
2 0.521875 0.215625 0.025 0.0375
2 0.52734375 0.18203125 0.025 0.0375
2 0.50390625 0.1953125 0.03125 0.040625
2 0.4640625 0.17421875 0.025 0.0375
2 0.44453125 0.15390625 0.0265625 0.03125
2 0.43984375 0.1890625 0.025 0.0359375
2 0.421875 0.1328125 0.0234375 0.0375
2 0.3765625 0.15625 0.028125 0.0375
2 0.3984375 0.18203125 0.025 0.034375
2 0.415625 0.2 0.028125 0.04375
2 0.45 0.21875 0.025 0.0328125
2 0.46875 0.2421875 0.025 0.0375
2 0.49140625 0.2609375 0.025 0.034375
2 0.51171875 0.27734375 0.025 0.0296875
2 0.5296875 0.2984375 0.021875 0.0359375
2 0.48984375 0.2953125 0.025 0.0359375
2 0.471875 0.275 0.025 0.0359375
2 0.4484375 0.28828125 0.028125 0.03125
2 0.4671875 0.31171875 0.028125 0.034375
2 0.4875 0.33046875 0.028125 0.0375
2 0.48203125 0.36484375 0.025 0.0328125
2 0.50234375 0.3890625 0.025 0.03125
2 0.52578125 0.37109375 0.025 0.034375
2 0.52265625 0.403125 0.025 0.0359375
2 0.54296875 0.42265625 0.0328125 0.0390625
2 0.5203125 0.4390625 0.025 0.03125
2 0.49921875 0.41328125 0.025 0.040625
2 0.49609375 0.45 0.025 0.034375
2 0.478125 0.40078125 0.025 0.0375
2 0.47890625 0.42734375 0.028125 0.034375
2 0.465625 0.34140625 0.021875 0.0390625
2 0.4578125 0.37734375 0.021875 0.0359375
2 0.45390625 0.41171875 0.021875 0.0359375
2 0.440625 0.35625 0.025 0.0359375
2 0.44296875 0.3234375 0.025 0.040625
2 0.4234375 0.303125 0.025 0.03125
2 0.42109375 0.33515625 0.025 0.0375
2 0.40078125 0.31796875 0.025 0.034375
2 0.40234375 0.28203125 0.0203125 0.034375
2 0.38515625 0.26015625 0.021875 0.034375
2 0.3921875 0.2203125 0.021875 0.0375
2 0.3765625 0.19375 0.021875 0.034375
2 0.35234375 0.203125 0.0234375 0.0328125
2 0.3265625 0.2109375 0.028125 0.0359375
2 0.340625 0.23984375 0.025 0.0375
2 0.35234375 0.3734375 0.025 0.034375
2 0.371875 0.36328125 0.025 0.0296875
2 0.37578125 0.328125 0.025 0.0375
2 0.3765625 0.303125 0.028125 0.0359375
2 0.39375 0.38828125 0.0234375 0.034375
2 0.4171875 0.371875 0.025 0.03125
2 0.434375 0.3921875 0.025 0.034375
2 0.415625 0.4046875 0.028125 0.0359375
2 0.39453125 0.41796875 0.025 0.040625
2 0.37421875 0.396875 0.025 0.0390625
2 0.33125 0.4296875 0.028125 0.0375
2 0.34921875 0.44921875 0.0234375 0.0296875
2 0.3453125 0.48125 0.021875 0.034375
2 0.36796875 0.471875 0.025 0.0359375
2 0.36875 0.50625 0.028125 0.034375
2 0.38984375 0.4578125 0.028125 0.0375
2 0.41171875 0.43984375 0.03125 0.0359375
2 0.41328125 0.475 0.0265625 0.0375
2 0.3921875 0.49140625 0.025 0.03125
2 0.41171875 0.51171875 0.0234375 0.0328125
2 0.3890625 0.5265625 0.025 0.028125
2 0.40859375 0.5484375 0.025 0.034375
2 0.4296875 0.5375 0.025 0.03125
2 0.45 0.52109375 0.021875 0.0328125
2 0.475 0.465625 0.025 0.040625
2 0.45390625 0.4453125 0.025 0.0328125
2 0.43671875 0.425 0.03125 0.0390625
2 0.453125 0.47890625 0.025 0.04375
2 0.49140625 0.48515625 0.03125 0.040625
2 0.48984375 0.5203125 0.03125 0.0375
2 0.5140625 0.50703125 0.0265625 0.0375
2 0.534375 0.5203125 0.028125 0.0375
2 0.5125 0.5703125 0.021875 0.0359375
2 0.4734375 0.53828125 0.025 0.034375
2 0.471875 0.56953125 0.025 0.0328125
2 0.4515625 0.5515625 0.025 0.03125
2 0.446875 0.58359375 0.025 0.0375
2 0.428125 0.56796875 0.028125 0.0375
2 0.47109375 0.603125 0.0296875 0.0359375
2 0.4875 0.6234375 0.0265625 0.03125
2 0.48046875 0.653125 0.021875 0.034375
2 0.46484375 0.634375 0.025 0.040625
2 0.446875 0.61875 0.025 0.0359375
2 0.44296875 0.65078125 0.025 0.0375
2 0.4609375 0.6703125 0.028125 0.034375
2 0.44140625 0.68828125 0.025 0.040625
2 0.39609375 0.64140625 0.0234375 0.0359375
2 0.39296875 0.67265625 0.025 0.034375
2 0.37421875 0.65546875 0.028125 0.0359375
2 0.36640625 0.68984375 0.025 0.0375
2 0.38203125 0.59140625 0.028125 0.0375
2 0.378125 0.62890625 0.028125 0.040625
2 0.3625 0.57109375 0.025 0.0359375
2 0.3375 0.584375 0.028125 0.0375