2 0.3859375 0.49921875 0.01875 0.015625
2 0.39609375 0.51015625 0.015625 0.0125
2 0.4265625 0.49765625 0.01875 0.0140625
2 0.42109375 0.50859375 0.0171875 0.0125
2 0.4390625 0.50546875 0.0171875 0.0125
2 0.45703125 0.50703125 0.01875 0.015625
2 0.434375 0.515625 0.015625 0.0125
2 0.44921875 0.51875 0.0171875 0.0125
2 0.41015625 0.51796875 0.015625 0.0125
2 0.42421875 0.52421875 0.015625 0.0125
2 0.43828125 0.52890625 0.015625 0.0125
2 0.40390625 0.5296875 0.01875 0.0125
2 0.4171875 0.5359375 0.015625 0.0125
2 0.43203125 0.53984375 0.0171875 0.0125