2 0.528125 0.46328125 0.021875 0.028125
2 0.675 0.62265625 0.025 0.0296875
2 0.66953125 0.596875 0.025 0.03125
2 0.5578125 0.48515625 0.021875 0.028125
2 0.68984375 0.59609375 0.0234375 0.03125
2 0.5703125 0.50234375 0.021875 0.0296875
2 0.55 0.46171875 0.0203125 0.0265625
2 0.62578125 0.5546875 0.025 0.03125
2 0.6109375 0.53515625 0.021875 0.03125
2 0.61328125 0.50625 0.021875 0.028125
2 0.62890625 0.525 0.021875 0.028125
2 0.571875 0.475 0.025 0.03125
2 0.5921875 0.515625 0.021875 0.028125
2 0.590625 0.48671875 0.0203125 0.028125