0 0.33671875 0.61328125 0.015625 0.0125
0 0.3328125 0.625 0.015625 0.0109375
0 0.3453125 0.61875 0.015625 0.0125
0 0.34453125 0.62890625 0.015625 0.0125
0 0.33515625 0.63515625 0.015625 0.0125
2 0.32265625 0.58125 0.0203125 0.015625
2 0.30703125 0.584375 0.021875 0.0125
2 0.303125 0.5921875 0.01875 0.0125
2 0.31015625 0.603125 0.0171875 0.0125
2 0.290625 0.60546875 0.0171875 0.0125
2 0.28359375 0.615625 0.021875 0.0125
2 0.29921875 0.61171875 0.0125 0.0125
2 0.3078125 0.61953125 0.0171875 0.0125
2 0.31640625 0.61328125 0.015625 0.009375
2 0.31875 0.59453125 0.01875 0.0125
2 0.3234375 0.60390625 0.015625 0.0109375
2 0.33359375 0.59609375 0.0125 0.009375
2 0.34609375 0.5984375 0.015625 0.0109375
2 0.359375 0.59921875 0.015625 0.009375
2 0.35390625 0.60859375 0.0140625 0.0125
2 0.36640625 0.6078125 0.01875 0.0125
2 0.35703125 0.61796875 0.015625 0.0125
2 0.37109375 0.6171875 0.01875 0.0109375
2 0.3625 0.62890625 0.015625 0.0109375
2 0.37890625 0.6265625 0.015625 0.009375
2 0.3109375 0.63125 0.0171875 0.0125
2 0.309375 0.640625 0.015625 0.0125
2 0.32265625 0.63515625 0.0171875 0.0109375
2 0.32734375 0.64296875 0.015625 0.0125
2 0.33203125 0.65390625 0.015625 0.009375
2 0.33515625 0.66484375 0.015625 0.0125
2 0.34296875 0.6453125 0.015625 0.0125
2 0.34609375 0.65625 0.01875 0.0125
2 0.353125 0.6671875 0.0203125 0.0125
2 0.35703125 0.65 0.0171875 0.0125
2 0.36328125 0.65859375 0.0203125 0.009375
2 0.36484375 0.640625 0.0171875 0.0125
2 0.3734375 0.6484375 0.015625 0.0125
2 0.38046875 0.6375 0.015625 0.0125
2 0.3984375 0.634375 0.01875 0.0125
2 0.40390625 0.64296875 0.01875 0.009375
2 0.40625 0.65078125 0.01875 0.009375
2 0.3890625 0.6515625 0.01875 0.0109375
2 0.38046875 0.66328125 0.01875 0.0125
2 0.39609375 0.6609375 0.021875 0.0125