0 0.90078125 0.41328125 0.028125 0.0390625
0 0.54765625 0.1609375 0.021875 0.03125
0 0.5421875 0.18671875 0.021875 0.0296875
0 0.56171875 0.1859375 0.021875 0.03125
0 0.55234375 0.21328125 0.0203125 0.025
0 0.56875 0.2078125 0.0203125 0.025
0 0.56171875 0.23359375 0.0171875 0.0296875
0 0.56875 0.25703125 0.01875 0.028125
0 0.578125 0.2328125 0.015625 0.028125
0 0.5828125 0.18359375 0.0171875 0.0296875
0 0.590625 0.209375 0.01875 0.021875
0 0.5984375 0.23046875 0.01875 0.0296875
0 0.5890625 0.2546875 0.01875 0.028125
0 0.58984375 0.27734375 0.01875 0.0265625
0 0.6 0.1828125 0.0171875 0.028125
0 0.61796875 0.178125 0.01875 0.03125
0 0.609375 0.20390625 0.01875 0.01875
0 0.6140625 0.2484375 0.01875 0.028125
0 0.64453125 0.2484375 0.0171875 0.03125
0 0.665625 0.2390625 0.01875 0.03125
2 0.4890625 0.2390625 0.025 0.0296875
2 0.5 0.21015625 0.021875 0.034375
2 0.509375 0.1828125 0.021875 0.0296875
2 0.52265625 0.10390625 0.0234375 0.034375
2 0.54453125 0.096875 0.021875 0.0328125
2 0.534375 0.12734375 0.025 0.0296875
2 0.5265625 0.15234375 0.021875 0.03125
2 0.52890625 0.17890625 0.0234375 0.028125
2 0.52109375 0.20703125 0.01875 0.025
2 0.50859375 0.23359375 0.0203125 0.028125
2 0.5 0.2578125 0.025 0.03125
2 0.49921875 0.2859375 0.0203125 0.0265625
2 0.52734375 0.2296875 0.021875 0.03125
2 0.521875 0.2546875 0.01875 0.025
2 0.51796875 0.278125 0.0203125 0.0265625
2 0.5140625 0.30234375 0.0203125 0.025
2 0.540625 0.25078125 0.0203125 0.025
2 0.5375 0.2734375 0.021875 0.025
2 0.534375 0.29609375 0.021875 0.0234375
2 0.53046875 0.31953125 0.0203125 0.025
2 0.55625 0.29375 0.021875 0.0265625
2 0.5515625 0.315625 0.01875 0.021875
2 0.5421875 0.34140625 0.0203125 0.025
2 0.56328125 0.33828125 0.021875 0.03125
2 0.571875 0.3140625 0.01875 0.0265625
2 0.59140625 0.321875 0.021875 0.0265625
2 0.5765625 0.29453125 0.01875 0.025
2 0.59609375 0.29921875 0.01875 0.0234375
2 0.609375 0.27890625 0.021875 0.0265625
2 0.6171875 0.30390625 0.01875 0.025
2 0.63203125 0.28046875 0.01875 0.025
2 0.63828125 0.30390625 0.021875 0.0265625
2 0.64921875 0.28359375 0.021875 0.0265625
2 0.67109375 0.28515625 0.021875 0.034375
2 0.68359375 0.26328125 0.021875 0.0296875
2 0.690625 0.2359375 0.025 0.034375
2 0.7 0.2140625 0.0234375 0.03125
2 0.684375 0.18828125 0.0234375 0.034375
2 0.6796875 0.215625 0.021875 0.03125
2 0.64921875 0.16171875 0.025 0.0328125
2 0.63984375 0.1875 0.0234375 0.028125
2 0.6328125 0.2109375 0.021875 0.0296875
2 0.6234375 0.2265625 0.0203125 0.025
0 0.6578125 0.21796875 0.021875 0.0265625
2 0.58984375 0.1453125 0.025 0.03125
2 0.57734375 0.12265625 0.0234375 0.0296875
2 0.56796875 0.14609375 0.021875 0.028125
2 0.55546875 0.1234375 0.021875 0.028125