0 0.62890625 0.60703125 0.046875 0.034375
0 0.5890625 0.60859375 0.04375 0.03125
0 0.54921875 0.5953125 0.046875 0.0375
0 0.5265625 0.57109375 0.0484375 0.034375
0 0.515625 0.60625 0.04375 0.0421875
0 0.47421875 0.59140625 0.05 0.0375
0 0.4828125 0.621875 0.046875 0.0375
0 0.459375 0.64609375 0.053125 0.040625
0 0.4640625 0.6765625 0.05625 0.034375
0 0.490625 0.6546875 0.04375 0.0375
0 0.5234375 0.634375 0.04375 0.034375
0 0.55390625 0.6296875 0.046875 0.0359375
0 0.5671875 0.659375 0.0546875 0.0375
0 0.5328125 0.66953125 0.046875 0.0359375
0 0.4984375 0.68359375 0.05 0.034375
2 0.69375 0.5390625 0.053125 0.0390625
2 0.6546875 0.55234375 0.05625 0.0375
2 0.69296875 0.5671875 0.053125 0.034375
2 0.63828125 0.57734375 0.059375 0.03125
2 0.66953125 0.596875 0.0453125 0.034375
2 0.67109375 0.63046875 0.0515625 0.034375
2 0.6296875 0.640625 0.0515625 0.0359375
2 0.65234375 0.6625 0.04375 0.03125
2 0.6234375 0.6796875 0.053125 0.0375
2 0.60234375 0.55234375 0.05 0.0375
2 0.57109375 0.57421875 0.05 0.0328125
2 0.50390625 0.5546875 0.0453125 0.040625
2 0.47578125 0.53828125 0.0484375 0.0328125
2 0.47265625 0.56875 0.046875 0.034375
2 0.43515625 0.5640625 0.0515625 0.0375
2 0.4453125 0.59453125 0.040625 0.0375
2 0.42265625 0.6234375 0.0546875 0.0375
2 0.409375 0.6515625 0.053125 0.0390625
2 0.43125 0.678125 0.046875 0.0390625
2 0.496875 0.71171875 0.0484375 0.03125
2 0.4578125 0.7046875 0.0484375 0.0375
2 0.41875 0.71171875 0.046875 0.0375
2 0.39140625 0.68984375 0.046875 0.0421875
2 0.48671875 0.7421875 0.05 0.040625
2 0.4453125 0.73984375 0.0515625 0.03125
2 0.39765625 0.7484375 0.05 0.040625
2 0.37734375 0.721875 0.046875 0.0375
2 0.46640625 0.79765625 0.053125 0.0484375
2 0.42265625 0.7734375 0.05625 0.040625
2 0.4109375 0.80546875 0.053125 0.040625
2 0.378125 0.78359375 0.053125 0.0453125
2 0.35546875 0.75703125 0.0515625 0.046875
2 0.33203125 0.72890625 0.059375 0.046875
2 0.3140625 0.76953125 0.053125 0.040625
2 0.33359375 0.79296875 0.0484375 0.0375
2 0.3703125 0.81953125 0.053125 0.040625
2 0.32421875 0.82890625 0.05625 0.040625
2 0.29375 0.8 0.0453125 0.04375
2 0.26171875 0.775 0.053125 0.0421875
2 0.25390625 0.8171875 0.0546875 0.04375