2 0.52734375 0.34140625 0.034375 0.04375
2 0.59296875 0.35 0.0390625 0.0578125
2 0.56640625 0.37109375 0.03125 0.04375
2 0.56875 0.41015625 0.03125 0.0390625
2 0.54921875 0.41640625 0.034375 0.040625
2 0.52421875 0.40703125 0.0328125 0.034375
2 0.5140625 0.440625 0.03125 0.0484375
2 0.48671875 0.43984375 0.03125 0.046875
2 0.48828125 0.47578125 0.03125 0.0390625
2 0.51171875 0.48359375 0.0296875 0.04375
2 0.5328125 0.4640625 0.03125 0.04375
2 0.59296875 0.4265625 0.03125 0.04375
2 0.58828125 0.46484375 0.028125 0.0375
2 0.61484375 0.453125 0.03125 0.046875
2 0.640625 0.45078125 0.03125 0.046875
2 0.61328125 0.48671875 0.034375 0.034375
2 0.58359375 0.48671875 0.028125 0.0328125
0 0.59453125 0.50625 0.03125 0.040625
0 0.58359375 0.53671875 0.028125 0.04375
0 0.56484375 0.5109375 0.028125 0.0390625
2 0.6125 0.534375 0.028125 0.04375
2 0.61171875 0.57265625 0.034375 0.04375
2 0.559375 0.55625 0.034375 0.0296875
0 0.496875 0.5296875 0.0328125 0.04375
0 0.5125 0.58125 0.03125 0.0375
0 0.49921875 0.6359375 0.0265625 0.0375
0 0.51640625 0.61796875 0.025 0.034375
0 0.53125 0.64296875 0.028125 0.0375
0 0.5546875 0.628125 0.0265625 0.040625
0 0.57421875 0.5890625 0.028125 0.04375
0 0.58125 0.621875 0.0296875 0.0453125
0 0.571875 0.6671875 0.03125 0.0453125
1 0.5515625 0.58515625 0.0265625 0.0421875
1 0.53359375 0.56796875 0.0296875 0.0375
1 0.53828125 0.60546875 0.028125 0.0375
0 0.621875 0.62578125 0.03125 0.05
0 0.65546875 0.615625 0.03125 0.0421875
0 0.64609375 0.65234375 0.03125 0.0375
0 0.67421875 0.63984375 0.0359375 0.0390625
0 0.70703125 0.6265625 0.034375 0.0515625
0 0.72734375 0.58515625 0.034375 0.046875
0 0.61875 0.66484375 0.03125 0.0375
0 0.63125 0.690625 0.03125 0.046875
0 0.6796875 0.68125 0.028125 0.04375
0 0.69375 0.71328125 0.0328125 0.040625
1 0.65625 0.6828125 0.0328125 0.04375
0 0.65625 0.71171875 0.03125 0.0359375
1 0.6359375 0.771875 0.0375 0.04375
0 0.6484375 0.80390625 0.028125 0.0375
0 0.67578125 0.775 0.034375 0.05625
0 0.70234375 0.79921875 0.0375 0.040625
0 0.68125 0.8578125 0.03125 0.0453125
0 0.7078125 0.86640625 0.028125 0.05
0 0.728125 0.88125 0.034375 0.0484375
2 0.6484375 0.89140625 0.0296875 0.0453125
2 0.678125 0.90078125 0.03125 0.0390625
2 0.74296875 0.72265625 0.04375 0.046875
2 0.74765625 0.67734375 0.0375 0.053125
2 0.72109375 0.6640625 0.034375 0.0390625
2 0.7203125 0.759375 0.034375 0.0375
2 0.73203125 0.790625 0.0359375 0.0421875
2 0.709375 0.53203125 0.034375 0.046875
2 0.67734375 0.46875 0.0265625 0.0390625
2 0.65625 0.4921875 0.028125 0.0421875
2 0.70546875 0.471875 0.03125 0.04375
2 0.72890625 0.521875 0.034375 0.040625
2 0.765625 0.53203125 0.0390625 0.05
2 0.76171875 0.5890625 0.04375 0.05
2 0.73203125 0.55390625 0.0328125 0.0375
2 0.7 0.58125 0.03125 0.04375
2 0.68046875 0.6015625 0.0265625 0.046875
2 0.66796875 0.5609375 0.0359375 0.05625
2 0.63828125 0.5625 0.0296875 0.04375
2 0.64921875 0.590625 0.0328125 0.03125