2 0.575 0.77890625 0.034375 0.05
2 0.5375 0.61796875 0.025 0.040625
2 0.51875 0.6 0.028125 0.0328125
2 0.5140625 0.56875 0.025 0.0375
2 0.5640625 0.615625 0.0296875 0.040625
2 0.6 0.59921875 0.03125 0.040625
2 0.625 0.5984375 0.025 0.0390625
2 0.64296875 0.615625 0.03125 0.04375
2 0.6390625 0.571875 0.028125 0.0375
2 0.61484375 0.56640625 0.025 0.034375
2 0.58984375 0.5703125 0.028125 0.034375
2 0.62734375 0.5421875 0.025 0.0359375
2 0.6484375 0.5421875 0.03125 0.04375
2 0.63984375 0.509375 0.0296875 0.034375
2 0.6171875 0.5078125 0.0265625 0.04375
2 0.64140625 0.4796875 0.025 0.040625
2 0.61640625 0.47421875 0.028125 0.0375
2 0.62578125 0.43984375 0.028125 0.04375
2 0.61328125 0.41875 0.0296875 0.034375
0 0.60703125 0.38828125 0.028125 0.034375
0 0.596875 0.3546875 0.028125 0.040625
0 0.5375 0.57109375 0.028125 0.0375
0 0.5296875 0.53828125 0.025 0.03125
0 0.55078125 0.5421875 0.025 0.0375
0 0.5703125 0.5578125 0.025 0.034375
0 0.57265625 0.5265625 0.025 0.0328125
0 0.5953125 0.528125 0.0234375 0.0359375
0 0.546875 0.4984375 0.028125 0.040625
0 0.55078125 0.46796875 0.028125 0.034375
0 0.5703125 0.49375 0.025 0.0375
0 0.5703125 0.4578125 0.028125 0.040625
0 0.5921875 0.48828125 0.03125 0.0375
0 0.59375 0.45625 0.028125 0.034375
2 0.51015625 0.5 0.028125 0.0359375
2 0.5109375 0.53828125 0.025 0.034375
2 0.5140625 0.4625 0.028125 0.0375
2 0.525 0.4328125 0.028125 0.03125
2 0.5234375 0.39765625 0.028125 0.04375
2 0.5453125 0.415625 0.025 0.040625
2 0.54453125 0.38203125 0.0265625 0.034375
2 0.5703125 0.38359375 0.028125 0.0375
2 0.565625 0.353125 0.03125 0.0375
2 0.5671875 0.41484375 0.025 0.0375
2 0.5859375 0.40703125 0.025 0.0359375
2 0.53046875 0.484375 0.025 0.0296875