2 0.1796875 0.31796875 0.015625 0.01875
2 0.18828125 0.3046875 0.0125 0.01875
2 0.1984375 0.2921875 0.01875 0.0203125
2 0.2078125 0.2984375 0.0140625 0.0171875
2 0.2 0.31171875 0.015625 0.01875
2 0.190625 0.3234375 0.015625 0.01875
2 0.18203125 0.33984375 0.015625 0.01875
2 0.19453125 0.3453125 0.015625 0.01875
2 0.1859375 0.35625 0.0125 0.01875
2 0.1734375 0.35234375 0.0140625 0.0203125
2 0.178125 0.36875 0.015625 0.01875
0 0.23828125 0.3515625 0.015625 0.015625
0 0.24765625 0.33984375 0.015625 0.01875
0 0.27265625 0.37109375 0.0125 0.015625
0 0.290625 0.34453125 0.0140625 0.0203125
2 0.26484375 0.3015625 0.0140625 0.0171875
2 0.20234375 0.33203125 0.015625 0.01875
2 0.21171875 0.321875 0.015625 0.01875
2 0.21796875 0.31015625 0.015625 0.01875
2 0.22421875 0.296875 0.015625 0.01875
2 0.23125 0.31328125 0.015625 0.01875
2 0.22421875 0.32578125 0.015625 0.01875
2 0.21484375 0.3390625 0.015625 0.0171875
2 0.20703125 0.3484375 0.015625 0.0171875
2 0.1984375 0.36171875 0.015625 0.0171875
2 0.190625 0.3734375 0.0140625 0.01875
2 0.203125 0.375 0.015625 0.01875
2 0.21171875 0.36328125 0.015625 0.01875
2 0.2171875 0.37890625 0.015625 0.021875
2 0.2265625 0.36875 0.0125 0.01875
2 0.221875 0.35234375 0.015625 0.01875
2 0.22890625 0.34375 0.015625 0.01875
2 0.23671875 0.32890625 0.015625 0.01875
2 0.24453125 0.31328125 0.0125 0.01875
2 0.2390625 0.2953125 0.0125 0.01875
2 0.253125 0.29609375 0.0125 0.0203125
2 0.25625 0.31484375 0.0140625 0.01875
2 0.26796875 0.31875 0.015625 0.015625
2 0.27578125 0.30625 0.015625 0.021875
2 0.28828125 0.30703125 0.015625 0.01875
2 0.28359375 0.321875 0.015625 0.0171875
2 0.2984375 0.31875 0.015625 0.01875
2 0.3046875 0.334375 0.015625 0.021875
2 0.23203125 0.38515625 0.0140625 0.01875
2 0.24609375 0.38984375 0.015625 0.01875
2 0.27734375 0.40390625 0.0171875 0.01875
2 0.28203125 0.41640625 0.0125 0.015625
2 0.29453125 0.41875 0.015625 0.01875
0 0.26796875 0.33046875 0.015625 0.021875
0 0.259375 0.34453125 0.0140625 0.01875
0 0.2515625 0.35625 0.0125 0.01875
0 0.24375 0.36796875 0.0125 0.0171875
0 0.25546875 0.37265625 0.015625 0.01875
0 0.2640625 0.36328125 0.015625 0.01875
0 0.27265625 0.346875 0.0140625 0.01875
0 0.28125 0.33671875 0.015625 0.01875
0 0.28125 0.35625 0.0140625 0.01875
0 0.29375 0.3609375 0.0125 0.015625
0 0.28515625 0.37265625 0.015625 0.01875
0 0.278125 0.38828125 0.015625 0.01875
0 0.265625 0.384375 0.015625 0.01875
0 0.290625 0.390625 0.015625 0.0203125
0 0.29765625 0.37734375 0.015625 0.01875
0 0.3046875 0.365625 0.0125 0.01875
0 0.31640625 0.36484375 0.0125 0.0171875
0 0.309375 0.37890625 0.0140625 0.01875
0 0.30390625 0.39296875 0.015625 0.01875
0 0.2953125 0.40625 0.0125 0.01875
0 0.30703125 0.40859375 0.0125 0.0171875
0 0.315625 0.39453125 0.015625 0.021875
0 0.31953125 0.4125 0.015625 0.01875
0 0.3265625 0.39609375 0.0125 0.01875
0 0.321875 0.38125 0.0125 0.01875
0 0.328125 0.36484375 0.015625 0.01875
0 0.33984375 0.36796875 0.0125 0.015625
0 0.33359375 0.38203125 0.0140625 0.01875
0 0.34375 0.38359375 0.0140625 0.01875
0 0.3515625 0.3703125 0.0140625 0.01875
0 0.35546875 0.38515625 0.0125 0.0171875
0 0.33984375 0.396875 0.015625 0.015625
0 0.33203125 0.4125 0.0125 0.01875
0 0.34296875 0.41484375 0.0125 0.01875
0 0.35078125 0.39921875 0.0125 0.01875
0 0.3546875 0.41640625 0.0125 0.01875
0 0.36171875 0.40546875 0.015625 0.01875
0 0.3671875 0.38984375 0.0125 0.01875
0 0.36484375 0.4171875 0.0140625 0.01875
0 0.37265625 0.4046875 0.0125 0.01875
0 0.37890625 0.38984375 0.015625 0.01875
0 0.378125 0.4171875 0.0125 0.01875
0 0.38359375 0.40625 0.0140625 0.01875
0 0.390625 0.3921875 0.0125 0.01875
0 0.3890625 0.41875 0.0125 0.015625
0 0.38359375 0.43125 0.015625 0.01875
0 0.39765625 0.40703125 0.0140625 0.01875
0 0.40234375 0.390625 0.0140625 0.01875
0 0.40703125 0.40546875 0.0125 0.01875
0 0.4015625 0.41953125 0.0140625 0.015625
0 0.3953125 0.43203125 0.0125 0.01875
0 0.40625 0.434375 0.0125 0.01875
0 0.41328125 0.4203125 0.0125 0.01875
0 0.41953125 0.40625 0.0140625 0.01875
0 0.425 0.42109375 0.0125 0.015625
0 0.41640625 0.43515625 0.015625 0.01875
0 0.428125 0.43671875 0.015625 0.01875
0 0.43671875 0.421875 0.0125 0.01875
0 0.4328125 0.409375 0.0125 0.0171875
0 0.44375 0.41328125 0.0125 0.01875
0 0.440625 0.43828125 0.0125 0.01875
0 0.4484375 0.42734375 0.0125 0.01875
0 0.45546875 0.41484375 0.0140625 0.021875
0 0.459375 0.4296875 0.0125 0.0171875
0 0.45234375 0.44140625 0.015625 0.01875
0 0.4796875 0.41875 0.0140625 0.01875
0 0.484375 0.434375 0.0125 0.01875
0 0.4734375 0.43515625 0.0125 0.0203125
0 0.46796875 0.41953125 0.0125 0.021875
0 0.46484375 0.44375 0.0125 0.01875
2 0.31484375 0.3390625 0.0140625 0.021875
2 0.32734375 0.33984375 0.015625 0.01875
2 0.31015625 0.35078125 0.0125 0.015625
2 0.30625 0.421875 0.0140625 0.01875
2 0.31796875 0.42578125 0.0125 0.01875
2 0.3296875 0.42734375 0.0125 0.01875
2 0.34296875 0.43046875 0.0125 0.01875
2 0.35546875 0.43515625 0.0125 0.01875
2 0.3671875 0.4359375 0.0125 0.01875
2 0.3453125 0.3546875 0.0125 0.0171875
2 0.35625 0.35859375 0.0125 0.01875
2 0.36640625 0.36328125 0.0125 0.01875
2 0.378125 0.3671875 0.015625 0.01875
2 0.390625 0.36953125 0.0125 0.01875
2 0.38046875 0.45 0.015625 0.0171875
2 0.40234375 0.37109375 0.0125 0.0203125
2 0.39375 0.4546875 0.0125 0.01875
2 0.40546875 0.45546875 0.0125 0.01875
2 0.41484375 0.37265625 0.015625 0.021875
2 0.42734375 0.37578125 0.0125 0.01875
2 0.43828125 0.38046875 0.0140625 0.01875
2 0.41796875 0.46015625 0.015625 0.0203125
2 0.4296875 0.46328125 0.0125 0.0203125
2 0.44140625 0.4640625 0.015625 0.01875
2 0.45390625 0.46328125 0.015625 0.01875
2 0.4453125 0.39453125 0.0125 0.01875
2 0.43203125 0.3921875 0.0125 0.01875
2 0.41953125 0.3890625 0.0140625 0.01875
2 0.45625 0.3984375 0.0125 0.01875
2 0.46796875 0.40234375 0.0125 0.01875
2 0.4796875 0.4015625 0.0125 0.015625
2 0.46796875 0.46875 0.015625 0.01875
2 0.4765625 0.45859375 0.0125 0.01875
2 0.4953125 0.41328125 0.015625 0.01875
2 0.5 0.428125 0.0125 0.015625
2 0.49765625 0.44140625 0.0125 0.015625
2 0.48984375 0.4546875 0.0125 0.015625
2 0.484375 0.446875 0.0125 0.015625
2 0.4828125 0.46953125 0.0125 0.01875
2 0.4953125 0.47109375 0.015625 0.021875
2 0.50234375 0.45859375 0.015625 0.01875
2 0.509375 0.44296875 0.0125 0.01875
2 0.50546875 0.47265625 0.015625 0.021875
2 0.51328125 0.45859375 0.0125 0.01875
2 0.52578125 0.4609375 0.015625 0.01875
2 0.51796875 0.4734375 0.0140625 0.01875