2 0.65078125 0.48046875 0.03125 0.046875
2 0.61328125 0.38046875 0.03125 0.040625
2 0.55390625 0.33671875 0.03125 0.040625
2 0.52890625 0.34765625 0.028125 0.0390625
2 0.46328125 0.425 0.034375 0.040625
2 0.43515625 0.43125 0.034375 0.040625
2 0.4546875 0.4625 0.028125 0.034375
2 0.47890625 0.48984375 0.03125 0.05
2 0.4859375 0.45234375 0.028125 0.03125
2 0.5046875 0.48828125 0.0296875 0.0375
2 0.55078125 0.50703125 0.034375 0.040625
2 0.5796875 0.4921875 0.034375 0.0421875
0 0.5671875 0.40234375 0.034375 0.040625
0 0.5265625 0.390625 0.025 0.0375
0 0.51328125 0.42578125 0.025 0.0375
0 0.54375 0.44375 0.0265625 0.034375
2 0.5359375 0.47109375 0.028125 0.0390625
2 0.5921875 0.42421875 0.03125 0.040625
2 0.57890625 0.38125 0.0265625 0.0375
2 0.49921875 0.40859375 0.034375 0.0375
2 0.5640625 0.45859375 0.028125 0.0375