1 0.5453125 0.69453125 0.03828125 0.025
1 0.52265625 0.71875 0.034375 0.02890625
1 0.5453125 0.73046875 0.03515625 0.02421875
1 0.56875 0.71171875 0.0296875 0.02109375
1 0.6 0.7203125 0.0296875 0.021875
1 0.578125 0.73984375 0.03046875 0.0234375
1 0.5578125 0.76328125 0.03203125 0.02265625
1 0.53203125 0.75546875 0.03125 0.02265625
1 0.52421875 0.78671875 0.034375 0.02421875
1 0.54765625 0.79453125 0.0328125 0.01953125
1 0.57421875 0.7859375 0.028125 0.0234375
1 0.6328125 0.72890625 0.034375 0.0203125
1 0.65625 0.7484375 0.0375 0.0203125
1 0.634375 0.76953125 0.03515625 0.0234375
1 0.66953125 0.7703125 0.03515625 0.025
1 0.68984375 0.74765625 0.0359375 0.0265625
1 0.68984375 0.72265625 0.0296875 0.02109375
1 0.60625 0.78515625 0.03515625 0.025
1 0.6921875 0.80546875 0.03359375 0.0265625
1 0.70546875 0.77109375 0.0296875 0.025
1 0.72265625 0.746875 0.03515625 0.028125
1 0.5953125 0.76328125 0.03046875 0.02109375
1 0.6078125 0.740625 0.03515625 0.01796875
0 0.54921875 0.63515625 0.03828125 0.025
0 0.56171875 0.65859375 0.0296875 0.025
0 0.534375 0.6625 0.03359375 0.025
0 0.5015625 0.6625 0.034375 0.02578125
0 0.5203125 0.68515625 0.03046875 0.0265625
0 0.46015625 0.68515625 0.034375 0.02890625
0 0.4875 0.68515625 0.04140625 0.025
0 0.47421875 0.709375 0.03125 0.02578125
0 0.50390625 0.70703125 0.0296875 0.0234375
0 0.490625 0.7328125 0.03671875 0.0234375
0 0.5859375 0.690625 0.0359375 0.0265625
0 0.6609375 0.7203125 0.03125 0.025
0 0.63125 0.7109375 0.02734375 0.02265625
2 0.6109375 0.65078125 0.04140625 0.0265625
2 0.62421875 0.6734375 0.0359375 0.0265625
2 0.65078125 0.6859375 0.034375 0.02578125
2 0.678125 0.67578125 0.03828125 0.02890625
2 0.70234375 0.69375 0.03984375 0.0265625
2 0.76328125 0.77109375 0.04140625 0.034375
2 0.74921875 0.80078125 0.03828125 0.034375
2 0.4234375 0.696875 0.03984375 0.02890625
2 0.45625 0.6546875 0.03828125 0.028125
2 0.43984375 0.72578125 0.0359375 0.03828125
2 0.46015625 0.7515625 0.034375 0.03125
2 0.72265625 0.83125 0.0375 0.03359375
2 0.671875 0.8453125 0.04375 0.03828125
2 0.640625 0.81953125 0.03984375 0.0328125
2 0.60234375 0.81640625 0.03671875 0.02734375
2 0.7390625 0.73203125 0.0375 0.03125
2 0.559375 0.81171875 0.0359375 0.0265625
2 0.5015625 0.63046875 0.0375 0.028125
2 0.534375 0.60859375 0.0359375 0.02734375
2 0.56015625 0.6171875 0.0296875 0.025
2 0.57421875 0.59921875 0.03359375 0.02890625
2 0.54140625 0.5875 0.04140625 0.02890625
2 0.5671875 0.57578125 0.0375 0.0234375