2 0.30859375 0.69765625 0.01484375 0.02734375
2 0.3203125 0.6890625 0.01328125 0.015625
2 0.33203125 0.69453125 0.01484375 0.01796875
2 0.321875 0.70703125 0.01171875 0.0171875
2 0.32421875 0.725 0.01328125 0.01640625
2 0.33203125 0.7109375 0.0140625 0.0203125
2 0.34453125 0.71796875 0.0109375 0.015625
2 0.34375 0.7 0.01171875 0.01796875
2 0.3546875 0.71015625 0.0140625 0.02109375
2 0.33515625 0.7296875 0.0140625 0.0171875
2 0.34453125 0.73671875 0.01484375 0.02109375
2 0.35703125 0.72734375 0.0125 0.0171875
2 0.353125 0.75390625 0.0125 0.0171875
2 0.3578125 0.7453125 0.0125 0.01953125
2 0.32890625 0.7703125 0.01640625 0.01953125
2 0.3375 0.78828125 0.01328125 0.0203125
2 0.3421875 0.76796875 0.0109375 0.01640625
2 0.3515625 0.77421875 0.01015625 0.015625
2 0.3421875 0.8171875 0.01484375 0.0234375
2 0.35625 0.81484375 0.01328125 0.01953125
2 0.3671875 0.81015625 0.01171875 0.0171875
2 0.34765625 0.79765625 0.01171875 0.01640625
2 0.35859375 0.7890625 0.01484375 0.02109375
2 0.36171875 0.7703125 0.01328125 0.01484375
2 0.59375 0.58359375 0.015625 0.02109375
2 0.58828125 0.5984375 0.01484375 0.02109375
2 0.58515625 0.61796875 0.01328125 0.02421875