1 0.50234375 0.68046875 0.0234375 0.0328125
0 0.56640625 0.709375 0.021875 0.03125
0 0.553125 0.73515625 0.025 0.0328125
0 0.546875 0.709375 0.021875 0.0328125
0 0.55625 0.6875 0.021875 0.0296875
0 0.5421875 0.66640625 0.0234375 0.034375
0 0.53515625 0.68984375 0.021875 0.03125
0 0.5265625 0.7125 0.021875 0.03125
0 0.5328125 0.7359375 0.021875 0.03125
0 0.51171875 0.7421875 0.021875 0.03125
0 0.509375 0.715625 0.021875 0.028125
0 0.51875 0.6890625 0.0203125 0.0296875
0 0.525 0.66015625 0.021875 0.034375
0 0.5125 0.6453125 0.021875 0.034375
0 0.51484375 0.6171875 0.021875 0.03125
0 0.49375 0.653125 0.0234375 0.028125
0 0.4859375 0.68046875 0.021875 0.03125
0 0.4734375 0.6609375 0.0203125 0.0296875
0 0.47890625 0.63671875 0.021875 0.028125
0 0.46171875 0.646875 0.01875 0.034375
0 0.49609375 0.62890625 0.025 0.03125
0 0.49921875 0.6046875 0.021875 0.03125
0 0.48203125 0.61015625 0.0203125 0.03125
0 0.4625 0.61328125 0.021875 0.034375
0 0.44453125 0.621875 0.021875 0.03125
0 0.46328125 0.6859375 0.0203125 0.0296875
0 0.4625 0.71171875 0.021875 0.03125
0 0.45078125 0.69375 0.015625 0.03125
1 0.43671875 0.69609375 0.01875 0.03125
0 0.421875 0.7328125 0.0234375 0.034375
0 0.4015625 0.665625 0.0234375 0.03125
0 0.4078125 0.63828125 0.021875 0.03125
0 0.428125 0.634375 0.021875 0.03125
0 0.3921875 0.625 0.0234375 0.034375
0 0.409375 0.6109375 0.025 0.0296875
0 0.42734375 0.60390625 0.021875 0.03125
0 0.4453125 0.59765625 0.0234375 0.028125
0 0.46484375 0.5859375 0.0234375 0.0328125
0 0.48359375 0.5796875 0.021875 0.034375
0 0.4703125 0.559375 0.021875 0.03125
0 0.45078125 0.5734375 0.0234375 0.034375
0 0.43046875 0.57890625 0.021875 0.0328125
0 0.4109375 0.5859375 0.0234375 0.028125
0 0.3890625 0.59375 0.021875 0.034375
0 0.3984375 0.56953125 0.021875 0.03125
0 0.41796875 0.56015625 0.021875 0.034375
0 0.4359375 0.55078125 0.025 0.03125
0 0.45703125 0.5453125 0.0234375 0.03125
0 0.47890625 0.5328125 0.01875 0.03125
0 0.48046875 0.49921875 0.021875 0.0328125
0 0.46328125 0.51015625 0.0234375 0.0328125
0 0.465625 0.4875 0.0234375 0.03125
0 0.40546875 0.54296875 0.0203125 0.03125
0 0.425 0.53359375 0.025 0.03125
0 0.44453125 0.52265625 0.025 0.0328125
0 0.4296875 0.50703125 0.021875 0.0296875
0 0.44453125 0.49375 0.021875 0.03125
0 0.45234375 0.46796875 0.025 0.03125
0 0.46875 0.459375 0.025 0.03125
0 0.45 0.44296875 0.021875 0.0296875
0 0.43359375 0.45625 0.021875 0.0328125
0 0.42734375 0.48125 0.025 0.03125
0 0.41328125 0.4640625 0.0234375 0.0328125
0 0.41015625 0.5171875 0.025 0.03125
0 0.40390625 0.49140625 0.0234375 0.03125
0 0.39140625 0.53125 0.0234375 0.03125
0 0.38515625 0.4921875 0.025 0.03125
0 0.39140625 0.4671875 0.025 0.025
2 0.6046875 0.7328125 0.0234375 0.03125
2 0.58671875 0.74296875 0.025 0.0296875
2 0.5921875 0.71640625 0.0234375 0.03125
2 0.57265625 0.7265625 0.021875 0.028125
2 0.58125 0.76796875 0.025 0.03125
2 0.5671875 0.75234375 0.021875 0.03125
2 0.5640625 0.7796875 0.021875 0.0328125
2 0.5484375 0.7625 0.021875 0.03125
2 0.5421875 0.79140625 0.021875 0.03125
2 0.52890625 0.77265625 0.021875 0.0296875
2 0.521875 0.80234375 0.025 0.0359375
2 0.51015625 0.78359375 0.021875 0.03125
2 0.49921875 0.76953125 0.021875 0.03125
2 0.58359375 0.671875 0.025 0.03125
2 0.57109375 0.653125 0.025 0.0296875
2 0.55625 0.63984375 0.021875 0.028125
2 0.54140625 0.6265625 0.021875 0.034375
2 0.48203125 0.75546875 0.0234375 0.0296875
2 0.471875 0.734375 0.025 0.028125
2 0.48984375 0.72265625 0.0234375 0.0296875
2 0.4765625 0.7046875 0.021875 0.03125
2 0.47734375 0.7828125 0.021875 0.034375
2 0.4640625 0.76875 0.025 0.034375
2 0.453125 0.79296875 0.0234375 0.034375
2 0.43984375 0.77578125 0.0265625 0.0359375
2 0.42734375 0.75703125 0.021875 0.03125
2 0.45078125 0.74921875 0.0234375 0.0296875
2 0.4390625 0.72890625 0.021875 0.0296875
2 0.40546875 0.7265625 0.021875 0.034375
2 0.3921875 0.71328125 0.025 0.034375
2 0.378125 0.6953125 0.0234375 0.0359375
2 0.4109375 0.69765625 0.021875 0.03125
2 0.3953125 0.68515625 0.0234375 0.0265625
2 0.38046875 0.66640625 0.0234375 0.03125
2 0.3671875 0.65078125 0.025 0.0375
2 0.35078125 0.6390625 0.0234375 0.034375
2 0.36796875 0.625 0.0234375 0.034375
2 0.3515625 0.61171875 0.025 0.034375
2 0.37265625 0.596875 0.021875 0.03125
2 0.35859375 0.584375 0.0234375 0.034375
2 0.34609375 0.56328125 0.025 0.0296875
2 0.3640625 0.55859375 0.021875 0.028125
2 0.3796875 0.56953125 0.021875 0.03125
2 0.36640625 0.5328125 0.0234375 0.0390625
2 0.34765625 0.53671875 0.025 0.0359375
2 0.35234375 0.5109375 0.025 0.0296875
2 0.359375 0.48671875 0.0234375 0.034375
2 0.36640625 0.46015625 0.0265625 0.034375
2 0.3765625 0.4328125 0.021875 0.034375
2 0.3921875 0.4515625 0.025 0.0296875
2 0.396875 0.41953125 0.025 0.0375
2 0.4109375 0.43828125 0.025 0.0328125
2 0.428125 0.4234375 0.025 0.03125
2 0.45859375 0.425 0.0265625 0.03125
2 0.490625 0.4296875 0.0234375 0.034375
2 0.51015625 0.4234375 0.0234375 0.034375
2 0.5078125 0.4515625 0.025 0.034375
2 0.4890625 0.45625 0.021875 0.03125
2 0.50234375 0.47734375 0.028125 0.034375
2 0.4984375 0.50390625 0.021875 0.03125
2 0.51015625 0.5203125 0.025 0.0328125
2 0.503125 0.54453125 0.0234375 0.0328125
2 0.4859375 0.55390625 0.021875 0.03125
2 0.4921875 0.53203125 0.01875 0.03125
2 0.4984375 0.575 0.025 0.0328125
2 0.43203125 0.65703125 0.021875 0.03125
2 0.515625 0.56796875 0.021875 0.03125
2 0.52109375 0.53984375 0.0234375 0.0328125
2 0.53515625 0.5546875 0.025 0.0328125
2 0.52890625 0.5828125 0.021875 0.0359375