2 0.31015625 0.7140625 0.015625 0.0296875
2 0.3234375 0.70390625 0.0140625 0.0171875
2 0.3359375 0.71015625 0.01640625 0.01875
2 0.32421875 0.7234375 0.0125 0.01875
2 0.32734375 0.74296875 0.0140625 0.0171875
2 0.33515625 0.72734375 0.01484375 0.021875
2 0.3484375 0.7359375 0.01171875 0.0171875
2 0.34765625 0.71640625 0.0125 0.01953125
2 0.36015625 0.7265625 0.01484375 0.021875
2 0.33828125 0.7484375 0.01484375 0.01875
2 0.3484375 0.75546875 0.015625 0.021875
2 0.3625 0.7453125 0.01328125 0.01875
2 0.3578125 0.7734375 0.01328125 0.01875
2 0.36328125 0.76484375 0.01328125 0.0203125
2 0.33203125 0.79140625 0.0171875 0.0203125
2 0.340625 0.81015625 0.0140625 0.021875
2 0.34609375 0.7890625 0.01171875 0.0171875
2 0.35625 0.7953125 0.0109375 0.01640625
2 0.34609375 0.84140625 0.015625 0.025
2 0.36171875 0.8390625 0.0140625 0.02109375
2 0.37265625 0.83359375 0.0125 0.01796875
2 0.3515625 0.8203125 0.0125 0.0171875
2 0.3640625 0.8109375 0.015625 0.021875
2 0.3671875 0.790625 0.0140625 0.015625
2 0.61484375 0.5921875 0.01640625 0.021875
2 0.60859375 0.6078125 0.01640625 0.021875
2 0.60546875 0.628125 0.0140625 0.02578125