2 0.5390625 0.32265625 0.0296875 0.046875
2 0.5140625 0.321875 0.0265625 0.040625
2 0.52578125 0.3546875 0.028125 0.0375
2 0.49765625 0.34765625 0.0265625 0.040625
2 0.5109375 0.375 0.028125 0.034375
2 0.5234375 0.4015625 0.03125 0.040625
2 0.49921875 0.40390625 0.03125 0.0390625
2 0.48515625 0.375 0.0234375 0.04375
2 0.471875 0.35 0.03125 0.040625
2 0.453125 0.3609375 0.028125 0.034375
2 0.4671875 0.3859375 0.028125 0.0375
2 0.5109375 0.43203125 0.028125 0.034375
2 0.50859375 0.4625 0.028125 0.0328125
2 0.503125 0.49375 0.0265625 0.0390625
2 0.48828125 0.440625 0.025 0.040625
2 0.42578125 0.36640625 0.03125 0.0359375
2 0.440625 0.39375 0.0234375 0.03125
2 0.41875 0.39375 0.028125 0.0328125
2 0.3921875 0.38515625 0.03125 0.04375
2 0.3703125 0.40859375 0.034375 0.0375
2 0.34921875 0.42265625 0.028125 0.0390625
2 0.32421875 0.4359375 0.0359375 0.04375
2 0.29921875 0.45390625 0.03125 0.0421875
2 0.3015625 0.4875 0.028125 0.0390625
2 0.353125 0.55625 0.028125 0.040625
2 0.31953125 0.51015625 0.03125 0.05
2 0.33515625 0.53828125 0.0265625 0.0390625
2 0.4703125 0.546875 0.03125 0.0375
2 0.478125 0.5046875 0.0265625 0.0421875
2 0.43828125 0.5671875 0.034375 0.040625
0 0.4671875 0.42890625 0.03125 0.040625
0 0.46953125 0.4703125 0.0296875 0.040625
0 0.4515625 0.44921875 0.025 0.034375
0 0.4375 0.421875 0.028125 0.034375
0 0.41171875 0.4234375 0.0296875 0.0375
0 0.4296875 0.44921875 0.028125 0.0375
0 0.44375 0.4765625 0.028125 0.03125
0 0.45859375 0.5 0.03125 0.03125
0 0.44609375 0.5265625 0.0296875 0.0359375
0 0.42578125 0.50078125 0.028125 0.0375
0 0.4234375 0.53203125 0.028125 0.03125
0 0.40078125 0.52109375 0.0265625 0.0359375
0 0.4140625 0.4796875 0.0265625 0.0359375
0 0.3984375 0.45234375 0.03125 0.034375
0 0.38984375 0.4875 0.025 0.040625
0 0.371875 0.46171875 0.03125 0.0375
0 0.36640625 0.49453125 0.028125 0.040625
0 0.375 0.521875 0.028125 0.034375
0 0.3484375 0.5125 0.0265625 0.040625
0 0.3265625 0.490625 0.028125 0.0390625