2 0.35625 0.43046875 0.0515625 0.04140625
2 0.3296875 0.459375 0.05 0.03671875
2 0.37109375 0.46328125 0.05234375 0.03515625
2 0.39921875 0.43671875 0.04765625 0.0375
2 0.4171875 0.46328125 0.05078125 0.0390625
2 0.39765625 0.49296875 0.05 0.040625
2 0.37890625 0.5234375 0.05390625 0.04296875
2 0.421875 0.52578125 0.05 0.034375
2 0.4421875 0.49921875 0.05 0.040625
2 0.46171875 0.471875 0.05078125 0.03515625
2 0.490625 0.4953125 0.05234375 0.04140625
2 0.4734375 0.5234375 0.053125 0.03671875
2 0.51796875 0.5296875 0.0453125 0.03671875
2 0.49609375 0.55390625 0.0484375 0.0359375
2 0.540625 0.55859375 0.05625 0.03828125
2 0.521875 0.5828125 0.04921875 0.0375
2 0.45625 0.553125 0.04609375 0.03515625
2 0.40703125 0.55703125 0.05390625 0.04296875
2 0.4296875 0.58515625 0.0484375 0.0390625
2 0.471875 0.58203125 0.05078125 0.0421875
2 0.44140625 0.61953125 0.05703125 0.0453125
2 0.4859375 0.61953125 0.05234375 0.0421875