2 0.54140625 0.63515625 0.05 0.0375
2 0.5828125 0.64296875 0.04375 0.04375
2 0.5546875 0.6609375 0.046875 0.034375
2 0.59453125 0.675 0.05 0.040625
2 0.5578125 0.69375 0.046875 0.0359375
2 0.6015625 0.70390625 0.0484375 0.034375
2 0.59140625 0.73203125 0.0453125 0.034375
2 0.5484375 0.725 0.053125 0.0375
2 0.52109375 0.74140625 0.05 0.040625
2 0.5453125 0.76484375 0.04375 0.0359375
2 0.57734375 0.75859375 0.053125 0.040625
2 0.51015625 0.65 0.046875 0.0375
2 0.51640625 0.68203125 0.05 0.040625
2 0.43515625 0.65390625 0.0453125 0.0375
2 0.37734375 0.60546875 0.05 0.0375
2 0.36484375 0.67578125 0.046875 0.0375
2 0.33046875 0.69296875 0.0390625 0.034375
2 0.3203125 0.721875 0.053125 0.040625
2 0.3625 0.7171875 0.040625 0.040625
2 0.3828125 0.73203125 0.0421875 0.0375
2 0.41328125 0.7421875 0.0359375 0.0375
2 0.465625 0.67265625 0.040625 0.040625
2 0.46875 0.740625 0.046875 0.0390625
0 0.43515625 0.7140625 0.053125 0.0375
0 0.44375 0.69140625 0.0390625 0.03125
0 0.4796875 0.70546875 0.0421875 0.0375