0 0.4265625 0.52734375 0.028125 0.03125
2 0.4375 0.546875 0.025 0.03125
2 0.42890625 0.5765625 0.0265625 0.03125
2 0.4078125 0.58125 0.0265625 0.0375
2 0.41328125 0.5515625 0.0234375 0.034375
2 0.38515625 0.47890625 0.0296875 0.0375
2 0.3703125 0.50546875 0.028125 0.034375
2 0.38046875 0.53671875 0.0265625 0.0359375
2 0.35703125 0.53671875 0.0265625 0.0375
2 0.33046875 0.53203125 0.0296875 0.0375
2 0.3296875 0.5625 0.03125 0.0375
2 0.34375 0.503125 0.0265625 0.0359375
2 0.32109375 0.503125 0.0234375 0.0359375
2 0.3375 0.47421875 0.0234375 0.034375
2 0.3640625 0.315625 0.028125 0.0359375
2 0.38984375 0.32421875 0.028125 0.0375
2 0.40859375 0.34609375 0.0265625 0.040625
2 0.39609375 0.37265625 0.028125 0.034375
2 0.37421875 0.44921875 0.0296875 0.0359375
0 0.38046875 0.40546875 0.0265625 0.0375
0 0.38515625 0.35234375 0.025 0.0359375
0 0.365625 0.37578125 0.03125 0.04375
0 0.36015625 0.43125 0.0265625 0.034375
0 0.3359375 0.43828125 0.028125 0.04375
0 0.3171875 0.46171875 0.0265625 0.0421875
0 0.31015625 0.42890625 0.028125 0.040625
0 0.3265625 0.4 0.0265625 0.04375
0 0.30546875 0.3703125 0.0296875 0.04375
0 0.30234375 0.4015625 0.0265625 0.046875
1 0.28203125 0.3921875 0.0265625 0.040625
1 0.221875 0.4 0.03125 0.040625
1 0.20390625 0.41953125 0.028125 0.0359375
1 0.21171875 0.45234375 0.03125 0.040625
1 0.2296875 0.42890625 0.028125 0.040625
1 0.19609375 0.5109375 0.03125 0.04375
1 0.15703125 0.4359375 0.03125 0.04375
1 0.15390625 0.39921875 0.0296875 0.04375
1 0.17109375 0.36328125 0.034375 0.040625
0 0.26640625 0.35234375 0.0296875 0.04375
0 0.27734375 0.42265625 0.025 0.0375
0 0.253125 0.4234375 0.025 0.046875
0 0.24375 0.39375 0.0265625 0.04375
0 0.24296875 0.46015625 0.0296875 0.0375
0 0.22421875 0.5 0.03125 0.04375
0 0.16953125 0.52265625 0.028125 0.046875
0 0.17734375 0.4828125 0.025 0.04375
0 0.15078125 0.4953125 0.0296875 0.04375
0 0.14375 0.528125 0.03125 0.0484375
0 0.115625 0.5 0.034375 0.0375
0 0.109375 0.53203125 0.0390625 0.04375
2 0.05546875 0.4828125 0.0328125 0.04375
2 0.065625 0.44609375 0.03125 0.034375
2 0.07578125 0.4140625 0.034375 0.0421875
2 0.1015625 0.41015625 0.034375 0.040625
2 0.0921875 0.440625 0.03125 0.040625
2 0.1140625 0.43828125 0.0296875 0.0375
2 0.10546875 0.46953125 0.0296875 0.046875
2 0.08203125 0.475 0.0328125 0.05
2 0.06875 0.51484375 0.034375 0.05
2 0.103125 0.5640625 0.0328125 0.034375
2 0.12421875 0.5828125 0.03125 0.046875
2 0.15234375 0.5703125 0.0296875 0.0421875
2 0.178125 0.5625 0.03125 0.040625
2 0.178125 0.59296875 0.0328125 0.034375
2 0.203125 0.6109375 0.0328125 0.040625
2 0.1984375 0.55 0.03125 0.040625
2 0.20234375 0.578125 0.03125 0.040625
2 0.225 0.56328125 0.03125 0.040625
2 0.22421875 0.53828125 0.025 0.0375
2 0.1296875 0.35625 0.034375 0.0359375
2 0.103125 0.37578125 0.03125 0.040625
0 0.12578125 0.39296875 0.0328125 0.04375
0 0.134375 0.4234375 0.03125 0.040625
0 0.19453125 0.34453125 0.028125 0.0359375
2 0.23515625 0.3109375 0.0359375 0.0421875
2 0.2359375 0.3421875 0.028125 0.040625
2 0.25859375 0.290625 0.03125 0.05
2 0.28203125 0.30234375 0.028125 0.040625
2 0.26328125 0.3234375 0.0265625 0.0359375
2 0.2859375 0.32734375 0.0265625 0.0375
2 0.28203125 0.44921875 0.03125 0.034375
2 0.26171875 0.459375 0.025 0.040625
2 0.265625 0.4890625 0.028125 0.04375
2 0.29140625 0.47265625 0.03125 0.0375
2 0.328125 0.28984375 0.034375 0.04375
2 0.30703125 0.31796875 0.0296875 0.04375
2 0.3265625 0.33203125 0.03125 0.0375
0 0.33125 0.36484375 0.0296875 0.040625
2 0.34765625 0.33984375 0.025 0.0421875
2 0.36484375 0.33671875 0.03125 0.04375