0 0.54453125 0.58515625 0.028125 0.0390625
0 0.565625 0.56484375 0.03125 0.034375
0 0.56484375 0.60078125 0.0296875 0.040625
0 0.56328125 0.534375 0.034375 0.0375
0 0.5625 0.49921875 0.034375 0.0390625
0 0.5671875 0.46796875 0.03125 0.04375
0 0.5765625 0.440625 0.03125 0.034375
0 0.5984375 0.4515625 0.03125 0.0390625
0 0.58671875 0.4796875 0.025 0.0375
0 0.59765625 0.41875 0.0296875 0.034375
0 0.58515625 0.51484375 0.03125 0.04375
0 0.58359375 0.5453125 0.03125 0.0421875
0 0.58671875 0.58515625 0.034375 0.0421875
0 0.60546875 0.56796875 0.03125 0.040625
0 0.60625 0.5328125 0.0296875 0.05
0 0.61015625 0.50078125 0.028125 0.040625
0 0.61875 0.47265625 0.028125 0.04375
0 0.61953125 0.4375 0.028125 0.040625
0 0.61796875 0.40078125 0.028125 0.0375
0 0.63671875 0.38515625 0.034375 0.04375
0 0.63828125 0.41875 0.03125 0.0375
0 0.63984375 0.45390625 0.03125 0.040625
0 0.63828125 0.4875 0.0328125 0.040625
0 0.62890625 0.52109375 0.028125 0.0359375
0 0.628125 0.55234375 0.028125 0.04375
0 0.6484375 0.53671875 0.0296875 0.0484375
0 0.6609375 0.5109375 0.025 0.0375
0 0.6609375 0.4734375 0.028125 0.04375
0 0.6625 0.4421875 0.028125 0.04375
0 0.66171875 0.40234375 0.0296875 0.040625
0 0.65859375 0.36875 0.028125 0.04375
0 0.6859375 0.31640625 0.03125 0.040625
0 0.6796875 0.35 0.0296875 0.040625
0 0.6796875 0.38515625 0.0265625 0.04375
0 0.68203125 0.42265625 0.0296875 0.040625
0 0.6828125 0.45546875 0.0296875 0.04375
0 0.6828125 0.48828125 0.0296875 0.0375
0 0.6828125 0.521875 0.03125 0.040625
0 0.70625 0.29296875 0.0296875 0.0375
0 0.70625 0.32734375 0.03125 0.040625
0 0.7015625 0.36171875 0.0296875 0.0421875
0 0.70078125 0.3953125 0.034375 0.04375
0 0.7046875 0.43359375 0.0296875 0.0421875
0 0.7046875 0.4671875 0.0296875 0.040625
0 0.70703125 0.5 0.03125 0.0375
0 0.72890625 0.3 0.028125 0.0375
0 0.7296875 0.334375 0.028125 0.04375
0 0.72578125 0.375 0.0328125 0.046875
0 0.72578125 0.4078125 0.0296875 0.04375
0 0.72890625 0.44453125 0.03125 0.04375
0 0.7296875 0.475 0.03125 0.04375
0 0.75234375 0.45546875 0.03125 0.0421875
0 0.74921875 0.41953125 0.028125 0.0421875
0 0.74921875 0.38203125 0.03125 0.0484375
0 0.753125 0.34765625 0.028125 0.040625
0 0.75625 0.31484375 0.0296875 0.04375
0 0.77421875 0.32578125 0.028125 0.040625
0 0.77578125 0.36328125 0.03125 0.04375
0 0.77109375 0.396875 0.0296875 0.04375
0 0.77109375 0.4359375 0.03125 0.0421875
0 0.79921875 0.378125 0.03125 0.040625
0 0.796875 0.41171875 0.0296875 0.04375
0 0.82109375 0.39140625 0.028125 0.04375
2 0.78125 0.2109375 0.0296875 0.040625
2 0.7390625 0.22109375 0.0296875 0.0421875
2 0.76015625 0.2296875 0.0296875 0.040625
2 0.7796875 0.246875 0.0328125 0.0421875
2 0.803125 0.26171875 0.028125 0.0375
2 0.78046875 0.2859375 0.025 0.0375
2 0.8015625 0.3 0.03125 0.0375
2 0.80703125 0.33671875 0.0328125 0.0390625
2 0.82734375 0.35234375 0.03125 0.0375
2 0.85546875 0.40234375 0.03125 0.046875
2 0.834375 0.42265625 0.028125 0.034375
2 0.8109375 0.4421875 0.034375 0.040625
2 0.78671875 0.459375 0.0328125 0.040625
2 0.7640625 0.4734375 0.0328125 0.0421875
2 0.74609375 0.4984375 0.0296875 0.0375
2 0.72265625 0.525 0.03125 0.040625
2 0.7015625 0.5421875 0.03125 0.040625
2 0.6796875 0.55703125 0.0296875 0.0375
2 0.7328125 0.25390625 0.0265625 0.0375
2 0.75703125 0.26875 0.03125 0.0375
2 0.71171875 0.24140625 0.034375 0.05
2 0.6921875 0.265625 0.0296875 0.0359375
2 0.66953125 0.29140625 0.028125 0.040625
2 0.6484375 0.30625 0.028125 0.0375
2 0.6296875 0.32421875 0.0296875 0.0375
2 0.6484375 0.3421875 0.03125 0.0375
2 0.60703125 0.3390625 0.028125 0.0421875
2 0.62578125 0.36015625 0.0296875 0.040625
2 0.60390625 0.3765625 0.0265625 0.0390625
2 0.584375 0.3921875 0.028125 0.0421875
2 0.56484375 0.41171875 0.0296875 0.0375
2 0.54296875 0.42421875 0.034375 0.0390625
2 0.52265625 0.4453125 0.03125 0.0375
2 0.54296875 0.46171875 0.028125 0.0390625
2 0.51953125 0.47890625 0.0296875 0.0375
2 0.54140625 0.49765625 0.028125 0.0375
2 0.5234375 0.515625 0.028125 0.0375
2 0.5 0.4953125 0.0296875 0.040625
2 0.503125 0.5265625 0.03125 0.040625
2 0.48125 0.53984375 0.03125 0.0421875
2 0.48828125 0.5734375 0.0296875 0.0390625
2 0.50859375 0.56484375 0.028125 0.0375
2 0.5265625 0.546875 0.028125 0.04375
2 0.51171875 0.6015625 0.025 0.046875
2 0.48515625 0.60859375 0.0296875 0.046875
2 0.528125 0.621875 0.0296875 0.04375
2 0.55390625 0.63359375 0.03125 0.040625
2 0.59296875 0.640625 0.034375 0.04375
2 0.615625 0.6234375 0.0296875 0.04375
2 0.63984375 0.60234375 0.028125 0.04375
2 0.6578125 0.5828125 0.0296875 0.0375