2 0.47734375 0.715625 0.0375 0.046875
2 0.5125 0.70703125 0.0375 0.04375
2 0.53359375 0.65546875 0.03125 0.04375
2 0.5484375 0.69453125 0.034375 0.0453125
2 0.5828125 0.68515625 0.03125 0.0390625
2 0.55078125 0.60625 0.0375 0.04375
2 0.56796875 0.64375 0.0359375 0.040625
2 0.6078125 0.64765625 0.034375 0.046875
2 0.64375 0.67265625 0.0375 0.046875
2 0.6203125 0.6046875 0.034375 0.04375
2 0.615625 0.553125 0.034375 0.053125
2 0.64296875 0.628125 0.034375 0.046875
2 0.64765625 0.5765625 0.03125 0.05
2 0.67265625 0.60390625 0.0375 0.040625
2 0.6796875 0.64296875 0.040625 0.053125
2 0.6921875 0.56875 0.03125 0.04375
2 0.67265625 0.5359375 0.034375 0.046875