2 0.325 0.46171875 0.04609375 0.0296875
2 0.32421875 0.48671875 0.03984375 0.02578125
2 0.35625 0.475 0.03671875 0.02890625
2 0.34921875 0.503125 0.03984375 0.02578125
2 0.3765625 0.48984375 0.03359375 0.0265625
2 0.40234375 0.47734375 0.040625 0.03125
2 0.4046875 0.50078125 0.03828125 0.03046875
2 0.3765625 0.515625 0.04375 0.02265625
2 0.3515625 0.52890625 0.03984375 0.03125
2 0.3625 0.546875 0.034375 0.028125
2 0.38671875 0.5328125 0.0375 0.02734375
2 0.4328125 0.48984375 0.03515625 0.028125
2 0.46328125 0.4921875 0.0328125 0.02890625
2 0.49375 0.49765625 0.03828125 0.02578125
2 0.44140625 0.5125 0.03984375 0.02578125
2 0.36796875 0.57421875 0.0359375 0.0296875
2 0.39453125 0.559375 0.03125 0.0234375
2 0.39453125 0.58125 0.0328125 0.028125
2 0.3859375 0.60703125 0.0421875 0.03125
2 0.41015625 0.62890625 0.0375 0.03359375
2 0.4234375 0.65 0.03828125 0.028125
2 0.43671875 0.67421875 0.04375 0.0359375
2 0.4546875 0.69921875 0.04140625 0.0296875
2 0.4875 0.696875 0.03828125 0.02734375
2 0.55546875 0.6453125 0.0390625 0.028125
2 0.509375 0.67890625 0.04921875 0.03125
2 0.5375 0.66328125 0.03828125 0.02578125
2 0.54609375 0.53046875 0.03671875 0.0296875
2 0.5046875 0.521875 0.04140625 0.02578125
2 0.56640625 0.56171875 0.03984375 0.03359375
0 0.4296875 0.5328125 0.03984375 0.03046875
0 0.4703125 0.53046875 0.03984375 0.0296875
0 0.44921875 0.5484375 0.034375 0.02578125
0 0.42265625 0.5625 0.034375 0.028125
0 0.42421875 0.5875 0.0375 0.0296875
0 0.45 0.5703125 0.03671875 0.028125
0 0.47734375 0.55625 0.03125 0.02890625
0 0.5 0.5421875 0.03203125 0.03125
0 0.52578125 0.55390625 0.0359375 0.0296875
0 0.50078125 0.57421875 0.03671875 0.028125
0 0.53203125 0.5765625 0.03125 0.028125
0 0.52109375 0.59921875 0.0359375 0.02578125
0 0.4796875 0.5859375 0.0359375 0.02578125
0 0.45234375 0.60078125 0.034375 0.0296875
0 0.4875 0.61015625 0.03984375 0.02578125
0 0.46171875 0.62734375 0.0375 0.03046875
0 0.49453125 0.63203125 0.0390625 0.028125
0 0.521875 0.62421875 0.03515625 0.028125
0 0.5125 0.65078125 0.040625 0.02578125
0 0.49140625 0.67265625 0.03828125 0.02734375