2 0.321875 0.42421875 0.03046875 0.02109375
2 0.353125 0.4375 0.0265625 0.02109375
2 0.3109375 0.44140625 0.02890625 0.02109375
2 0.3328125 0.4421875 0.02578125 0.01796875
2 0.3234375 0.45625 0.028125 0.02109375
2 0.346875 0.45625 0.025 0.01953125
2 0.34375 0.4703125 0.028125 0.02109375
2 0.3203125 0.4734375 0.028125 0.01796875
2 0.3078125 0.48671875 0.03203125 0.02109375
2 0.328125 0.4875 0.028125 0.01953125
2 0.35703125 0.48203125 0.02734375 0.01796875
2 0.3375 0.5015625 0.025 0.0203125
2 0.36015625 0.49921875 0.0296875 0.021875
2 0.38125 0.5015625 0.02578125 0.02109375
2 0.36953125 0.51484375 0.03203125 0.0203125
2 0.3921875 0.51640625 0.02734375 0.01875
2 0.403125 0.53125 0.03046875 0.021875
2 0.409375 0.54453125 0.0328125 0.01953125
2 0.39140625 0.55703125 0.028125 0.02109375
2 0.41328125 0.56015625 0.02890625 0.02109375
2 0.43515625 0.5734375 0.03046875 0.02421875
2 0.4140625 0.5828125 0.02890625 0.02421875
2 0.44140625 0.5875 0.028125 0.0234375
2 0.4703125 0.58828125 0.0328125 0.025
2 0.42265625 0.59765625 0.03125 0.01953125
2 0.40390625 0.6078125 0.02734375 0.02109375
2 0.38984375 0.62265625 0.028125 0.02265625
2 0.40703125 0.63203125 0.02578125 0.021875
2 0.425 0.615625 0.028125 0.021875
2 0.44296875 0.60390625 0.02578125 0.01875
2 0.475 0.60390625 0.0265625 0.01875
2 0.49140625 0.61484375 0.03046875 0.02265625
2 0.4375 0.6484375 0.02890625 0.0265625
0 0.43359375 0.62421875 0.02734375 0.02265625
0 0.45234375 0.6140625 0.028125 0.0171875
0 0.459375 0.62890625 0.0265625 0.02265625
0 0.478125 0.6203125 0.02578125 0.01953125
0 0.48359375 0.6328125 0.03203125 0.01953125
0 0.4703125 0.64609375 0.02265625 0.01875
0 0.52421875 0.665625 0.02734375 0.01796875
0 0.528125 0.68203125 0.03046875 0.0203125
0 0.53046875 0.69765625 0.028125 0.01953125
2 0.46015625 0.6703125 0.0328125 0.02265625
2 0.4859375 0.66015625 0.0296875 0.02109375
2 0.5046875 0.6453125 0.02734375 0.02265625
2 0.521875 0.65546875 0.028125 0.0171875
2 0.484375 0.6765625 0.02890625 0.01953125
2 0.50390625 0.6671875 0.021875 0.01875
2 0.46796875 0.68828125 0.02734375 0.01953125
2 0.4890625 0.69375 0.02890625 0.01796875
2 0.47109375 0.70546875 0.03359375 0.01796875
2 0.50703125 0.68203125 0.02578125 0.01953125
2 0.509375 0.6984375 0.02421875 0.0203125
2 0.49140625 0.71015625 0.03046875 0.01953125
2 0.51171875 0.71796875 0.02734375 0.01953125
2 0.48828125 0.7265625 0.03203125 0.021875
2 0.55078125 0.6984375 0.028125 0.02109375
2 0.53671875 0.7203125 0.0296875 0.0234375
2 0.56171875 0.7125 0.02890625 0.01953125
2 0.5703125 0.7265625 0.0296875 0.01953125
2 0.57890625 0.7390625 0.03515625 0.02265625
2 0.59375 0.753125 0.0296875 0.0203125
2 0.603125 0.76875 0.02890625 0.02109375
2 0.6140625 0.78125 0.028125 0.02109375
2 0.6265625 0.796875 0.02890625 0.01796875
2 0.63203125 0.81328125 0.03203125 0.021875
2 0.54765625 0.734375 0.02890625 0.0203125
2 0.55390625 0.74921875 0.028125 0.02109375
2 0.571875 0.7578125 0.0328125 0.01953125
2 0.58046875 0.77421875 0.03359375 0.021875
2 0.59140625 0.7890625 0.028125 0.0203125
2 0.59453125 0.80390625 0.03125 0.01953125
2 0.60234375 0.81953125 0.02890625 0.02109375
2 0.5140625 0.7328125 0.0296875 0.0203125
2 0.52890625 0.7453125 0.03046875 0.01875
2 0.5328125 0.76328125 0.025 0.02109375
2 0.55390625 0.7703125 0.0328125 0.02109375
2 0.55859375 0.78359375 0.03203125 0.02109375
2 0.56953125 0.8 0.03046875 0.02109375
2 0.575 0.8171875 0.03125 0.02109375
2 0.58046875 0.8328125 0.03125 0.0203125
2 0.49609375 0.7484375 0.0296875 0.0203125
2 0.51015625 0.759375 0.03046875 0.02265625
2 0.5140625 0.77578125 0.0296875 0.01953125
2 0.534375 0.78046875 0.0296875 0.02109375
2 0.51640625 0.79453125 0.0296875 0.02265625
2 0.53828125 0.79921875 0.034375 0.021875
2 0.55 0.81328125 0.0375 0.0234375
2 0.56015625 0.83046875 0.0296875 0.0203125
2 0.56328125 0.84765625 0.03203125 0.02265625
2 0.60390625 0.8390625 0.028125 0.02265625
2 0.62265625 0.82578125 0.03046875 0.0234375
2 0.64609375 0.82265625 0.02890625 0.02265625
2 0.65390625 0.83671875 0.02890625 0.01953125
2 0.62734375 0.84296875 0.03125 0.02265625
2 0.58671875 0.853125 0.03125 0.0234375
2 0.5734375 0.8671875 0.0328125 0.01953125
2 0.578125 0.88515625 0.0328125 0.02421875
2 0.59921875 0.871875 0.02890625 0.02265625
2 0.61171875 0.85703125 0.02578125 0.02109375
2 0.6234375 0.87109375 0.03046875 0.02109375
2 0.60625 0.8890625 0.03203125 0.021875
2 0.64375 0.85234375 0.03046875 0.01953125
2 0.6703125 0.85546875 0.03359375 0.02578125
2 0.6484375 0.86875 0.03125 0.021875
2 0.6375 0.88984375 0.03671875 0.02265625
2 0.6234375 0.90625 0.034375 0.02109375
2 0.64921875 0.90234375 0.03125 0.02265625
2 0.665625 0.9203125 0.034375 0.02109375
2 0.6609375 0.8859375 0.034375 0.01875
2 0.67421875 0.9015625 0.03046875 0.02421875
2 0.6890625 0.91484375 0.03515625 0.02265625
2 0.68359375 0.8765625 0.03125 0.02109375
2 0.69765625 0.89140625 0.0375 0.0203125
2 0.71484375 0.90703125 0.03125 0.02109375