0 0.26953125 0.1953125 0.01875 0.025
2 0.334375 0.19453125 0.01875 0.0234375
2 0.31796875 0.18671875 0.01875 0.025
2 0.3234375 0.21171875 0.01875 0.025
2 0.30859375 0.2046875 0.01875 0.028125
2 0.30390625 0.17734375 0.01875 0.025
2 0.29453125 0.19296875 0.01875 0.0234375
2 0.29765625 0.221875 0.01875 0.028125
2 0.28515625 0.2078125 0.01875 0.025
2 0.2890625 0.16640625 0.0171875 0.028125
2 0.2734375 0.16328125 0.01875 0.0265625
2 0.2546875 0.16328125 0.01875 0.03125
2 0.24375 0.17890625 0.01875 0.025
2 0.23671875 0.19921875 0.01875 0.028125
2 0.2515625 0.20234375 0.01875 0.0234375
2 0.25859375 0.22265625 0.01875 0.0296875
2 0.275 0.22734375 0.01875 0.028125
1 0.44140625 0.48359375 0.01875 0.0234375
1 0.45078125 0.49765625 0.01875 0.021875
1 0.446875 0.51796875 0.0171875 0.025
1 0.4359375 0.50234375 0.015625 0.025
0 0.44140625 0.34375 0.0171875 0.021875
0 0.43984375 0.36171875 0.01875 0.021875
0 0.43828125 0.3796875 0.0171875 0.021875
0 0.421875 0.36328125 0.01875 0.025
0 0.409375 0.375 0.015625 0.021875
0 0.40390625 0.3921875 0.015625 0.021875
0 0.421875 0.3890625 0.01875 0.025
0 0.4203125 0.40703125 0.01875 0.0203125
0 0.41875 0.42578125 0.01875 0.0234375
0 0.4359375 0.40078125 0.01875 0.0234375
0 0.4328125 0.41953125 0.0171875 0.0203125
0 0.43515625 0.43671875 0.0171875 0.025
0 0.4484375 0.42890625 0.01875 0.021875
0 0.44921875 0.41171875 0.015625 0.01875
0 0.453125 0.39375 0.01875 0.021875
0 0.4703125 0.40234375 0.01875 0.0234375
0 0.4640625 0.41953125 0.01875 0.0234375
0 0.47734375 0.43203125 0.015625 0.0234375
0 0.48203125 0.4484375 0.015625 0.021875
0 0.46328125 0.43984375 0.01875 0.025
0 0.46796875 0.45625 0.015625 0.01875
0 0.48046875 0.4671875 0.015625 0.021875
0 0.48046875 0.4875 0.015625 0.0234375
0 0.46796875 0.47578125 0.015625 0.025
0 0.46796875 0.49453125 0.01875 0.0234375
0 0.45625 0.465625 0.015625 0.021875
0 0.45078125 0.4484375 0.0171875 0.021875
0 0.43515625 0.45546875 0.0171875 0.021875
0 0.41875 0.44765625 0.01875 0.0265625
0 0.42109375 0.4671875 0.01875 0.025
0 0.40546875 0.47265625 0.01875 0.025
0 0.415625 0.4875 0.01875 0.021875
0 0.40390625 0.5 0.0203125 0.025
0 0.39453125 0.48671875 0.015625 0.025
0 0.39453125 0.5171875 0.015625 0.0234375
0 0.41640625 0.51328125 0.01875 0.0265625
0 0.41015625 0.5296875 0.0171875 0.0234375
0 0.4125 0.54921875 0.0203125 0.025
0 0.4234375 0.53984375 0.01875 0.021875
0 0.42890625 0.5234375 0.01875 0.025
0 0.4484375 0.54921875 0.015625 0.021875
0 0.44140625 0.5328125 0.015625 0.0234375
0 0.46796875 0.5140625 0.01875 0.0234375
0 0.47578125 0.53046875 0.01875 0.025
0 0.46015625 0.53828125 0.01875 0.025
0 0.47421875 0.55 0.01875 0.0234375
0 0.46171875 0.56171875 0.015625 0.0234375
0 0.446875 0.56953125 0.01875 0.021875
0 0.43515625 0.55390625 0.015625 0.025
0 0.421875 0.565625 0.01875 0.025
0 0.40859375 0.57421875 0.0171875 0.025
2 0.47890625 0.38828125 0.01875 0.028125
2 0.4875 0.40625 0.01875 0.0265625
2 0.4921875 0.43515625 0.015625 0.0234375
2 0.49609375 0.48828125 0.01875 0.0265625
2 0.49921875 0.5125 0.0203125 0.0234375
2 0.4859375 0.49921875 0.0171875 0.021875
2 0.484375 0.51953125 0.0171875 0.021875
2 0.49609375 0.5328125 0.01875 0.025
2 0.49609375 0.553125 0.01875 0.021875
2 0.4921875 0.5703125 0.0203125 0.025
2 0.490625 0.58828125 0.0203125 0.025
2 0.47578125 0.57734375 0.0171875 0.0234375
2 0.46171875 0.58359375 0.0171875 0.0265625
2 0.44921875 0.59140625 0.0171875 0.025
2 0.43515625 0.5796875 0.0171875 0.025
2 0.42421875 0.590625 0.01875 0.025
2 0.4125 0.59921875 0.01875 0.025
2 0.390625 0.5515625 0.01875 0.0265625
2 0.38671875 0.57421875 0.01875 0.025
2 0.40078125 0.58828125 0.0125 0.025
2 0.38046875 0.54140625 0.01875 0.0234375
2 0.3765625 0.5609375 0.01875 0.025
2 0.365625 0.53125 0.01875 0.0265625
2 0.378125 0.51875 0.01875 0.021875
2 0.4609375 0.3671875 0.01875 0.021875
2 0.4359375 0.3296875 0.015625 0.0203125
2 0.4203125 0.33203125 0.01875 0.0234375
2 0.40546875 0.34140625 0.01875 0.028125
2 0.39140625 0.35078125 0.0171875 0.0234375
2 0.3875 0.3671875 0.021875 0.0265625
2 0.3828125 0.3859375 0.021875 0.0234375
2 0.37890625 0.4046875 0.0203125 0.025
2 0.39375 0.41875 0.0171875 0.021875
2 0.40625 0.42890625 0.015625 0.0234375
2 0.40546875 0.44765625 0.015625 0.0234375
2 0.3921875 0.43828125 0.01875 0.021875
2 0.3890625 0.45625 0.01875 0.021875
2 0.378125 0.42421875 0.01875 0.021875
2 0.3765625 0.44453125 0.0203125 0.025
2 0.3734375 0.4625 0.01875 0.025
2 0.37890625 0.4796875 0.01875 0.0234375
2 0.37578125 0.49921875 0.01875 0.0234375