0 0.3953125 0.64609375 0.0234375 0.034375
0 0.38046875 0.6734375 0.025 0.0328125
0 0.37421875 0.6453125 0.021875 0.0375
0 0.3609375 0.67109375 0.021875 0.034375
0 0.35546875 0.6421875 0.0265625 0.03125
0 0.36875 0.615625 0.0234375 0.03125
0 0.34765625 0.61484375 0.021875 0.028125
0 0.3359375 0.64140625 0.01875 0.034375
0 0.32734375 0.61796875 0.021875 0.0359375
0 0.3390625 0.671875 0.021875 0.0375
0 0.32578125 0.68828125 0.01875 0.03125
0 0.3171875 0.71328125 0.025 0.0375
0 0.31015625 0.6734375 0.021875 0.0375
0 0.3203125 0.6484375 0.0203125 0.034375
0 0.29921875 0.65 0.025 0.0375
0 0.30703125 0.62265625 0.021875 0.03125
2 0.4578125 0.66484375 0.025 0.0375
2 0.43828125 0.68203125 0.025 0.034375
2 0.43828125 0.65234375 0.025 0.034375
2 0.453125 0.62890625 0.0265625 0.034375
2 0.434375 0.6125 0.025 0.028125
2 0.42109375 0.63671875 0.021875 0.0328125
2 0.4140625 0.6078125 0.021875 0.028125
2 0.42265625 0.58203125 0.025 0.0359375
2 0.40390625 0.5828125 0.025 0.0375
2 0.3890625 0.60703125 0.021875 0.03125
2 0.38046875 0.58125 0.025 0.0375
2 0.421875 0.6640625 0.025 0.0328125
2 0.4203125 0.69609375 0.025 0.0375
2 0.40859375 0.72109375 0.0265625 0.0375
2 0.40078125 0.6921875 0.0234375 0.0375
2 0.38828125 0.71875 0.0234375 0.034375
2 0.3890625 0.7484375 0.025 0.040625
2 0.3671875 0.746875 0.028125 0.034375
2 0.3703125 0.71953125 0.0234375 0.034375
2 0.3515625 0.721875 0.0234375 0.034375
2 0.346875 0.74921875 0.021875 0.034375
2 0.3578125 0.77109375 0.0265625 0.0359375
2 0.3390625 0.7734375 0.0234375 0.0375
2 0.29453125 0.7234375 0.025 0.034375
2 0.3125 0.73828125 0.021875 0.0328125
2 0.2859375 0.675 0.025 0.0375
2 0.27421875 0.625 0.028125 0.03125
2 0.2796875 0.596875 0.028125 0.0375
2 0.29921875 0.59375 0.028125 0.0375
2 0.31875 0.5859375 0.028125 0.04375
2 0.34140625 0.58515625 0.0296875 0.04375
2 0.3578125 0.58125 0.03125 0.0421875
2 0.29921875 0.51953125 0.03125 0.0421875
2 0.3515625 0.40703125 0.03125 0.046875