2 0.70546875 0.496875 0.0296875 0.053125
2 0.6734375 0.50703125 0.0375 0.046875
2 0.61953125 0.45859375 0.03125 0.0484375
2 0.6375 0.484375 0.028125 0.0390625
2 0.64375 0.52109375 0.028125 0.0375
2 0.65625 0.55703125 0.0296875 0.040625
2 0.61015625 0.5046875 0.034375 0.034375
2 0.61796875 0.54765625 0.0265625 0.0484375
2 0.590625 0.4765625 0.03125 0.05
2 0.55390625 0.48359375 0.03125 0.046875
2 0.53984375 0.4484375 0.0328125 0.053125
2 0.54140625 0.515625 0.034375 0.04375
2 0.553125 0.5609375 0.03125 0.053125
2 0.53046875 0.55234375 0.028125 0.05
2 0.5109375 0.52578125 0.028125 0.0453125
2 0.51796875 0.4828125 0.0359375 0.05
2 0.4859375 0.4953125 0.03125 0.046875
2 0.5234375 0.39609375 0.028125 0.0453125
2 0.51796875 0.3390625 0.028125 0.05625
2 0.4953125 0.34296875 0.0171875 0.0421875
2 0.503125 0.42265625 0.03125 0.046875
0 0.5921875 0.53125 0.0375 0.0421875
0 0.478125 0.421875 0.0390625 0.05