2 0.61171875 0.48203125 0.028125 0.028125
2 0.628125 0.31015625 0.025 0.03125
2 0.61640625 0.3703125 0.0234375 0.03125
2 0.621875 0.55625 0.025 0.03125
2 0.61640625 0.45234375 0.0234375 0.03125
2 0.6265625 0.39453125 0.025 0.03125
2 0.62421875 0.42734375 0.0234375 0.03125
2 0.62578125 0.34453125 0.025 0.03125
2 0.6296875 0.49921875 0.025 0.03125
2 0.6671875 0.31640625 0.025 0.03125
2 0.69453125 0.5 0.021875 0.028125
2 0.6515625 0.29375 0.025 0.03125
2 0.6515625 0.26171875 0.021875 0.0296875
2 0.64921875 0.521875 0.025 0.03125
2 0.6703125 0.5375 0.025 0.03125
2 0.66015625 0.34609375 0.021875 0.03125
2 0.65 0.38671875 0.0234375 0.03125
2 0.64375 0.33203125 0.025 0.0328125
2 0.671875 0.50859375 0.025 0.034375
2 0.6515625 0.490625 0.025 0.03125
2 0.7109375 0.51328125 0.0234375 0.03125
2 0.63984375 0.36015625 0.021875 0.0328125
2 0.68046875 0.45234375 0.025 0.0328125
2 0.66328125 0.43125 0.0234375 0.03125
2 0.665625 0.40078125 0.0234375 0.03125
2 0.64375 0.54609375 0.021875 0.028125
2 0.65625 0.4625 0.025 0.03125
2 0.69375 0.4734375 0.0234375 0.03125
2 0.690625 0.4234375 0.0234375 0.0296875
2 0.63984375 0.44765625 0.025 0.03125
2 0.6734375 0.48203125 0.021875 0.03125
2 0.63359375 0.475 0.021875 0.028125