2 0.5984375 0.465625 0.0328125 0.040625
2 0.57890625 0.6703125 0.0328125 0.0359375
2 0.60234375 0.65 0.034375 0.0375
2 0.59453125 0.61953125 0.034375 0.034375
2 0.62265625 0.628125 0.034375 0.04375
2 0.6125 0.59453125 0.034375 0.0390625
2 0.59765625 0.57109375 0.034375 0.040625
2 0.61953125 0.55390625 0.0359375 0.040625
2 0.60625 0.52421875 0.0359375 0.04375
2 0.634375 0.58515625 0.03125 0.04375
2 0.64765625 0.55390625 0.0328125 0.040625
2 0.634375 0.5234375 0.034375 0.04375
2 0.61796875 0.49375 0.034375 0.0359375
2 0.62421875 0.465625 0.0328125 0.040625
2 0.6515625 0.50546875 0.03125 0.040625
2 0.67109375 0.53125 0.034375 0.0484375