2 0.55390625 0.553125 0.021875 0.0328125
2 0.5375 0.53359375 0.025 0.0328125
2 0.4953125 0.434375 0.025 0.034375
2 0.33203125 0.31484375 0.025 0.0328125
2 0.5 0.46796875 0.025 0.034375
2 0.3359375 0.3453125 0.0265625 0.034375
2 0.34453125 0.41953125 0.025 0.034375
2 0.53046875 0.5625 0.025 0.03125
2 0.47734375 0.45703125 0.028125 0.0359375
2 0.34765625 0.45390625 0.025 0.034375
2 0.4203125 0.521875 0.028125 0.034375
2 0.44453125 0.5390625 0.0265625 0.034375
2 0.45546875 0.47734375 0.025 0.028125
2 0.47265625 0.42421875 0.0265625 0.034375
2 0.45078125 0.41171875 0.028125 0.034375
2 0.52265625 0.50625 0.0265625 0.03125
2 0.50078125 0.50078125 0.025 0.0375
2 0.51484375 0.53671875 0.025 0.034375
2 0.50625 0.56640625 0.0265625 0.034375
2 0.4921875 0.53984375 0.025 0.034375
2 0.4828125 0.56953125 0.028125 0.040625
2 0.4671875 0.54765625 0.0265625 0.0375
2 0.4796875 0.51953125 0.025 0.0359375
2 0.478125 0.48671875 0.0265625 0.034375
2 0.4578125 0.51015625 0.025 0.0390625
2 0.43828125 0.4984375 0.028125 0.0375
2 0.45234375 0.44453125 0.025 0.034375
2 0.4296875 0.43359375 0.025 0.0375
2 0.428125 0.39765625 0.025 0.0375
2 0.43359375 0.465625 0.025 0.034375
2 0.41328125 0.45546875 0.025 0.0359375
2 0.41484375 0.49140625 0.0265625 0.034375
2 0.4078125 0.4203125 0.025 0.0390625
2 0.4078125 0.38515625 0.028125 0.03125
2 0.38828125 0.40546875 0.025 0.034375
2 0.39140625 0.4421875 0.028125 0.0375
2 0.39453125 0.47734375 0.03125 0.0359375
2 0.39765625 0.5140625 0.028125 0.0390625
2 0.375 0.503125 0.021875 0.0375
2 0.3703125 0.465625 0.025 0.034375
2 0.35234375 0.49140625 0.028125 0.040625
2 0.36875 0.43046875 0.025 0.0375
2 0.3640625 0.396875 0.025 0.034375
2 0.38203125 0.37265625 0.0265625 0.0359375
2 0.3984375 0.35 0.025 0.034375
2 0.37734375 0.33984375 0.0265625 0.0390625
2 0.3546875 0.32890625 0.0296875 0.04375
2 0.36015625 0.3625 0.025 0.03125
2 0.3390625 0.38125 0.025 0.0359375