2 0.434375 0.81640625 0.025 0.0359375
2 0.43125 0.84921875 0.025 0.034375
2 0.45390625 0.828125 0.028125 0.040625
2 0.43828125 0.78203125 0.025 0.0375
2 0.459375 0.79921875 0.028125 0.040625
2 0.48125 0.6125 0.025 0.0328125
2 0.44453125 0.75078125 0.025 0.034375
2 0.4640625 0.86171875 0.025 0.0359375
2 0.6 0.3 0.025 0.034375
2 0.6296875 0.2890625 0.025 0.03125
2 0.48515625 0.87890625 0.025 0.03125
2 0.47734375 0.64453125 0.0234375 0.03125
2 0.48828125 0.846875 0.025 0.0375
2 0.5765625 0.30546875 0.025 0.0328125
2 0.6984375 0.45390625 0.025 0.034375
2 0.515625 0.47578125 0.025 0.034375
2 0.49765625 0.42890625 0.0234375 0.0328125
2 0.4734375 0.70546875 0.0234375 0.034375
2 0.6515625 0.30546875 0.025 0.034375
2 0.68671875 0.54765625 0.021875 0.0328125
2 0.47734375 0.67578125 0.025 0.0375
2 0.6890625 0.696875 0.025 0.03125
2 0.4921875 0.46015625 0.021875 0.03125
2 0.68203125 0.61171875 0.0234375 0.034375
2 0.7015625 0.6671875 0.021875 0.03125
2 0.67578125 0.875 0.025 0.0328125
2 0.609375 0.27265625 0.025 0.03125
2 0.4875 0.5515625 0.021875 0.03125
2 0.490625 0.525 0.0234375 0.03125
2 0.70078125 0.42109375 0.021875 0.03125
2 0.53984375 0.33828125 0.025 0.0328125
2 0.6625 0.38203125 0.025 0.0328125
2 0.515625 0.40859375 0.025 0.034375
2 0.6859375 0.64609375 0.025 0.0328125
2 0.51015625 0.5328125 0.025 0.0390625
2 0.54921875 0.875 0.025 0.034375
2 0.590625 0.8890625 0.025 0.03125
2 0.51171875 0.74140625 0.0265625 0.0375
2 0.53125 0.853125 0.0265625 0.0375
2 0.67734375 0.7203125 0.025 0.034375
2 0.5265625 0.87890625 0.0265625 0.0375
2 0.6265625 0.3203125 0.025 0.03125
2 0.5328125 0.42734375 0.025 0.034375
2 0.51875 0.64921875 0.025 0.034375
2 0.5890625 0.51171875 0.0265625 0.0359375
2 0.65859375 0.66484375 0.025 0.034375
2 0.5609375 0.325 0.025 0.0359375
2 0.6140625 0.440625 0.0265625 0.0375
2 0.65390625 0.72734375 0.025 0.0328125
2 0.6046875 0.32734375 0.025 0.034375
2 0.6734375 0.465625 0.025 0.034375
2 0.6875 0.37265625 0.0234375 0.03125
2 0.68984375 0.74296875 0.025 0.0328125
2 0.659375 0.4140625 0.025 0.03125
2 0.64765625 0.7625 0.028125 0.034375
2 0.5328125 0.76328125 0.0265625 0.040625
2 0.53359375 0.46015625 0.025 0.0375
2 0.6125 0.878125 0.025 0.034375
2 0.51328125 0.83125 0.025 0.0359375
2 0.6609375 0.68984375 0.021875 0.0375
2 0.69140625 0.48671875 0.0234375 0.03125
2 0.659375 0.59453125 0.025 0.0375
2 0.51875 0.37734375 0.021875 0.0296875
2 0.69375 0.51640625 0.021875 0.03125
2 0.6609375 0.81953125 0.0265625 0.034375
2 0.64296875 0.57265625 0.0265625 0.0375
2 0.67109375 0.35390625 0.025 0.03125
2 0.5359375 0.8234375 0.0265625 0.040625
2 0.58515625 0.5515625 0.0265625 0.0375
2 0.61640625 0.40703125 0.025 0.0359375
2 0.64921875 0.47578125 0.025 0.034375
2 0.61640625 0.8484375 0.025 0.034375
2 0.5484375 0.78828125 0.0265625 0.040625
2 0.675 0.840625 0.025 0.034375
2 0.59453125 0.41875 0.025 0.0375
2 0.61953125 0.653125 0.025 0.034375
2 0.57578125 0.865625 0.025 0.0375
2 0.671875 0.4984375 0.0234375 0.034375
2 0.57109375 0.73671875 0.0265625 0.0375
2 0.60859375 0.746875 0.025 0.034375
2 0.515625 0.678125 0.025 0.034375
2 0.63125 0.45625 0.0234375 0.0359375
2 0.496875 0.66328125 0.0234375 0.0328125
2 0.65546875 0.85390625 0.025 0.03125
2 0.68359375 0.40078125 0.025 0.03125
2 0.684375 0.81171875 0.021875 0.03125
2 0.553125 0.509375 0.025 0.034375
2 0.6 0.390625 0.0265625 0.0375
2 0.6015625 0.35703125 0.025 0.0328125
2 0.5890625 0.753125 0.0265625 0.040625
2 0.59140625 0.721875 0.0265625 0.0375
2 0.59921875 0.82109375 0.0265625 0.028125
2 0.6359375 0.86953125 0.0265625 0.0375
2 0.5546875 0.84609375 0.021875 0.034375
2 0.5078125 0.86640625 0.0203125 0.0375
2 0.478125 0.8203125 0.0265625 0.03125
2 0.48125 0.78984375 0.021875 0.03125
2 0.4609375 0.76953125 0.021875 0.03125
2 0.46640625 0.73671875 0.0234375 0.0375
2 0.4828125 0.7578125 0.0265625 0.034375
2 0.4890625 0.72890625 0.025 0.034375
2 0.50390625 0.77578125 0.025 0.0359375
2 0.4984375 0.80703125 0.025 0.034375
2 0.5203125 0.7953125 0.028125 0.0375
2 0.55703125 0.8140625 0.0234375 0.034375
2 0.575 0.8328125 0.025 0.028125
2 0.58046875 0.80078125 0.0234375 0.034375
2 0.596875 0.853125 0.021875 0.034375
2 0.6390625 0.83125 0.0265625 0.0359375
2 0.61796875 0.80703125 0.0234375 0.03125
2 0.60234375 0.790625 0.025 0.040625
2 0.5703125 0.77265625 0.021875 0.03125
2 0.553125 0.75078125 0.0234375 0.034375
2 0.53203125 0.734375 0.021875 0.03125
2 0.5125 0.71875 0.021875 0.028125
2 0.49609375 0.69921875 0.021875 0.034375
2 0.5328125 0.7015625 0.0234375 0.034375
2 0.55 0.72109375 0.0234375 0.034375
2 0.571875 0.70859375 0.0265625 0.028125
2 0.5546875 0.68671875 0.025 0.03125
2 0.53515625 0.66953125 0.0265625 0.034375
2 0.540625 0.6375 0.025 0.03125
2 0.521875 0.61484375 0.0234375 0.0296875
2 0.5 0.63125 0.0234375 0.03125
2 0.503125 0.6015625 0.0234375 0.034375
2 0.48359375 0.58359375 0.03125 0.0375
2 0.50546875 0.56875 0.021875 0.0296875
2 0.525 0.5921875 0.0234375 0.0375
2 0.52734375 0.55859375 0.025 0.03125
2 0.54375 0.60390625 0.021875 0.0359375
2 0.54375 0.5796875 0.0265625 0.03125
2 0.55625 0.659375 0.021875 0.0375
2 0.56328125 0.62578125 0.01875 0.034375
2 0.5671875 0.59375 0.021875 0.034375
2 0.57890625 0.6453125 0.021875 0.034375
2 0.5765625 0.67578125 0.0234375 0.0375
2 0.5953125 0.6953125 0.0234375 0.028125
2 0.59765625 0.66484375 0.0234375 0.0359375
2 0.61640625 0.68125 0.021875 0.03125
2 0.61484375 0.7140625 0.01875 0.03125
2 0.63046875 0.734375 0.021875 0.03125
2 0.62421875 0.77109375 0.0203125 0.034375
2 0.6390625 0.79609375 0.021875 0.03125
2 0.66171875 0.7875 0.021875 0.03125
2 0.68515625 0.78046875 0.025 0.034375
2 0.671875 0.753125 0.0234375 0.034375
2 0.6609375 0.6296875 0.0234375 0.03125
2 0.64296875 0.6390625 0.025 0.028125
2 0.63984375 0.671875 0.025 0.034375
2 0.63828125 0.6953125 0.0265625 0.034375
2 0.62265625 0.61640625 0.021875 0.03125
2 0.60078125 0.63125 0.0234375 0.0296875
2 0.58515625 0.61171875 0.0234375 0.03125
2 0.60234375 0.6 0.0265625 0.034375
2 0.621875 0.5875 0.0234375 0.0375
2 0.640625 0.6078125 0.021875 0.0375
2 0.68046875 0.57734375 0.0265625 0.0359375
2 0.6640625 0.559375 0.021875 0.028125
2 0.6671875 0.52890625 0.021875 0.03125
2 0.646875 0.53828125 0.025 0.034375
2 0.64609375 0.50625 0.0265625 0.03125
2 0.6265625 0.55078125 0.025 0.0359375
2 0.60546875 0.56796875 0.028125 0.034375
2 0.6046875 0.53515625 0.025 0.0359375
2 0.62421875 0.51953125 0.0234375 0.028125
2 0.60625 0.50078125 0.021875 0.03125
2 0.62734375 0.4875 0.0234375 0.025
2 0.609375 0.4671875 0.0234375 0.03125
2 0.5890625 0.47734375 0.0234375 0.0296875
2 0.5703125 0.49296875 0.021875 0.03125
2 0.54765625 0.54375 0.0234375 0.0375
2 0.56640625 0.5625 0.021875 0.03125
2 0.5828125 0.58203125 0.0296875 0.0375
2 0.56796875 0.53125 0.021875 0.040625
2 0.53203125 0.52578125 0.028125 0.0375
2 0.5328125 0.49296875 0.028125 0.034375
2 0.5109375 0.50546875 0.025 0.034375
2 0.4921875 0.49375 0.025 0.034375
2 0.5125 0.44609375 0.0203125 0.034375
2 0.5484375 0.4765625 0.021875 0.03125
2 0.55 0.44765625 0.021875 0.03125
2 0.56953125 0.4640625 0.025 0.0296875
2 0.5734375 0.434375 0.025 0.034375
2 0.59140625 0.44921875 0.0265625 0.034375
2 0.55078125 0.41640625 0.028125 0.034375
2 0.5359375 0.39765625 0.025 0.028125
2 0.5421875 0.36953125 0.021875 0.03125
2 0.55625 0.3875 0.021875 0.0375
2 0.57265625 0.4015625 0.025 0.034375
2 0.5765625 0.371875 0.0234375 0.0359375
2 0.5609375 0.35390625 0.025 0.03125
2 0.57890625 0.3375 0.025 0.0375
2 0.6203125 0.38046875 0.021875 0.034375
2 0.6234375 0.3515625 0.021875 0.03125
2 0.640625 0.3671875 0.0265625 0.034375
2 0.64765625 0.33515625 0.025 0.034375
2 0.63359375 0.42734375 0.0265625 0.034375
2 0.6375 0.3921875 0.0265625 0.0375
2 0.6515625 0.4453125 0.025 0.034375
2 0.675 0.43359375 0.0265625 0.034375