0 0.5703125 0.615625 0.03984375 0.02734375
0 0.5859375 0.584375 0.03671875 0.028125
0 0.6265625 0.5953125 0.03984375 0.02890625
0 0.60234375 0.6109375 0.03828125 0.03125
0 0.584375 0.63984375 0.0375 0.03125
0 0.61640625 0.63671875 0.0375 0.03046875
0 0.64140625 0.621875 0.03828125 0.0328125
0 0.67109375 0.60625 0.040625 0.02890625
0 0.72421875 0.621875 0.0359375 0.03046875
0 0.75703125 0.63359375 0.040625 0.0328125
0 0.78515625 0.61796875 0.04609375 0.03203125
0 0.7984375 0.63828125 0.04296875 0.03359375
0 0.75078125 0.66171875 0.04375 0.03046875
2 0.29453125 0.621875 0.040625 0.03046875
2 0.32109375 0.60625 0.040625 0.03359375
2 0.3453125 0.62265625 0.03671875 0.025
2 0.3140625 0.640625 0.0421875 0.02734375
2 0.33359375 0.6625 0.040625 0.03203125
2 0.36171875 0.6453125 0.040625 0.0296875
2 0.3625 0.6015625 0.04140625 0.0328125
2 0.3828125 0.5796875 0.03984375 0.03125
2 0.41875 0.57578125 0.03828125 0.028125
2 0.4015625 0.59921875 0.0359375 0.03125
2 0.37890625 0.621875 0.0375 0.02890625
2 0.40859375 0.63125 0.0375 0.03125
2 0.3875 0.65625 0.0375 0.02890625
2 0.3640625 0.67578125 0.0421875 0.0328125
2 0.39609375 0.68203125 0.0390625 0.03046875
2 0.37109375 0.703125 0.04609375 0.03203125
2 0.38828125 0.72421875 0.03671875 0.03046875
2 0.4109375 0.703125 0.034375 0.03125
2 0.41953125 0.66015625 0.0359375 0.03359375
2 0.43125 0.59609375 0.04375 0.02734375
2 0.4375 0.62421875 0.0390625 0.0328125
2 0.44609375 0.6484375 0.03984375 0.0296875
2 0.42890625 0.68203125 0.0390625 0.02734375
2 0.44296875 0.70703125 0.04296875 0.0296875
2 0.42265625 0.7296875 0.04375 0.03125
2 0.46171875 0.73203125 0.0390625 0.03671875
2 0.47421875 0.70078125 0.03515625 0.03046875
2 0.4625 0.675 0.034375 0.03125
2 0.4796875 0.653125 0.03515625 0.02890625
2 0.4703125 0.63046875 0.03671875 0.03359375
2 0.4625 0.6046875 0.03671875 0.03203125
2 0.45546875 0.58046875 0.03828125 0.03125
2 0.44296875 0.5578125 0.0359375 0.02734375
2 0.4765625 0.55625 0.0359375 0.03046875
2 0.80703125 0.5734375 0.03203125 0.03046875
2 0.52734375 0.54140625 0.03359375 0.025
2 0.634375 0.73515625 0.0390625 0.02734375
2 0.49296875 0.67890625 0.0359375 0.02734375
2 0.615625 0.709375 0.03671875 0.02734375
2 0.75546875 0.54375 0.0375 0.025
2 0.79375 0.546875 0.0375 0.025
2 0.50625 0.7515625 0.03828125 0.02890625
2 0.50546875 0.6328125 0.03984375 0.028125
2 0.74609375 0.74609375 0.0375 0.02890625
2 0.54375 0.5890625 0.0359375 0.0265625
2 0.6125 0.75390625 0.03828125 0.02734375
2 0.8359375 0.66171875 0.0375 0.02734375
2 0.83203125 0.553125 0.03515625 0.0265625
2 0.49296875 0.72734375 0.0359375 0.02578125
2 0.70546875 0.7390625 0.0375 0.02890625
2 0.759375 0.70625 0.03671875 0.028125
2 0.71328125 0.69765625 0.03828125 0.028125
2 0.69375 0.5609375 0.0375 0.02734375
2 0.59609375 0.68046875 0.0359375 0.0265625
2 0.6703125 0.6859375 0.03671875 0.02734375
2 0.6796875 0.65078125 0.0375 0.0265625
2 0.79140625 0.703125 0.0375 0.02734375
2 0.75 0.590625 0.040625 0.02734375
2 0.48984375 0.60625 0.03515625 0.0234375
2 0.634375 0.6890625 0.0390625 0.02890625
2 0.5890625 0.5453125 0.03671875 0.025
2 0.59375 0.7796875 0.03671875 0.02734375
2 0.53125 0.68046875 0.0421875 0.028125
2 0.50625 0.559375 0.03359375 0.02265625
2 0.790625 0.7625 0.0390625 0.02890625
2 0.828125 0.70703125 0.0375 0.0265625
2 0.8265625 0.7640625 0.0390625 0.0296875
2 0.540625 0.753125 0.03671875 0.02734375
2 0.5328125 0.6359375 0.03515625 0.025
2 0.85078125 0.7328125 0.03515625 0.0265625
2 0.70078125 0.67265625 0.03828125 0.02734375
2 0.81328125 0.7359375 0.0375 0.02734375
2 0.54140625 0.70390625 0.03984375 0.025
2 0.56015625 0.7296875 0.040625 0.02890625
2 0.775 0.67890625 0.03984375 0.02734375
2 0.6859375 0.53515625 0.0375 0.02421875
2 0.61953125 0.5375 0.0375 0.02578125
2 0.7765625 0.73359375 0.0375 0.02734375
2 0.88515625 0.61875 0.03515625 0.02578125
2 0.81328125 0.68046875 0.03828125 0.0265625
2 0.66953125 0.7375 0.03671875 0.0265625
2 0.5546875 0.54375 0.0359375 0.0234375
2 0.7203125 0.54296875 0.034375 0.0234375
2 0.88984375 0.578125 0.0375 0.02578125
2 0.55703125 0.77578125 0.03125 0.02421875
2 0.646875 0.52109375 0.03125 0.0234375
2 0.84140625 0.61953125 0.04765625 0.034375
2 0.85390625 0.57109375 0.03671875 0.0296875
2 0.83125 0.58984375 0.0359375 0.028125
2 0.865625 0.5953125 0.04140625 0.03046875
2 0.85625 0.63671875 0.040625 0.03203125
2 0.77421875 0.57109375 0.04296875 0.03046875
2 0.73359375 0.56484375 0.04296875 0.02890625
2 0.7125 0.58828125 0.0453125 0.03046875
2 0.65703125 0.5453125 0.04375 0.02890625
2 0.6640625 0.5703125 0.04140625 0.0328125
2 0.63046875 0.559375 0.03984375 0.0265625
2 0.534375 0.56640625 0.0359375 0.0234375
2 0.4828125 0.58125 0.034375 0.02734375
2 0.51484375 0.584375 0.03515625 0.03046875
2 0.521875 0.61015625 0.0390625 0.02734375
2 0.51328125 0.65546875 0.03828125 0.0328125
2 0.54765625 0.65625 0.0375 0.02890625
2 0.5671875 0.67890625 0.03515625 0.03046875
2 0.5796875 0.70078125 0.040625 0.02890625
2 0.59765625 0.72734375 0.0421875 0.0328125
2 0.57578125 0.75078125 0.04296875 0.02734375
2 0.64921875 0.7140625 0.04140625 0.03359375
2 0.68984375 0.71171875 0.0375 0.03046875
2 0.72890625 0.71875 0.0421875 0.028125
2 0.65546875 0.66640625 0.0453125 0.03359375
2 0.61796875 0.6640625 0.03359375 0.02421875
2 0.70703125 0.634375 0.03828125 0.028125
2 0.72109375 0.6578125 0.03828125 0.0328125