0 0.5484375 0.53828125 0.0359375 0.02578125
0 0.5296875 0.55703125 0.03203125 0.0296875
0 0.5625 0.55625 0.0375 0.02734375
0 0.5015625 0.55546875 0.034375 0.03125
0 0.4703125 0.55390625 0.0359375 0.03046875
0 0.44140625 0.55859375 0.03984375 0.0296875
0 0.41640625 0.56640625 0.03203125 0.0296875
0 0.4265625 0.58671875 0.0359375 0.028125
0 0.45234375 0.57578125 0.03359375 0.0234375
0 0.396875 0.5859375 0.03125 0.0265625
0 0.484375 0.575 0.0390625 0.0296875
0 0.5125 0.5734375 0.03828125 0.028125
0 0.54921875 0.57578125 0.03828125 0.03203125
0 0.5328125 0.59375 0.0375 0.028125
0 0.50078125 0.59453125 0.0453125 0.02734375
0 0.471875 0.59765625 0.03671875 0.025
0 0.44609375 0.60546875 0.0390625 0.025
0 0.41328125 0.60625 0.0375 0.02578125
0 0.38046875 0.60546875 0.034375 0.0265625
0 0.365625 0.62265625 0.0390625 0.03046875
0 0.39609375 0.6234375 0.03359375 0.028125
0 0.42890625 0.625 0.03671875 0.0296875
0 0.459375 0.6234375 0.0375 0.0296875
0 0.490625 0.61484375 0.0328125 0.025
0 0.51875 0.6140625 0.040625 0.0265625
0 0.5046875 0.6328125 0.04453125 0.02734375
0 0.48046875 0.64453125 0.03359375 0.0234375
0 0.446875 0.64453125 0.0390625 0.025
0 0.41796875 0.6453125 0.0390625 0.02578125
0 0.38203125 0.6453125 0.0375 0.02734375
0 0.35078125 0.6421875 0.0390625 0.02578125
0 0.30234375 0.6671875 0.0375 0.02890625
0 0.33359375 0.66171875 0.03671875 0.02734375
0 0.365625 0.66171875 0.03984375 0.02421875
0 0.4 0.6640625 0.03671875 0.0265625
0 0.43046875 0.6640625 0.0390625 0.0265625
0 0.46015625 0.66484375 0.034375 0.02734375
0 0.490625 0.66484375 0.03671875 0.02890625
0 0.28203125 0.6859375 0.034375 0.0265625
0 0.31328125 0.6859375 0.03671875 0.028125
0 0.34453125 0.68125 0.03828125 0.0265625
0 0.375 0.68125 0.040625 0.0328125
0 0.409375 0.684375 0.03828125 0.02734375
0 0.44140625 0.684375 0.0375 0.02734375
0 0.4703125 0.68671875 0.03515625 0.0296875
0 0.2875 0.70625 0.034375 0.025
0 0.31953125 0.7078125 0.0390625 0.02578125
0 0.35625 0.703125 0.04375 0.0296875
0 0.38671875 0.70390625 0.0390625 0.02734375
0 0.41953125 0.70625 0.03984375 0.02890625
0 0.44765625 0.7078125 0.0390625 0.028125
0 0.4296875 0.728125 0.03828125 0.028125
0 0.396875 0.725 0.03828125 0.0265625
0 0.3625 0.725 0.04453125 0.02890625
0 0.33125 0.72890625 0.03671875 0.0265625
0 0.3015625 0.73125 0.03984375 0.0265625
0 0.31171875 0.74765625 0.0375 0.0265625
0 0.34609375 0.74921875 0.0390625 0.028125
0 0.3765625 0.7453125 0.03984375 0.02734375
0 0.4125 0.7453125 0.03828125 0.0296875
0 0.359375 0.77109375 0.03671875 0.02890625
0 0.38984375 0.76875 0.03984375 0.02734375
0 0.371875 0.79140625 0.040625 0.0265625
2 0.20625 0.7546875 0.03671875 0.02734375
2 0.215625 0.715625 0.03828125 0.0265625
2 0.2234375 0.73515625 0.03671875 0.0265625
2 0.23984375 0.753125 0.03828125 0.0296875
2 0.253125 0.775 0.03359375 0.0265625
2 0.275 0.75390625 0.034375 0.021875
2 0.28828125 0.7734375 0.03515625 0.028125
2 0.321875 0.778125 0.0359375 0.0296875
2 0.33515625 0.796875 0.03359375 0.02890625
2 0.38203125 0.82265625 0.0421875 0.02890625
2 0.4 0.803125 0.03203125 0.02578125
2 0.41796875 0.78203125 0.03671875 0.03046875
2 0.43359375 0.76015625 0.0375 0.0296875
2 0.44609375 0.7390625 0.03828125 0.0296875
2 0.46953125 0.721875 0.034375 0.02734375
2 0.49375 0.70078125 0.0375 0.02890625
2 0.509375 0.68125 0.0375 0.0296875
2 0.5234375 0.6609375 0.03515625 0.0265625
2 0.24609375 0.71015625 0.034375 0.02421875
2 0.259375 0.7328125 0.03515625 0.0296875
2 0.234375 0.690625 0.0453125 0.03046875
2 0.25625 0.67265625 0.0328125 0.02734375
2 0.2796875 0.65234375 0.0375 0.0265625
2 0.29375 0.6328125 0.03359375 0.02578125
2 0.31015625 0.615625 0.034375 0.02734375
2 0.3265625 0.6328125 0.034375 0.02890625
2 0.3234375 0.5953125 0.03828125 0.0265625
2 0.34296875 0.61171875 0.03671875 0.0265625
2 0.3578125 0.5921875 0.0359375 0.02421875
2 0.371875 0.57421875 0.03828125 0.0265625
2 0.38984375 0.55625 0.03515625 0.02734375
2 0.4015625 0.53671875 0.0359375 0.03125
2 0.4203125 0.5171875 0.03515625 0.028125
2 0.4359375 0.53671875 0.0359375 0.025
2 0.4515625 0.51484375 0.03515625 0.0265625
2 0.46875 0.534375 0.03359375 0.0265625
2 0.48515625 0.51875 0.034375 0.02578125
2 0.46640625 0.496875 0.03671875 0.02734375
2 0.49453125 0.5 0.03671875 0.0296875
2 0.50703125 0.4796875 0.03828125 0.02890625
2 0.5375 0.4859375 0.0359375 0.02734375
2 0.5296875 0.5046875 0.03359375 0.02578125
2 0.5140625 0.52109375 0.03984375 0.02578125
2 0.5640625 0.5078125 0.0421875 0.0234375
2 0.5703125 0.4828125 0.0421875 0.02734375
2 0.58203125 0.52265625 0.040625 0.0265625
2 0.59296875 0.54609375 0.0375 0.02890625
2 0.59921875 0.58203125 0.040625 0.03046875
2 0.58359375 0.60234375 0.040625 0.02734375
2 0.56484375 0.625 0.0390625 0.0265625
2 0.546875 0.64140625 0.03359375 0.0265625