0 0.575 0.60546875 0.021875 0.028125
0 0.57578125 0.57734375 0.025 0.025
0 0.5734375 0.559375 0.01875 0.025
0 0.58828125 0.55390625 0.021875 0.03125
0 0.5953125 0.5765625 0.021875 0.03125
2 0.56015625 0.66171875 0.021875 0.03125
2 0.58203125 0.6546875 0.025 0.028125
2 0.559375 0.634375 0.021875 0.028125
2 0.57890625 0.62734375 0.021875 0.028125
2 0.59609375 0.6234375 0.01875 0.028125
2 0.61171875 0.64140625 0.025 0.025
2 0.61484375 0.61640625 0.01875 0.025
2 0.63125 0.609375 0.021875 0.0296875
2 0.65 0.60078125 0.0234375 0.028125
2 0.6359375 0.58359375 0.021875 0.025
2 0.615625 0.59453125 0.025 0.028125
2 0.59765625 0.59921875 0.01875 0.025
2 0.54453125 0.6140625 0.021875 0.03125
2 0.5625 0.60859375 0.021875 0.0328125
2 0.5296875 0.5953125 0.0203125 0.0265625
2 0.54921875 0.58671875 0.025 0.025
2 0.53359375 0.56875 0.025 0.03125
2 0.55 0.559375 0.021875 0.0265625
2 0.53515625 0.54296875 0.021875 0.028125
2 0.55234375 0.53515625 0.0234375 0.025
2 0.5375 0.51640625 0.0234375 0.0265625
2 0.54296875 0.490625 0.021875 0.028125
2 0.5515625 0.46796875 0.0203125 0.025
2 0.56484375 0.4875 0.021875 0.03125
2 0.55625 0.509375 0.021875 0.028125
2 0.575 0.51640625 0.0203125 0.0296875
2 0.5828125 0.49375 0.0234375 0.028125
2 0.5921875 0.4734375 0.0203125 0.028125
2 0.60390625 0.49453125 0.0203125 0.03125
2 0.5953125 0.51796875 0.0234375 0.03125
2 0.61328125 0.51640625 0.021875 0.0296875
2 0.6078125 0.54296875 0.01875 0.03125
2 0.62109375 0.5640625 0.021875 0.0265625
2 0.62578125 0.5375 0.0203125 0.0296875
2 0.6421875 0.559375 0.021875 0.03125
2 0.65625 0.5765625 0.025 0.028125
2 0.66171875 0.553125 0.021875 0.034375
2 0.64609375 0.53046875 0.0203125 0.028125
2 0.66328125 0.5234375 0.025 0.034375