0 0.534375 0.34375 0.015625 0.01875
0 0.5171875 0.36171875 0.0125 0.021875
0 0.528125 0.359375 0.0125 0.01875
0 0.54609375 0.35078125 0.0109375 0.0171875
0 0.5453125 0.36796875 0.0125 0.0171875
0 0.534375 0.3765625 0.0125 0.0171875
0 0.5265625 0.39140625 0.0109375 0.01875
0 0.51875 0.38203125 0.015625 0.01875
0 0.51484375 0.39765625 0.0140625 0.01875
0 0.52421875 0.40625 0.0125 0.01875
0 0.521875 0.425 0.0125 0.0171875
0 0.53359375 0.41953125 0.0125 0.01875
0 0.53828125 0.40078125 0.0125 0.021875
0 0.54375 0.3875 0.0125 0.0109375
0 0.55234375 0.378125 0.0125 0.0171875
0 0.55546875 0.359375 0.0125 0.0234375
0 0.565625 0.36875 0.0125 0.0203125
0 0.57890625 0.3671875 0.0125 0.015625
0 0.58203125 0.38828125 0.0125 0.015625
0 0.5734375 0.4 0.0109375 0.021875
0 0.565625 0.3921875 0.0125 0.01875
0 0.55234375 0.39765625 0.0140625 0.0171875
0 0.54453125 0.4140625 0.0140625 0.01875
0 0.56015625 0.40859375 0.0125 0.0234375
0 0.54453125 0.43046875 0.0140625 0.01875
0 0.5578125 0.42578125 0.0125 0.0203125
0 0.5703125 0.41796875 0.0125 0.021875
0 0.5671875 0.4375 0.0125 0.0203125
0 0.57890625 0.43046875 0.0125 0.0234375
0 0.57890625 0.4125 0.0140625 0.021875
0 0.58984375 0.39921875 0.0125 0.021875
0 0.5890625 0.37578125 0.0109375 0.01875
0 0.59921875 0.3875 0.0109375 0.01875
0 0.609375 0.3953125 0.0109375 0.0203125
0 0.60078125 0.40625 0.0125 0.01875
0 0.5890625 0.41875 0.0140625 0.015625
0 0.5890625 0.43984375 0.0125 0.021875
0 0.57890625 0.44921875 0.0125 0.01875
0 0.584375 0.46328125 0.015625 0.01875
0 0.59921875 0.44609375 0.0109375 0.021875
0 0.60078125 0.428125 0.0109375 0.01875
0 0.6109375 0.4125 0.0125 0.021875
0 0.62265625 0.40234375 0.015625 0.021875
0 0.63203125 0.39296875 0.0125 0.01875
0 0.640625 0.37734375 0.015625 0.021875
0 0.65078125 0.38125 0.0125 0.01875
0 0.6421875 0.40234375 0.0109375 0.021875
0 0.65546875 0.40078125 0.0125 0.021875
0 0.6625 0.3890625 0.0125 0.0171875
0 0.6484375 0.41953125 0.0109375 0.0171875
0 0.634375 0.41953125 0.0125 0.015625
0 0.621875 0.42265625 0.015625 0.0171875
0 0.6296875 0.434375 0.0125 0.01875
0 0.6171875 0.44296875 0.0125 0.0203125
0 0.634375 0.45 0.0125 0.021875
0 0.6421875 0.43515625 0.0125 0.01875
0 0.6515625 0.4390625 0.0109375 0.021875
0 0.66171875 0.4265625 0.0140625 0.021875
0 0.665625 0.40625 0.0125 0.021875
0 0.6765625 0.3984375 0.0125 0.021875
0 0.67734375 0.4140625 0.0125 0.0203125
0 0.67578125 0.42890625 0.0140625 0.0171875
0 0.6671875 0.4421875 0.0125 0.01875
0 0.65859375 0.45546875 0.015625 0.015625
0 0.67734375 0.44765625 0.015625 0.021875
0 0.690625 0.4390625 0.01875 0.025
0 0.70234375 0.42578125 0.0140625 0.01875
0 0.49296875 0.3 0.0140625 0.01875
0 0.49375 0.31640625 0.0109375 0.0171875
0 0.48359375 0.31953125 0.0125 0.0171875
0 0.47890625 0.328125 0.0125 0.015625
0 0.48125 0.303125 0.0125 0.021875
0 0.475 0.2875 0.0140625 0.01875
0 0.46796875 0.27109375 0.0125 0.021875
0 0.45390625 0.2609375 0.0109375 0.01875
0 0.4546875 0.278125 0.0125 0.015625
0 0.4421875 0.2765625 0.015625 0.0171875
0 0.4421875 0.2578125 0.0140625 0.01875
0 0.43125 0.259375 0.0125 0.01875
0 0.43671875 0.2921875 0.0125 0.0140625
0 0.4328125 0.30703125 0.0125 0.0203125
0 0.44296875 0.3125 0.0125 0.01875
0 0.4484375 0.296875 0.0125 0.01875
0 0.46015625 0.2953125 0.0125 0.01875
0 0.45546875 0.3125 0.0125 0.01875
0 0.4671875 0.30859375 0.0125 0.025
0 0.46484375 0.32578125 0.0140625 0.015625
0 0.46171875 0.34296875 0.0140625 0.0203125
0 0.45078125 0.32578125 0.0140625 0.0203125
0 0.4390625 0.3296875 0.015625 0.01875
0 0.446875 0.3453125 0.015625 0.01875
0 0.78046875 0.4171875 0.01875 0.0234375
0 0.7875 0.434375 0.0140625 0.0171875
2 0.64609375 0.35546875 0.015625 0.025
2 0.6953125 0.4 0.015625 0.025
2 0.7078125 0.40546875 0.0171875 0.01875
2 0.72109375 0.40390625 0.015625 0.021875
2 0.7359375 0.40703125 0.015625 0.0203125
2 0.74765625 0.40859375 0.015625 0.025
2 0.7390625 0.42578125 0.015625 0.021875
2 0.72734375 0.42265625 0.015625 0.021875
2 0.7140625 0.42421875 0.0171875 0.021875
2 0.66015625 0.365625 0.015625 0.0171875
2 0.67421875 0.4734375 0.015625 0.01875
2 0.6859375 0.4859375 0.01875 0.0234375
2 0.68828125 0.46953125 0.015625 0.01875
2 0.69765625 0.46015625 0.0125 0.01875
2 0.69921875 0.47890625 0.015625 0.021875
2 0.70625 0.44609375 0.0140625 0.0171875
2 0.709375 0.46640625 0.015625 0.0203125
2 0.7109375 0.484375 0.0171875 0.021875
2 0.72421875 0.48828125 0.015625 0.021875
2 0.721875 0.471875 0.015625 0.021875
2 0.7203125 0.4546875 0.015625 0.0171875
2 0.71484375 0.4390625 0.015625 0.01875
2 0.73046875 0.44140625 0.0125 0.01875
2 0.73203125 0.46015625 0.0140625 0.021875
2 0.7359375 0.47890625 0.015625 0.021875
2 0.74140625 0.4453125 0.015625 0.0203125
2 0.74296875 0.465625 0.015625 0.021875
2 0.746875 0.48359375 0.0171875 0.0234375
2 0.7515625 0.43203125 0.015625 0.021875
2 0.75234375 0.4546875 0.015625 0.01875
2 0.75859375 0.41640625 0.0125 0.021875
2 0.7609375 0.4390625 0.0125 0.01875
2 0.77265625 0.44296875 0.0125 0.01875
2 0.765625 0.45859375 0.015625 0.015625
2 0.7578125 0.47265625 0.015625 0.01875
2 0.78046875 0.3859375 0.015625 0.025
2 0.79375 0.3890625 0.015625 0.021875
2 0.8078125 0.38984375 0.015625 0.021875
2 0.80234375 0.40859375 0.0125 0.01875
2 0.80859375 0.4265625 0.015625 0.0203125
2 0.815625 0.4078125 0.015625 0.021875
2 0.825 0.39453125 0.015625 0.0234375
2 0.83671875 0.3859375 0.01875 0.0265625
2 0.8453125 0.4078125 0.015625 0.01875
2 0.83125 0.41484375 0.0171875 0.01875
2 0.82109375 0.42734375 0.01875 0.021875
2 0.8375 0.42890625 0.0171875 0.021875
2 0.853125 0.42421875 0.01875 0.021875
2 0.8578125 0.44375 0.01875 0.0234375
2 0.8453125 0.44609375 0.0140625 0.021875
2 0.82890625 0.44609375 0.01875 0.01875
2 0.83515625 0.46171875 0.015625 0.021875
2 0.828125 0.48359375 0.01875 0.0265625
2 0.82109375 0.465625 0.015625 0.0203125
2 0.8171875 0.44609375 0.015625 0.025
2 0.80859375 0.46171875 0.015625 0.01875
2 0.81484375 0.484375 0.01875 0.025
2 0.8015625 0.4453125 0.0125 0.021875
2 0.79375 0.46171875 0.015625 0.01875
2 0.79921875 0.47890625 0.015625 0.025
2 0.7859375 0.47890625 0.015625 0.021875
2 0.78046875 0.46171875 0.015625 0.0203125
2 0.771875 0.4765625 0.0125 0.021875
2 0.6453125 0.46328125 0.015625 0.01875
2 0.64375 0.48359375 0.015625 0.01875
2 0.63359375 0.4734375 0.015625 0.0203125
2 0.62578125 0.48515625 0.0140625 0.0203125
2 0.62109375 0.46875 0.015625 0.0234375
2 0.61015625 0.4625 0.015625 0.021875
2 0.61328125 0.48359375 0.015625 0.021875
2 0.60078125 0.4765625 0.0140625 0.021875
2 0.621875 0.36015625 0.015625 0.0203125
2 0.6234375 0.3796875 0.015625 0.021875
2 0.6125 0.371875 0.0140625 0.021875
2 0.596875 0.35625 0.015625 0.0203125
2 0.5890625 0.4859375 0.0140625 0.01875
2 0.57890625 0.4796875 0.0125 0.0203125
2 0.58203125 0.35078125 0.0125 0.021875
2 0.5703125 0.3421875 0.0140625 0.01875
2 0.5671875 0.4640625 0.015625 0.021875
2 0.553125 0.4578125 0.0140625 0.021875
2 0.5421875 0.4484375 0.0140625 0.01875
2 0.5296875 0.45078125 0.0140625 0.021875
2 0.51796875 0.446875 0.0140625 0.0203125
2 0.53515625 0.3265625 0.015625 0.01875
2 0.52734375 0.3140625 0.015625 0.01875
2 0.5234375 0.33203125 0.0125 0.0203125
2 0.5125 0.32734375 0.015625 0.021875
2 0.51484375 0.34609375 0.015625 0.0171875
2 0.51484375 0.309375 0.015625 0.021875
2 0.50859375 0.29296875 0.015625 0.0203125
2 0.50546875 0.3796875 0.015625 0.0234375
2 0.50234375 0.3984375 0.0140625 0.01875
2 0.5 0.41484375 0.0140625 0.01875
2 0.5015625 0.4328125 0.0140625 0.021875
2 0.51171875 0.4140625 0.0125 0.0171875
2 0.49609375 0.36640625 0.0140625 0.01875
2 0.49296875 0.3828125 0.015625 0.01875
2 0.50078125 0.3484375 0.015625 0.021875
2 0.49609375 0.33203125 0.0125 0.0171875
2 0.48828125 0.34609375 0.0125 0.021875
2 0.48203125 0.36484375 0.015625 0.021875
2 0.47421875 0.34609375 0.0140625 0.0203125
2 0.46953125 0.36171875 0.0125 0.01875
2 0.45703125 0.36328125 0.015625 0.01875
2 0.44296875 0.36796875 0.015625 0.021875
2 0.43515625 0.3515625 0.0140625 0.021875
2 0.425 0.3390625 0.015625 0.0234375
2 0.41875 0.32265625 0.0140625 0.0203125
2 0.421875 0.30546875 0.0125 0.0203125
2 0.42421875 0.27421875 0.015625 0.01875
2 0.4203125 0.25859375 0.015625 0.021875
2 0.41484375 0.23828125 0.0140625 0.01875
2 0.42890625 0.2421875 0.015625 0.0171875
2 0.4421875 0.23984375 0.015625 0.01875
2 0.4515625 0.23125 0.0125 0.01875
2 0.46484375 0.2359375 0.015625 0.01875
2 0.4671875 0.253125 0.0140625 0.015625
2 0.49296875 0.2859375 0.015625 0.015625
2 0.45078125 0.1828125 0.015625 0.0203125
2 0.4375 0.18515625 0.015625 0.0203125
2 0.44453125 0.2015625 0.015625 0.021875
2 0.45703125 0.21328125 0.015625 0.021875
2 0.44375 0.2203125 0.015625 0.01875
2 0.43203125 0.2078125 0.015625 0.0203125
2 0.425 0.18984375 0.01875 0.0234375
2 0.41796875 0.20859375 0.015625 0.0203125
2 0.425 0.22578125 0.015625 0.015625
2 0.55625 0.3421875 0.0140625 0.01875