0 0.571875 0.3375 0.040625 0.05625
0 0.5 0.32109375 0.04375 0.065625
0 0.46796875 0.2984375 0.0359375 0.053125
0 0.45546875 0.3515625 0.0390625 0.0625
0 0.48515625 0.36171875 0.0375 0.0625
0 0.53125 0.34609375 0.0453125 0.0515625
0 0.55390625 0.3875 0.0453125 0.0625
0 0.51640625 0.39140625 0.0375 0.059375
0 0.4875 0.4171875 0.034375 0.059375
0 0.51484375 0.446875 0.0375 0.05625
0 0.54296875 0.42734375 0.046875 0.059375
0 0.56328125 0.46953125 0.040625 0.05625
0 0.5265625 0.49375 0.0421875 0.053125
0 0.48125 0.46796875 0.0375 0.053125
0 0.4890625 0.51484375 0.040625 0.053125
0 0.52109375 0.53671875 0.04375 0.0515625
0 0.5578125 0.5265625 0.040625 0.065625
0 0.56796875 0.575 0.0421875 0.065625
0 0.5296875 0.5859375 0.0421875 0.059375
0 0.496875 0.5625 0.0390625 0.053125
0 0.496875 0.6078125 0.0375 0.053125
0 0.52890625 0.63671875 0.046875 0.05625
0 0.56015625 0.61796875 0.0375 0.059375
2 0.440625 0.23203125 0.0421875 0.0625
2 0.415625 0.26171875 0.04375 0.0625
2 0.45078125 0.271875 0.040625 0.059375
2 0.48828125 0.2625 0.0453125 0.0625
2 0.521875 0.29296875 0.04375 0.05625
2 0.5625 0.29296875 0.05 0.0671875
2 0.60546875 0.28515625 0.05 0.065625
2 0.63359375 0.32734375 0.046875 0.0484375
2 0.6203125 0.371875 0.053125 0.06875
2 0.6046875 0.42109375 0.046875 0.059375
2 0.59296875 0.46484375 0.0421875 0.05625
2 0.60390625 0.54375 0.046875 0.0625
2 0.59375 0.5921875 0.0421875 0.059375
2 0.5859375 0.6375 0.0484375 0.065625
2 0.5375 0.6859375 0.0453125 0.053125
2 0.51328125 0.753125 0.046875 0.0703125
2 0.49140625 0.684375 0.04375 0.065625