0 0.675 0.4828125 0.0296875 0.0375
0 0.6921875 0.47734375 0.0265625 0.040625
0 0.68125 0.5125 0.028125 0.0375
0 0.68203125 0.44375 0.03125 0.04375
0 0.671875 0.4046875 0.0296875 0.040625
0 0.65703125 0.3734375 0.03125 0.04375
2 0.60078125 0.3015625 0.034375 0.04375
2 0.62265625 0.28515625 0.0296875 0.0421875
2 0.6359375 0.31640625 0.03125 0.04375
2 0.615625 0.33984375 0.028125 0.0421875
2 0.6125 0.3734375 0.03125 0.040625
2 0.63828125 0.36484375 0.0296875 0.040625
2 0.63046875 0.40078125 0.028125 0.0375
2 0.65546875 0.33984375 0.03125 0.040625
2 0.70703125 0.36796875 0.034375 0.04375
2 0.72109375 0.40625 0.034375 0.0375
2 0.728125 0.4359375 0.03125 0.03125
2 0.74375 0.46640625 0.034375 0.040625
2 0.72421875 0.48125 0.028125 0.0390625
2 0.69765625 0.42265625 0.03125 0.0421875
2 0.6453125 0.42734375 0.0328125 0.0390625
2 0.6359375 0.46328125 0.0296875 0.0375
2 0.64921875 0.496875 0.03125 0.04375
2 0.72265625 0.521875 0.03125 0.046875
2 0.7140625 0.55859375 0.0328125 0.0421875
2 0.68671875 0.5640625 0.0328125 0.0453125