2 0.359375 0.5890625 0.01875 0.021875
2 0.34453125 0.57421875 0.01875 0.0234375
2 0.4921875 0.38203125 0.0171875 0.021875
2 0.49375 0.3609375 0.0171875 0.021875
2 0.478125 0.453125 0.01875 0.025
2 0.34296875 0.5953125 0.01875 0.021875
2 0.49140625 0.4046875 0.0171875 0.021875
2 0.3296875 0.5796875 0.01875 0.025
2 0.28046875 0.6234375 0.01875 0.021875
2 0.2984375 0.6234375 0.01875 0.021875
2 0.471875 0.4703125 0.01875 0.025
2 0.26484375 0.625 0.01875 0.025
2 0.46171875 0.453125 0.0171875 0.021875
2 0.48359375 0.42890625 0.0171875 0.021875
2 0.2765625 0.64609375 0.01875 0.025
2 0.31484375 0.5875 0.0171875 0.021875
2 0.28515625 0.60078125 0.01875 0.021875
2 0.45859375 0.4171875 0.0171875 0.021875
2 0.4515625 0.434375 0.0171875 0.021875
2 0.3 0.5984375 0.015625 0.021875
2 0.48046875 0.34765625 0.0171875 0.01875
2 0.46171875 0.396875 0.015625 0.021875
2 0.26875 0.6015625 0.01875 0.021875
2 0.47109375 0.43671875 0.01875 0.021875
2 0.465625 0.3765625 0.0171875 0.0234375
2 0.47421875 0.409375 0.0171875 0.021875
2 0.32734375 0.60234375 0.01875 0.021875
2 0.4703125 0.3296875 0.015625 0.0234375
2 0.3125 0.61171875 0.01875 0.021875
2 0.4671875 0.35859375 0.015625 0.021875
2 0.47890625 0.36796875 0.0171875 0.021875
2 0.478125 0.3890625 0.015625 0.021875