0 0.4578125 0.62734375 0.028125 0.021875
0 0.44140625 0.66171875 0.0296875 0.021875
0 0.45 0.6796875 0.025 0.021875
0 0.47421875 0.6875 0.03125 0.021875
0 0.42265625 0.6953125 0.034375 0.0234375
0 0.44453125 0.69765625 0.03125 0.021875
0 0.46953125 0.7015625 0.03125 0.0234375
0 0.39140625 0.7 0.025 0.01875
0 0.40703125 0.70859375 0.0265625 0.01875
0 0.41953125 0.7234375 0.03125 0.021875
0 0.4375 0.71171875 0.03125 0.0203125
0 0.4625 0.71796875 0.028125 0.01875
0 0.44375 0.73203125 0.0296875 0.0171875
0 0.39296875 0.72734375 0.034375 0.01875
0 0.39921875 0.74296875 0.028125 0.021875
0 0.42578125 0.74140625 0.028125 0.025
0 0.45 0.746875 0.028125 0.021875
2 0.46328125 0.6125 0.03125 0.021875
2 0.484375 0.6015625 0.028125 0.01875
2 0.509375 0.60625 0.03125 0.021875
2 0.49296875 0.6171875 0.028125 0.01875
2 0.51640625 0.6234375 0.025 0.01875
2 0.4953125 0.63359375 0.028125 0.0203125
2 0.521875 0.64140625 0.028125 0.0171875
2 0.5265625 0.65703125 0.0296875 0.021875
2 0.4234375 0.6421875 0.0265625 0.021875
2 0.4484375 0.64296875 0.025 0.01875
2 0.47421875 0.64609375 0.028125 0.0203125
2 0.496875 0.6515625 0.025 0.01875
2 0.48203125 0.66328125 0.025 0.0203125
2 0.41796875 0.66015625 0.03125 0.021875
2 0.5078125 0.665625 0.025 0.021875
2 0.4921875 0.67890625 0.028125 0.01875
2 0.51640625 0.68203125 0.028125 0.021875
2 0.5046875 0.69765625 0.0328125 0.01875
2 0.48828125 0.71015625 0.025 0.021875
2 0.40390625 0.68125 0.028125 0.01875
2 0.43984375 0.62578125 0.025 0.021875
2 0.50625 0.72421875 0.03125 0.021875
2 0.4953125 0.73828125 0.028125 0.021875
2 0.47265625 0.74609375 0.028125 0.0234375
2 0.3578125 0.74296875 0.0296875 0.0234375
2 0.37265625 0.70859375 0.025 0.021875
2 0.3765625 0.7234375 0.025 0.021875
2 0.36875 0.75703125 0.03125 0.01875
2 0.37890625 0.771875 0.03125 0.025
0 0.41328125 0.75703125 0.028125 0.021875