2 0.45625 0.6484375 0.0296875 0.0265625
2 0.4265625 0.64921875 0.03125 0.028125
2 0.3953125 0.6484375 0.03125 0.028125
2 0.4125 0.63046875 0.03125 0.025
2 0.390625 0.615625 0.0328125 0.028125
2 0.40390625 0.5984375 0.028125 0.0265625
2 0.421875 0.6109375 0.025 0.021875
2 0.440625 0.628125 0.021875 0.021875
2 0.46796875 0.63046875 0.03125 0.021875
2 0.45234375 0.61171875 0.03125 0.025
2 0.43515625 0.59375 0.028125 0.021875
2 0.41875 0.57734375 0.03125 0.025
2 0.39765625 0.5640625 0.03125 0.021875
2 0.42734375 0.559375 0.028125 0.021875
2 0.4078125 0.5453125 0.03125 0.025
2 0.3890625 0.52890625 0.028125 0.028125
2 0.38203125 0.4984375 0.0328125 0.028125
2 0.403125 0.509375 0.025 0.021875
2 0.41484375 0.52578125 0.03125 0.0265625
2 0.4359375 0.54296875 0.028125 0.025
2 0.45625 0.559375 0.025 0.01875
2 0.44609375 0.57578125 0.03125 0.021875
2 0.46015625 0.59140625 0.03125 0.025
2 0.48046875 0.60859375 0.028125 0.025
2 0.490625 0.59375 0.03125 0.028125
2 0.5078125 0.57890625 0.028125 0.025
2 0.47421875 0.57421875 0.0328125 0.028125
2 0.49140625 0.56171875 0.028125 0.025
2 0.52109375 0.5625 0.028125 0.025
2 0.503125 0.5421875 0.028125 0.028125
2 0.4734375 0.54609375 0.028125 0.021875
2 0.45390625 0.53046875 0.028125 0.025
2 0.43515625 0.515625 0.028125 0.0265625
2 0.39765625 0.48046875 0.034375 0.0234375
2 0.4109375 0.46171875 0.03125 0.025
2 0.434375 0.4484375 0.028125 0.028125
2 0.46328125 0.44765625 0.0296875 0.028125
2 0.44296875 0.490625 0.025 0.028125
2 0.46171875 0.4796875 0.025 0.0234375
2 0.490625 0.45078125 0.0265625 0.0265625
2 0.48828125 0.478125 0.028125 0.025
2 0.509375 0.465625 0.025 0.0296875
2 0.5328125 0.48125 0.028125 0.01875
2 0.534375 0.4640625 0.028125 0.0234375
2 0.565625 0.46171875 0.028125 0.0265625
2 0.5546875 0.48046875 0.028125 0.0203125
2 0.509375 0.49609375 0.0296875 0.025
2 0.48125 0.496875 0.028125 0.021875
2 0.4640625 0.509375 0.028125 0.021875
2 0.48125 0.521875 0.025 0.021875
2 0.49921875 0.51484375 0.025 0.021875
2 0.521875 0.528125 0.025 0.021875
2 0.53125 0.509375 0.025 0.0265625
2 0.54609375 0.49609375 0.028125 0.021875
2 0.5578125 0.5125 0.028125 0.025
2 0.55078125 0.53125 0.025 0.025
2 0.534375 0.54765625 0.03125 0.025
2 0.565625 0.553125 0.0296875 0.028125
2 0.57734375 0.53359375 0.0265625 0.028125
2 0.5890625 0.51484375 0.025 0.025
2 0.60234375 0.49453125 0.0265625 0.025
2 0.609375 0.47578125 0.0265625 0.025
2 0.5796875 0.47734375 0.03125 0.0234375
2 0.57578125 0.49609375 0.03125 0.021875
2 0.41328125 0.4953125 0.0375 0.021875
2 0.4296875 0.4765625 0.03125 0.025