2 0.6546875 0.56484375 0.034375 0.0328125
2 0.63046875 0.5640625 0.0296875 0.0296875
2 0.6078125 0.57109375 0.028125 0.01875
2 0.63203125 0.5796875 0.03125 0.01875
2 0.60546875 0.55390625 0.03125 0.01875
2 0.6046875 0.5359375 0.0296875 0.0203125
2 0.58984375 0.5203125 0.025 0.021875
2 0.56796875 0.5109375 0.0265625 0.0171875
2 0.565625 0.528125 0.028125 0.01875
2 0.5828125 0.54375 0.025 0.015625
2 0.56328125 0.54921875 0.0234375 0.021875
2 0.5453125 0.53515625 0.0265625 0.021875
2 0.5453125 0.51484375 0.028125 0.01875
2 0.5453125 0.50078125 0.025 0.021875
2 0.5265625 0.48828125 0.0234375 0.01875
2 0.50390625 0.49296875 0.025 0.01875
2 0.52421875 0.5046875 0.0234375 0.015625
2 0.484375 0.5 0.028125 0.0203125
2 0.4625 0.50625 0.0234375 0.0203125
2 0.50703125 0.5125 0.025 0.0203125
2 0.525 0.52578125 0.0203125 0.01875
2 0.48515625 0.51796875 0.0265625 0.01875
2 0.45859375 0.525 0.028125 0.021875
2 0.503125 0.53203125 0.025 0.0203125
2 0.4796875 0.53828125 0.025 0.01875
2 0.453125 0.54453125 0.0296875 0.01875
2 0.4765625 0.55546875 0.0234375 0.01875
2 0.5015625 0.55078125 0.0234375 0.0203125
2 0.52265625 0.546875 0.021875 0.01875
2 0.5421875 0.55625 0.025 0.021875
2 0.58359375 0.5609375 0.0296875 0.021875
2 0.5609375 0.56796875 0.0234375 0.015625
2 0.53984375 0.575 0.0265625 0.0203125
2 0.51953125 0.5640625 0.021875 0.01875
2 0.496875 0.56796875 0.0234375 0.021875
2 0.4734375 0.57265625 0.025 0.01875
2 0.45078125 0.56171875 0.025 0.01875
2 0.45 0.58046875 0.0265625 0.0203125
2 0.584375 0.5796875 0.025 0.01875
2 0.60625 0.58828125 0.0234375 0.01875
2 0.6296875 0.59765625 0.025 0.0234375
2 0.56015625 0.5859375 0.0265625 0.021875
2 0.58359375 0.59609375 0.025 0.021875
2 0.60703125 0.60546875 0.025 0.0203125
2 0.53671875 0.5921875 0.028125 0.01875
2 0.5140625 0.58046875 0.025 0.01875
2 0.48984375 0.5859375 0.021875 0.0203125
2 0.4671875 0.5921875 0.0234375 0.01875
2 0.56015625 0.60390625 0.025 0.01875
2 0.53828125 0.60859375 0.028125 0.021875
2 0.51328125 0.596875 0.0265625 0.01875
2 0.4890625 0.60390625 0.028125 0.01875
2 0.4671875 0.61171875 0.03125 0.01875
2 0.4859375 0.62265625 0.025 0.021875
2 0.51328125 0.6140625 0.034375 0.01875
2 0.5328125 0.62734375 0.0265625 0.021875
2 0.5578125 0.6203125 0.03125 0.01875
2 0.58203125 0.615625 0.03125 0.01875
2 0.6296875 0.6171875 0.028125 0.01875
2 0.60703125 0.62421875 0.028125 0.01875
2 0.62734375 0.63515625 0.028125 0.0203125
2 0.60625 0.6421875 0.025 0.0171875
2 0.58125 0.6328125 0.025 0.01875
2 0.559375 0.63828125 0.0265625 0.01875
2 0.5109375 0.63203125 0.025 0.01875
2 0.48515625 0.6421875 0.025 0.01875
2 0.46484375 0.62890625 0.025 0.01875
2 0.62734375 0.65390625 0.0265625 0.01875
2 0.60390625 0.66171875 0.028125 0.01875
2 0.58125 0.65078125 0.025 0.0203125
2 0.5578125 0.65703125 0.028125 0.01875
2 0.53203125 0.6453125 0.025 0.01875
2 0.5078125 0.65078125 0.025 0.01875
2 0.484375 0.659375 0.0234375 0.01875
2 0.46484375 0.646875 0.021875 0.021875
2 0.46328125 0.66875 0.0265625 0.0234375
2 0.484375 0.68046875 0.0265625 0.021875
2 0.50546875 0.67109375 0.028125 0.01875
2 0.53046875 0.66328125 0.025 0.0171875
2 0.55625 0.675 0.025 0.01875
2 0.53125 0.6828125 0.025 0.01875
2 0.50703125 0.690625 0.0234375 0.0203125
2 0.578125 0.6671875 0.025 0.01875
2 0.59921875 0.6796875 0.0234375 0.0171875
2 0.57734375 0.68671875 0.0265625 0.01875
2 0.6234375 0.671875 0.0265625 0.01875
2 0.6234375 0.6890625 0.028125 0.01875
2 0.621875 0.7078125 0.028125 0.021875
2 0.59921875 0.69609375 0.021875 0.01875
2 0.55 0.69375 0.025 0.01875
2 0.5734375 0.70625 0.0265625 0.021875
2 0.52578125 0.70234375 0.028125 0.021875
2 0.55078125 0.7125 0.0265625 0.0203125
2 0.59453125 0.71640625 0.028125 0.01875
2 0.57109375 0.7265625 0.021875 0.01875
2 0.54921875 0.73125 0.03125 0.021875
2 0.52265625 0.72109375 0.028125 0.01875
2 0.61796875 0.72890625 0.03125 0.021875
2 0.596875 0.73671875 0.028125 0.0203125
2 0.57265625 0.7453125 0.028125 0.021875
2 0.5484375 0.753125 0.03125 0.021875
2 0.521875 0.73984375 0.03125 0.0234375
2 0.52109375 0.76328125 0.03125 0.0203125
2 0.54296875 0.7734375 0.021875 0.01875
2 0.51953125 0.784375 0.0296875 0.021875
2 0.6140625 0.75078125 0.028125 0.01875
2 0.59375 0.75859375 0.028125 0.021875
2 0.5671875 0.76640625 0.028125 0.021875
2 0.640625 0.74140625 0.025 0.0171875
2 0.6640625 0.75234375 0.028125 0.01875
2 0.640625 0.76015625 0.03125 0.0203125
2 0.61328125 0.7703125 0.025 0.0203125
2 0.590625 0.77890625 0.028125 0.0203125
2 0.56328125 0.7859375 0.025 0.01875
2 0.54296875 0.79296875 0.028125 0.021875
2 0.56171875 0.80859375 0.034375 0.0234375
2 0.5859375 0.8015625 0.028125 0.021875
2 0.55546875 0.83046875 0.03125 0.025
2 0.5859375 0.82578125 0.0328125 0.0234375
2 0.5734375 0.84296875 0.0296875 0.0234375
2 0.60859375 0.7921875 0.028125 0.025
2 0.63359375 0.7828125 0.028125 0.0234375
2 0.6578125 0.775 0.028125 0.021875
2 0.6875 0.76796875 0.03125 0.025
2 0.68671875 0.78828125 0.028125 0.01875
2 0.6578125 0.796875 0.028125 0.0203125
2 0.6328125 0.803125 0.028125 0.021875
2 0.61015625 0.81328125 0.028125 0.021875
2 0.634375 0.82421875 0.034375 0.0234375
2 0.66015625 0.81875 0.0328125 0.021875
2 0.68671875 0.80859375 0.0328125 0.0203125
2 0.69296875 0.83203125 0.028125 0.0234375
2 0.6671875 0.8390625 0.028125 0.0234375
2 0.64140625 0.84375 0.028125 0.01875
2 0.6125 0.834375 0.03125 0.025
2 0.60234375 0.85625 0.0328125 0.021875
2 0.58203125 0.86640625 0.034375 0.028125
2 0.628125 0.8640625 0.034375 0.021875
2 0.659375 0.8640625 0.034375 0.025
2 0.6890625 0.859375 0.0328125 0.028125
2 0.66328125 0.88984375 0.034375 0.03125
2 0.63203125 0.8890625 0.028125 0.0203125
2 0.6078125 0.88125 0.03125 0.0234375
2 0.6203125 0.909375 0.034375 0.025
2 0.6546875 0.9203125 0.040625 0.0296875