2 0.571875 0.40390625 0.028125 0.0328125
2 0.58046875 0.43671875 0.028125 0.034375
2 0.5734375 0.47109375 0.028125 0.0328125
2 0.5796875 0.50234375 0.0265625 0.028125
2 0.56640625 0.53125 0.03125 0.034375
2 0.55625 0.50078125 0.025 0.03125
2 0.55 0.47109375 0.025 0.03125
2 0.55234375 0.434375 0.0265625 0.0390625
2 0.534375 0.41171875 0.0328125 0.0359375
2 0.53046875 0.3765625 0.03125 0.0359375
2 0.52421875 0.34140625 0.028125 0.0375
2 0.50625 0.37109375 0.0265625 0.0359375
2 0.48515625 0.353125 0.03125 0.0375
2 0.46875 0.328125 0.028125 0.034375
2 0.459375 0.36328125 0.0296875 0.034375
2 0.478125 0.3875 0.0328125 0.03125
2 0.45390625 0.39609375 0.03125 0.0375
2 0.45859375 0.43203125 0.0296875 0.040625
2 0.48125 0.4203125 0.0265625 0.034375
2 0.5046875 0.40546875 0.0296875 0.0375
2 0.47578125 0.4609375 0.03125 0.040625
2 0.49921875 0.44453125 0.028125 0.0328125
2 0.52421875 0.44296875 0.028125 0.0421875
2 0.496875 0.4828125 0.03125 0.0375
2 0.525 0.48046875 0.025 0.0375
2 0.528125 0.51015625 0.0265625 0.03125
2 0.46015625 0.49609375 0.028125 0.040625
2 0.478125 0.51796875 0.0265625 0.0375
2 0.5015625 0.515625 0.03125 0.025
2 0.5171875 0.54609375 0.03125 0.046875
2 0.54140625 0.534375 0.025 0.028125
2 0.49375 0.5453125 0.03125 0.0375
2 0.4671875 0.55703125 0.034375 0.034375
2 0.4484375 0.525 0.034375 0.0390625
2 0.44375 0.56015625 0.028125 0.0375
2 0.55625 0.38203125 0.028125 0.0375
2 0.553125 0.34609375 0.03125 0.0375