2 0.49296875 0.65234375 0.025 0.0296875
2 0.50078125 0.621875 0.028125 0.03125
2 0.49453125 0.58984375 0.028125 0.03125
2 0.5 0.56171875 0.025 0.0265625
2 0.4875 0.53515625 0.028125 0.03125
2 0.478125 0.56328125 0.025 0.0296875
2 0.47265625 0.590625 0.0234375 0.028125
2 0.475 0.62421875 0.025 0.0359375
2 0.4578125 0.64453125 0.0296875 0.0328125
2 0.45390625 0.678125 0.028125 0.0328125
2 0.4484375 0.71015625 0.0265625 0.034375
2 0.43203125 0.6828125 0.025 0.0328125
2 0.4125 0.7 0.028125 0.034375
2 0.39765625 0.72265625 0.028125 0.03125
2 0.3890625 0.68984375 0.028125 0.03125
2 0.40625 0.6671875 0.03125 0.028125
2 0.38359375 0.659375 0.028125 0.034375
2 0.38828125 0.6265625 0.028125 0.0375
2 0.40859375 0.6375 0.025 0.03125
2 0.43125 0.65078125 0.028125 0.034375
2 0.40390625 0.59921875 0.0296875 0.0375
2 0.42578125 0.61484375 0.028125 0.0296875
2 0.4484375 0.61640625 0.025 0.0390625
2 0.4234375 0.5796875 0.0296875 0.034375
2 0.44921875 0.58125 0.025 0.034375
2 0.45234375 0.55390625 0.025 0.028125
2 0.38984375 0.5671875 0.028125 0.0375
2 0.40625 0.546875 0.025 0.034375
2 0.42734375 0.54921875 0.028125 0.0234375
2 0.4421875 0.52109375 0.028125 0.04375
2 0.46484375 0.53203125 0.021875 0.025
2 0.4203125 0.521875 0.028125 0.034375
2 0.39609375 0.5109375 0.03125 0.03125
2 0.37890625 0.540625 0.03125 0.0359375
2 0.37421875 0.50859375 0.028125 0.034375
2 0.478125 0.671875 0.028125 0.034375
2 0.47578125 0.70546875 0.028125 0.034375