1 0.40859375 0.6109375 0.03203125 0.02265625
1 0.4296875 0.59765625 0.02890625 0.021875
1 0.45078125 0.5875 0.03046875 0.02109375
1 0.471875 0.578125 0.02890625 0.02265625
1 0.45234375 0.60625 0.03359375 0.02265625
1 0.4734375 0.59609375 0.02890625 0.02109375
1 0.43125 0.61796875 0.02421875 0.01875
1 0.45546875 0.625 0.02890625 0.01875
1 0.4328125 0.6359375 0.0265625 0.021875
1 0.453125 0.6421875 0.02734375 0.01953125
1 0.4734375 0.61640625 0.025 0.0234375
1 0.49140625 0.6078125 0.0296875 0.01953125
1 0.4953125 0.58671875 0.025 0.0234375
1 0.51640625 0.5953125 0.0296875 0.01953125
1 0.51484375 0.61328125 0.02890625 0.021875
1 0.53359375 0.60390625 0.0328125 0.01953125
1 0.49453125 0.625 0.03203125 0.02109375
1 0.47265625 0.6515625 0.0296875 0.02109375
1 0.49140625 0.64296875 0.02734375 0.01953125
1 0.5109375 0.64296875 0.025 0.0171875
1 0.525 0.63359375 0.028125 0.0203125
1 0.55234375 0.615625 0.0265625 0.02265625
1 0.5578125 0.6328125 0.02890625 0.02421875
1 0.5796875 0.64140625 0.0265625 0.02265625
1 0.5953125 0.6515625 0.03203125 0.0203125
1 0.59453125 0.6703125 0.03359375 0.02578125
1 0.575 0.66171875 0.02890625 0.01953125
1 0.5578125 0.65078125 0.0328125 0.02265625
1 0.53203125 0.653125 0.03359375 0.01953125
1 0.490625 0.6625 0.03359375 0.02578125
1 0.5140625 0.67109375 0.03046875 0.02265625
1 0.52890625 0.6828125 0.03203125 0.0234375
1 0.55 0.6734375 0.02734375 0.0234375
1 0.5734375 0.68125 0.03046875 0.0265625
1 0.54765625 0.690625 0.0328125 0.02734375
1 0.57109375 0.6984375 0.02890625 0.028125
1 0.59453125 0.68984375 0.0296875 0.0265625
1 0.58828125 0.7171875 0.03359375 0.02421875
1 0.60859375 0.70703125 0.03359375 0.02265625
1 0.61328125 0.68125 0.0328125 0.0265625
1 0.63671875 0.67265625 0.03046875 0.028125
1 0.653125 0.68125 0.03359375 0.025
1 0.6296875 0.69453125 0.02890625 0.025
1 0.6515625 0.70390625 0.03203125 0.0234375
1 0.625 0.71640625 0.034375 0.025
1 0.6484375 0.7265625 0.03203125 0.02421875
1 0.6046875 0.72578125 0.0390625 0.02421875
0 0.38515625 0.56484375 0.03203125 0.02421875
0 0.4015625 0.571875 0.0296875 0.02421875
0 0.421875 0.57734375 0.03203125 0.02421875
0 0.421875 0.55859375 0.0296875 0.021875
0 0.4453125 0.565625 0.03203125 0.021875
0 0.4453125 0.54765625 0.03046875 0.02265625
0 0.46484375 0.55625 0.028125 0.0234375
0 0.48828125 0.56484375 0.028125 0.0265625
0 0.5078125 0.57578125 0.03046875 0.02578125
0 0.53125 0.5828125 0.0265625 0.025
0 0.55 0.59296875 0.02890625 0.0265625
0 0.57109375 0.6015625 0.028125 0.0265625
0 0.3796875 0.5859375 0.03046875 0.02109375
0 0.4046875 0.590625 0.03046875 0.02265625
0 0.38359375 0.60625 0.02734375 0.0234375
0 0.4015625 0.63828125 0.03125 0.0296875
0 0.421875 0.63828125 0.0265625 0.025
0 0.44296875 0.6625 0.03046875 0.0265625
0 0.46328125 0.67265625 0.028125 0.0265625
0 0.48046875 0.6828125 0.0296875 0.02578125
0 0.5921875 0.628125 0.02421875 0.0234375
0 0.60703125 0.63828125 0.03046875 0.02265625
0 0.63125 0.65 0.0296875 0.02578125
0 0.65234375 0.66171875 0.028125 0.021875
0 0.50234375 0.69140625 0.028125 0.02421875
0 0.52265625 0.703125 0.02734375 0.02109375
0 0.546875 0.71015625 0.03046875 0.02265625
0 0.5640625 0.7203125 0.03125 0.02421875
0 0.5921875 0.74453125 0.03203125 0.025
0 0.61171875 0.75546875 0.03046875 0.02421875
0 0.634375 0.74453125 0.03203125 0.02421875
0 0.6375 0.7609375 0.03125 0.021875
0 0.65625 0.75234375 0.025 0.02109375
0 0.67890625 0.71328125 0.025 0.0234375
0 0.6796875 0.69296875 0.028125 0.01875
0 0.6796875 0.67421875 0.02890625 0.025
2 0.540625 0.73046875 0.03046875 0.0203125
2 0.55 0.74765625 0.0296875 0.0234375
2 0.5171875 0.71953125 0.0328125 0.0234375
2 0.50078125 0.709375 0.03203125 0.02421875
2 0.478125 0.7015625 0.0265625 0.01953125
2 0.4140625 0.66171875 0.0296875 0.02109375
2 0.43359375 0.67578125 0.025 0.02109375
2 0.45546875 0.6875 0.02890625 0.0234375
2 0.39453125 0.653125 0.03046875 0.025
2 0.3703125 0.64609375 0.0359375 0.02578125
2 0.37421875 0.62265625 0.03125 0.021875
2 0.66796875 0.7828125 0.028125 0.02578125
2 0.6875 0.73203125 0.0296875 0.02578125
2 0.46875 0.5328125 0.02578125 0.021875
2 0.48671875 0.5453125 0.02421875 0.02109375
2 0.5109375 0.55625 0.02734375 0.02421875
2 0.5296875 0.565625 0.02578125 0.02421875
2 0.55234375 0.57421875 0.02734375 0.0234375
2 0.56953125 0.584375 0.02734375 0.02109375