2 0.59375 0.81015625 0.0203125 0.025
2 0.60390625 0.82734375 0.01875 0.0265625
2 0.61875 0.8421875 0.021875 0.028125
2 0.61953125 0.865625 0.0234375 0.028125
2 0.63046875 0.88125 0.0203125 0.028125
2 0.6484375 0.8703125 0.0234375 0.0296875
2 0.65234375 0.8296875 0.021875 0.03125
2 0.634375 0.8546875 0.01875 0.0265625
2 0.64453125 0.85 0.015625 0.0234375
2 0.640625 0.81015625 0.0203125 0.0234375
2 0.63671875 0.83125 0.01875 0.025
2 0.62265625 0.81875 0.01875 0.025
2 0.61015625 0.80234375 0.01875 0.028125
2 0.62578125 0.79453125 0.0203125 0.025
2 0.64375 0.78671875 0.01875 0.028125
2 0.6328125 0.77109375 0.021875 0.025
2 0.5796875 0.78671875 0.021875 0.03125
2 0.59765625 0.78515625 0.0203125 0.025
2 0.61484375 0.77890625 0.01875 0.025
2 0.58515625 0.765625 0.01875 0.025
2 0.60078125 0.76484375 0.01875 0.028125
2 0.6171875 0.75703125 0.01875 0.028125
2 0.634375 0.74765625 0.021875 0.0296875
2 0.6234375 0.73359375 0.0171875 0.025
2 0.62890625 0.7125 0.0203125 0.025
2 0.60625 0.73984375 0.01875 0.025
2 0.58984375 0.74453125 0.01875 0.028125
2 0.57265625 0.753125 0.021875 0.025
2 0.57734375 0.73125 0.01875 0.0234375
2 0.59453125 0.721875 0.0171875 0.0203125
2 0.61015625 0.71796875 0.01875 0.0265625
2 0.60078125 0.7015625 0.01875 0.0265625
2 0.61875 0.69609375 0.021875 0.025
2 0.60703125 0.67890625 0.01875 0.021875
2 0.5890625 0.6859375 0.01875 0.025
2 0.58515625 0.70703125 0.0203125 0.025
2 0.5609375 0.7359375 0.01875 0.028125
2 0.56640625 0.71328125 0.01875 0.025
2 0.571875 0.69375 0.01875 0.0265625
2 0.55 0.72109375 0.0203125 0.028125
2 0.55390625 0.69765625 0.01875 0.021875
2 0.5609375 0.678125 0.01875 0.021875
2 0.5765625 0.6703125 0.01875 0.025
2 0.59296875 0.66640625 0.01875 0.025
2 0.61015625 0.659375 0.01875 0.0234375
2 0.61328125 0.63671875 0.01875 0.025
2 0.59609375 0.6421875 0.015625 0.0234375
2 0.603125 0.621875 0.01875 0.025
2 0.61953125 0.61328125 0.01875 0.0296875
2 0.60859375 0.5984375 0.0203125 0.0234375
2 0.609375 0.5765625 0.01875 0.028125
2 0.58125 0.6484375 0.01875 0.025
2 0.59140625 0.60546875 0.01875 0.0234375
2 0.53828125 0.70078125 0.01875 0.0234375
2 0.54375 0.6796875 0.01875 0.025
2 0.528125 0.68828125 0.0203125 0.028125
2 0.5328125 0.66484375 0.015625 0.021875
2 0.5484375 0.66015625 0.015625 0.025
2 0.56484375 0.65703125 0.0171875 0.0234375
2 0.5375 0.64375 0.0171875 0.021875
2 0.59296875 0.584375 0.01875 0.025
2 0.59375 0.5609375 0.01875 0.025
2 0.5796875 0.571875 0.015625 0.025
2 0.58359375 0.546875 0.0203125 0.025
2 0.571875 0.53125 0.01875 0.021875
2 0.55859375 0.51953125 0.01875 0.028125
2 0.55859375 0.49609375 0.01875 0.025
2 0.54375 0.48203125 0.01875 0.025
2 0.51640625 0.67109375 0.01875 0.028125
2 0.50390625 0.65546875 0.01875 0.025
2 0.52109375 0.65 0.01875 0.0234375
2 0.51015625 0.634375 0.01875 0.021875
2 0.484375 0.609375 0.01875 0.0265625
2 0.5078125 0.6203125 0.015625 0.025
2 0.4640625 0.55703125 0.01875 0.0234375
2 0.53203125 0.4671875 0.021875 0.03125
2 0.51953125 0.45390625 0.01875 0.025
2 0.50546875 0.44140625 0.01875 0.028125
2 0.45078125 0.54296875 0.01875 0.03125
2 0.4375 0.528125 0.01875 0.028125
2 0.425 0.51171875 0.01875 0.0234375
2 0.4125 0.49921875 0.01875 0.028125
2 0.49140625 0.42734375 0.015625 0.028125
2 0.403125 0.44375 0.01875 0.025
2 0.38828125 0.440625 0.01875 0.025
2 0.38046875 0.42734375 0.0203125 0.025
2 0.384375 0.40625 0.01875 0.021875
2 0.371875 0.39375 0.015625 0.025
2 0.45703125 0.3421875 0.0203125 0.0328125
2 0.440625 0.33203125 0.01875 0.025
2 0.4203125 0.3015625 0.0203125 0.0234375
2 0.3625 0.38125 0.015625 0.0234375
2 0.36640625 0.3609375 0.015625 0.0234375
2 0.35078125 0.36796875 0.0203125 0.028125
2 0.33984375 0.34921875 0.01875 0.025
2 0.32890625 0.3359375 0.01875 0.0234375
2 0.33203125 0.31328125 0.01875 0.0234375
2 0.32578125 0.29375 0.01875 0.025
2 0.3421875 0.29140625 0.01875 0.025
2 0.3546875 0.24609375 0.0203125 0.021875
2 0.3453125 0.26953125 0.01875 0.025
2 0.35859375 0.2640625 0.015625 0.021875
2 0.41015625 0.28984375 0.01875 0.0234375
2 0.40703125 0.26875 0.0203125 0.025
0 0.37890625 0.24921875 0.01875 0.028125
0 0.390625 0.26796875 0.015625 0.025
0 0.3734375 0.271875 0.01875 0.0265625
0 0.36953125 0.29453125 0.01875 0.028125
0 0.36328125 0.3109375 0.0171875 0.0296875
0 0.35 0.325 0.01875 0.0265625
0 0.36484375 0.33828125 0.0171875 0.025
0 0.37578125 0.32734375 0.015625 0.0234375
0 0.38203125 0.3078125 0.0171875 0.0234375
0 0.38671875 0.2890625 0.01875 0.025
0 0.39765625 0.30234375 0.015625 0.0265625
0 0.39375 0.3234375 0.0140625 0.025
0 0.58515625 0.628125 0.01875 0.025
0 0.5703125 0.6015625 0.021875 0.028125
0 0.56640625 0.63125 0.021875 0.0296875
0 0.55 0.61015625 0.01875 0.021875
0 0.55546875 0.5875 0.01875 0.01875
0 0.56015625 0.56796875 0.01875 0.025
0 0.5375 0.5921875 0.01875 0.021875
0 0.54453125 0.571875 0.0171875 0.021875
0 0.55078125 0.5453125 0.01875 0.0234375
0 0.50625 0.60234375 0.015625 0.025
0 0.52109375 0.61171875 0.01875 0.021875
0 0.52265625 0.59296875 0.0171875 0.01875
0 0.52734375 0.5734375 0.0171875 0.021875
0 0.5328125 0.55390625 0.01875 0.0234375
0 0.53203125 0.534375 0.0171875 0.0234375
0 0.54609375 0.53046875 0.015625 0.025
0 0.53125 0.51328125 0.01875 0.025
0 0.5171875 0.5375 0.01875 0.025
0 0.51875 0.5546875 0.0171875 0.025
0 0.5109375 0.5765625 0.0171875 0.0234375
0 0.49609375 0.5859375 0.01875 0.025
0 0.5 0.56328125 0.01875 0.025
0 0.48515625 0.56796875 0.01875 0.025
0 0.51640625 0.51796875 0.0171875 0.021875
0 0.51875 0.49765625 0.015625 0.0234375
0 0.5015625 0.53984375 0.01875 0.0234375
0 0.48671875 0.55078125 0.015625 0.021875
0 0.471875 0.53984375 0.0140625 0.0171875
0 0.48515625 0.5265625 0.0171875 0.021875
0 0.4640625 0.4828125 0.0171875 0.025
0 0.4703125 0.44140625 0.01875 0.025
0 0.475 0.4203125 0.0171875 0.021875
0 0.46171875 0.40546875 0.0171875 0.025
0 0.4234375 0.4609375 0.0171875 0.021875
0 0.503125 0.49921875 0.0140625 0.0203125
0 0.5109375 0.47890625 0.015625 0.0234375
0 0.49375 0.4859375 0.015625 0.021875
0 0.496875 0.46484375 0.0140625 0.0203125
0 0.48359375 0.4546875 0.0171875 0.025
0 0.43984375 0.37734375 0.015625 0.025
0 0.42421875 0.3828125 0.01875 0.025
0 0.41796875 0.425 0.01875 0.021875
0 0.46171875 0.50234375 0.01875 0.025
0 0.45390625 0.46953125 0.01875 0.0234375
0 0.41484375 0.36953125 0.01875 0.025
0 0.3828125 0.36484375 0.015625 0.0203125
0 0.38984375 0.3421875 0.01875 0.021875