2 0.41484375 0.6875 0.021875 0.03125
2 0.42890625 0.65546875 0.021875 0.028125
2 0.4328125 0.69921875 0.021875 0.0296875
2 0.43359375 0.6765625 0.01875 0.0265625
2 0.44765625 0.68671875 0.021875 0.028125
2 0.44765625 0.6625 0.0203125 0.025
2 0.4625 0.665625 0.021875 0.028125
2 0.46484375 0.6890625 0.01875 0.028125
2 0.47890625 0.70234375 0.021875 0.0328125
2 0.4796875 0.68125 0.01875 0.028125
2 0.47421875 0.6515625 0.01875 0.028125
2 0.49453125 0.671875 0.021875 0.025
2 0.49140625 0.6484375 0.021875 0.03125
2 0.49375 0.6265625 0.021875 0.0265625
2 0.5078125 0.63984375 0.021875 0.0328125
2 0.509375 0.615625 0.01875 0.028125
2 0.52421875 0.6046875 0.021875 0.03125
2 0.5375 0.5984375 0.0203125 0.034375
2 0.55 0.6171875 0.021875 0.028125
2 0.55390625 0.59453125 0.021875 0.0296875
2 0.56796875 0.571875 0.025 0.03125
2 0.57734375 0.59375 0.025 0.028125
2 0.58203125 0.56640625 0.025 0.028125
2 0.58203125 0.53671875 0.025 0.034375
2 0.5921875 0.584375 0.01875 0.03125
2 0.60234375 0.6046875 0.021875 0.028125
2 0.61796875 0.61875 0.021875 0.028125
2 0.62734375 0.60078125 0.021875 0.0265625
2 0.61015625 0.5828125 0.021875 0.028125
2 0.5984375 0.5640625 0.01875 0.0265625
2 0.5984375 0.53203125 0.01875 0.028125
2 0.61015625 0.51484375 0.0234375 0.03125
2 0.64375 0.5703125 0.0265625 0.028125
0 0.61953125 0.5734375 0.0234375 0.028125
0 0.609375 0.5546875 0.0171875 0.028125
0 0.62421875 0.54765625 0.0234375 0.028125
0 0.61484375 0.52890625 0.01875 0.0265625
0 0.628125 0.5234375 0.0203125 0.0328125
0 0.64140625 0.53671875 0.01875 0.0234375
0 0.6609375 0.48125 0.01875 0.028125
0 0.678125 0.47734375 0.021875 0.03125
0 0.69453125 0.475 0.0203125 0.028125
2 0.66640625 0.546875 0.0234375 0.034375
2 0.65546875 0.5203125 0.021875 0.03125
2 0.640625 0.50078125 0.021875 0.028125
2 0.65078125 0.48359375 0.0171875 0.028125
2 0.67265625 0.521875 0.01875 0.028125
2 0.6625 0.5015625 0.01875 0.021875
2 0.684375 0.5390625 0.01875 0.028125
2 0.68984375 0.5171875 0.01875 0.0296875
2 0.70234375 0.53515625 0.01875 0.034375
2 0.67890625 0.4984375 0.0203125 0.0265625
2 0.6953125 0.49609375 0.021875 0.025
2 0.70703125 0.51484375 0.01875 0.03125
2 0.71484375 0.49453125 0.0203125 0.028125
2 0.7234375 0.51796875 0.021875 0.0328125
2 0.6953125 0.45390625 0.021875 0.028125
2 0.7171875 0.46875 0.025 0.03125
2 0.71015625 0.4421875 0.0203125 0.028125
2 0.7234375 0.43359375 0.0203125 0.03125
2 0.73671875 0.425 0.021875 0.0359375
2 0.75078125 0.41015625 0.021875 0.03125
2 0.76640625 0.4 0.021875 0.028125
2 0.7796875 0.38984375 0.021875 0.028125
2 0.7953125 0.3765625 0.01875 0.028125
2 0.8125 0.37109375 0.021875 0.0328125
2 0.73203125 0.4578125 0.021875 0.0296875
2 0.746875 0.45078125 0.021875 0.028125
2 0.75546875 0.43203125 0.0203125 0.034375
2 0.771875 0.42421875 0.021875 0.034375
2 0.7875 0.4125 0.021875 0.028125
2 0.803125 0.409375 0.0203125 0.03125
2 0.81875 0.4015625 0.021875 0.028125
2 0.73046875 0.49140625 0.021875 0.03125
2 0.74296875 0.4765625 0.01875 0.03125
2 0.7609375 0.47265625 0.021875 0.025
2 0.76796875 0.45078125 0.021875 0.034375
2 0.78203125 0.44609375 0.021875 0.0328125
2 0.79921875 0.43515625 0.021875 0.03125
2 0.81640625 0.4296875 0.021875 0.03125
2 0.8328125 0.4234375 0.021875 0.03125
2 0.74609375 0.51015625 0.021875 0.03125
2 0.75703125 0.4953125 0.021875 0.03125
2 0.77421875 0.49140625 0.01875 0.03125
2 0.77890625 0.47109375 0.021875 0.03125
2 0.79375 0.4890625 0.0234375 0.03125
2 0.79765625 0.46640625 0.021875 0.034375
2 0.8125 0.4546875 0.025 0.0375
2 0.8296875 0.44453125 0.021875 0.03125
2 0.84765625 0.44140625 0.021875 0.0328125
2 0.8390625 0.4 0.021875 0.028125
2 0.825 0.38125 0.025 0.03125
2 0.821875 0.35625 0.021875 0.028125
2 0.83671875 0.3484375 0.0203125 0.028125
2 0.8421875 0.37578125 0.021875 0.03125
2 0.853125 0.4171875 0.025 0.03125
2 0.86796875 0.43046875 0.0203125 0.034375
2 0.8859375 0.4265625 0.025 0.034375
2 0.87265625 0.4046875 0.021875 0.028125
2 0.8578125 0.39140625 0.021875 0.0265625
2 0.87109375 0.38046875 0.021875 0.03125
2 0.88984375 0.39765625 0.021875 0.0328125
2 0.85234375 0.359375 0.01875 0.03125
2 0.85546875 0.33203125 0.0265625 0.034375
2 0.86953125 0.35390625 0.021875 0.03125
2 0.89140625 0.365625 0.021875 0.0375
2 0.90703125 0.3796875 0.021875 0.034375
2 0.903125 0.35390625 0.0234375 0.03125
2 0.92109375 0.33671875 0.021875 0.034375
2 0.88671875 0.34140625 0.01875 0.034375
2 0.90234375 0.32734375 0.025 0.03125
2 0.91640625 0.3125 0.021875 0.0359375
2 0.87734375 0.31875 0.021875 0.03125
2 0.8921875 0.3046875 0.021875 0.0375
2 0.90859375 0.28671875 0.021875 0.03125