0 0.3765625 0.43515625 0.021875 0.0359375
0 0.39453125 0.44375 0.021875 0.028125
0 0.4109375 0.44921875 0.025 0.034375
0 0.4140625 0.47421875 0.021875 0.028125
0 0.39765625 0.4671875 0.021875 0.028125
0 0.38671875 0.48515625 0.0234375 0.034375
0 0.4046875 0.4953125 0.021875 0.028125
0 0.41015625 0.51640625 0.0234375 0.034375
0 0.39296875 0.51015625 0.021875 0.0359375
2 0.4265625 0.42578125 0.025 0.03125
2 0.43046875 0.45078125 0.025 0.03125
2 0.43359375 0.48828125 0.021875 0.03125
2 0.44296875 0.509375 0.025 0.034375
2 0.46015625 0.52734375 0.025 0.0359375
2 0.44375 0.5359375 0.021875 0.028125
2 0.4265625 0.525 0.0171875 0.03125
2 0.41328125 0.540625 0.0203125 0.0234375
2 0.39453125 0.53984375 0.021875 0.028125
2 0.37734375 0.53203125 0.01875 0.025
2 0.36015625 0.51015625 0.025 0.04375
2 0.35078125 0.48359375 0.028125 0.0375
2 0.36796875 0.47109375 0.021875 0.028125
2 0.34609375 0.45546875 0.025 0.0359375
2 0.32890625 0.44140625 0.0203125 0.0359375
2 0.3203125 0.4171875 0.021875 0.034375
2 0.33984375 0.40703125 0.025 0.0296875
2 0.34765625 0.43125 0.021875 0.03125
2 0.35625 0.415625 0.021875 0.03125
2 0.3609375 0.3875 0.021875 0.03125
2 0.34296875 0.38046875 0.025 0.034375
2 0.35234375 0.3625 0.025 0.0375
2 0.37578125 0.40078125 0.021875 0.03125
2 0.3921875 0.4125 0.025 0.03125
2 0.409375 0.41875 0.025 0.03125