2 0.49765625 0.2640625 0.0140625 0.0203125
2 0.48828125 0.25390625 0.015625 0.021875
2 0.47734375 0.24609375 0.015625 0.01875
2 0.46328125 0.24609375 0.0171875 0.021875
2 0.4734375 0.26015625 0.015625 0.01875
2 0.46015625 0.26171875 0.015625 0.0203125
2 0.47265625 0.27578125 0.015625 0.01875
2 0.48671875 0.27109375 0.015625 0.01875
2 0.5 0.28359375 0.0171875 0.0203125
2 0.50859375 0.3 0.015625 0.021875
2 0.49296875 0.2984375 0.015625 0.021875
2 0.484375 0.2875 0.0140625 0.01875
2 0.48125 0.30625 0.015625 0.021875
2 0.471875 0.29296875 0.0140625 0.021875
2 0.459375 0.28125 0.0140625 0.01875
2 0.45703125 0.2984375 0.015625 0.0203125
2 0.46875 0.31171875 0.015625 0.0171875
2 0.47734375 0.3234375 0.015625 0.01875
2 0.4875 0.3203125 0.015625 0.01875
2 0.5 0.31640625 0.015625 0.01875
2 0.51015625 0.33125 0.0171875 0.0203125
2 0.4984375 0.3328125 0.015625 0.01875
2 0.48671875 0.3390625 0.015625 0.0203125
2 0.49609375 0.35 0.015625 0.0203125
2 0.5046875 0.365625 0.015625 0.01875
2 0.51875 0.36171875 0.015625 0.01875
2 0.509375 0.34921875 0.0140625 0.01875
2 0.51640625 0.38125 0.015625 0.021875
2 0.50234375 0.3828125 0.0140625 0.01875
2 0.49140625 0.36953125 0.0140625 0.0203125
2 0.48203125 0.35625 0.015625 0.0203125
2 0.47265625 0.3421875 0.015625 0.021875
2 0.4640625 0.32890625 0.0125 0.0203125
2 0.453125 0.31796875 0.015625 0.021875
2 0.453125 0.3359375 0.0140625 0.01875
2 0.440625 0.3359375 0.01875 0.025
2 0.44921875 0.35 0.015625 0.0203125
2 0.46171875 0.3484375 0.0125 0.021875
2 0.47109375 0.36015625 0.015625 0.01875
2 0.48125 0.37578125 0.01875 0.021875
2 0.4890625 0.39140625 0.0140625 0.0203125
2 0.47421875 0.39453125 0.015625 0.0203125
2 0.48671875 0.4109375 0.015625 0.021875
2 0.47265625 0.4125 0.015625 0.01875
2 0.4671875 0.38125 0.015625 0.021875
2 0.4578125 0.365625 0.0125 0.01875
2 0.453125 0.38203125 0.015625 0.01875
2 0.4453125 0.3671875 0.015625 0.01875
2 0.440625 0.38359375 0.0140625 0.01875
2 0.43671875 0.3515625 0.015625 0.0234375
2 0.43125 0.3703125 0.0125 0.0203125
2 0.4234375 0.3515625 0.0125 0.01875
2 0.415625 0.3640625 0.015625 0.01875
2 0.403125 0.3625 0.0171875 0.021875
2 0.41953125 0.38046875 0.015625 0.0203125
2 0.40703125 0.3859375 0.015625 0.021875
2 0.42890625 0.39140625 0.015625 0.01875
2 0.4359375 0.40625 0.0140625 0.0203125
2 0.44609375 0.4 0.015625 0.0203125
2 0.46171875 0.3984375 0.0140625 0.01875
2 0.45859375 0.4140625 0.015625 0.01875
2 0.46875 0.43046875 0.015625 0.0203125
2 0.48203125 0.4328125 0.015625 0.01875
2 0.47421875 0.446875 0.015625 0.01875
2 0.4546875 0.43125 0.0125 0.021875
2 0.44609375 0.41640625 0.015625 0.01875
2 0.44453125 0.43828125 0.0140625 0.021875
2 0.434375 0.42578125 0.0125 0.01875
2 0.4234375 0.4140625 0.0140625 0.021875
2 0.4171875 0.39921875 0.0125 0.0203125
2 0.40546875 0.40390625 0.015625 0.01875
2 0.4109375 0.41875 0.0171875 0.01875
2 0.40703125 0.434375 0.0171875 0.01875
0 0.41953125 0.44375 0.0140625 0.021875
2 0.44296875 0.45703125 0.01875 0.021875
2 0.45 0.47265625 0.015625 0.0203125
2 0.46015625 0.48515625 0.0125 0.0203125
2 0.4484375 0.490625 0.015625 0.0203125
2 0.45703125 0.50546875 0.0125 0.021875
2 0.4453125 0.50859375 0.0140625 0.01875
2 0.4359375 0.4921875 0.0140625 0.01875
2 0.4359375 0.47578125 0.0140625 0.01875
2 0.4265625 0.459375 0.0125 0.01875
2 0.4140625 0.46640625 0.015625 0.01875
2 0.40859375 0.45078125 0.0125 0.021875
2 0.3984375 0.45390625 0.015625 0.01875
2 0.39296875 0.4375 0.015625 0.0234375
2 0.38515625 0.4546875 0.015625 0.0203125
2 0.3875 0.47265625 0.015625 0.0203125
2 0.4015625 0.46953125 0.015625 0.015625
2 0.39921875 0.484375 0.015625 0.0203125
2 0.41171875 0.48203125 0.015625 0.01875
2 0.42421875 0.47734375 0.015625 0.0171875
2 0.421875 0.49375 0.015625 0.021875
2 0.409375 0.496875 0.015625 0.01875
2 0.3953125 0.50234375 0.015625 0.0203125
2 0.38515625 0.4875 0.0140625 0.021875
2 0.3765625 0.4984375 0.015625 0.0203125
2 0.38359375 0.51015625 0.015625 0.021875
2 0.39453125 0.52734375 0.0140625 0.021875
2 0.40703125 0.51484375 0.0171875 0.01875
2 0.41875 0.5109375 0.015625 0.01875
2 0.4328125 0.50859375 0.015625 0.01875
2 0.43828125 0.52578125 0.0125 0.01875
2 0.45390625 0.525 0.015625 0.01875
2 0.44765625 0.54140625 0.015625 0.01875
2 0.43671875 0.54453125 0.015625 0.01875
2 0.42734375 0.5265625 0.015625 0.01875
2 0.421875 0.5421875 0.015625 0.021875
2 0.41328125 0.528125 0.0140625 0.021875