2 0.5 0.51796875 0.0140625 0.0125
2 0.484375 0.51953125 0.015625 0.0125
2 0.4703125 0.5171875 0.01484375 0.0125
2 0.45625 0.5234375 0.01953125 0.01171875
2 0.44140625 0.53046875 0.015625 0.0125
2 0.45625 0.53359375 0.0140625 0.0109375
2 0.4703125 0.52578125 0.01640625 0.0109375
2 0.47734375 0.53515625 0.01484375 0.0109375
2 0.490625 0.52890625 0.01796875 0.01171875
2 0.503125 0.534375 0.0140625 0.01171875
2 0.48984375 0.53828125 0.0171875 0.0109375
2 0.4640625 0.54140625 0.01640625 0.0125
2 0.44140625 0.5421875 0.015625 0.01171875
2 0.45234375 0.5484375 0.0140625 0.0109375
2 0.46328125 0.5546875 0.01640625 0.0109375
2 0.4765625 0.546875 0.01328125 0.0109375
2 0.4890625 0.54921875 0.0171875 0.0109375
2 0.478125 0.55703125 0.01640625 0.01328125
2 0.49375 0.55703125 0.01796875 0.01171875
2 0.4875 0.56640625 0.01796875 0.0140625
2 0.41875 0.55 0.01640625 0.0109375
2 0.43203125 0.55390625 0.01640625 0.01015625
2 0.4421875 0.559375 0.015625 0.01328125
2 0.425 0.56171875 0.01796875 0.01171875
2 0.459375 0.56484375 0.015625 0.01171875
2 0.46953125 0.57109375 0.015625 0.01171875
2 0.4796875 0.5796875 0.01640625 0.0125
2 0.43359375 0.56953125 0.0171875 0.009375
2 0.43203125 0.578125 0.0171875 0.0109375
2 0.44609375 0.575 0.01640625 0.0125
2 0.44453125 0.584375 0.0171875 0.01171875
2 0.459375 0.58125 0.015625 0.01328125
2 0.45546875 0.59296875 0.01953125 0.0125
2 0.44140625 0.59609375 0.01796875 0.01171875
2 0.47265625 0.58984375 0.01640625 0.01328125
2 0.4671875 0.6015625 0.01875 0.01171875
2 0.44921875 0.6046875 0.0203125 0.0140625