0 0.603125 0.47265625 0.03125 0.0453125
0 0.578125 0.47890625 0.028125 0.04375
0 0.590625 0.51015625 0.03125 0.0421875
0 0.57109375 0.53046875 0.0328125 0.04375
0 0.57109375 0.5703125 0.034375 0.0421875
0 0.5578125 0.50390625 0.028125 0.0390625
0 0.56953125 0.43828125 0.028125 0.04375
0 0.5625 0.40625 0.028125 0.034375
0 0.546875 0.434375 0.03125 0.04375
0 0.55234375 0.465625 0.03125 0.0421875
0 0.525 0.42421875 0.03125 0.040625
0 0.5296875 0.45859375 0.03125 0.046875
0 0.5359375 0.4984375 0.03125 0.040625
0 0.546875 0.5359375 0.03125 0.04375
0 0.52109375 0.53125 0.034375 0.046875
0 0.52421875 0.57265625 0.03125 0.040625
0 0.503125 0.47109375 0.028125 0.0421875
0 0.51171875 0.50625 0.0265625 0.0453125
0 0.49765625 0.4375 0.0296875 0.040625
0 0.471875 0.4375 0.028125 0.04375
0 0.48046875 0.47109375 0.03125 0.046875
0 0.4921875 0.5234375 0.0296875 0.04375
0 0.50078125 0.55859375 0.0328125 0.0453125
0 0.50078125 0.59453125 0.03125 0.0453125
0 0.47734375 0.61015625 0.0328125 0.046875
0 0.47578125 0.5671875 0.028125 0.0453125
0 0.47109375 0.50859375 0.028125 0.0453125
0 0.45859375 0.53828125 0.0296875 0.04375
0 0.44453125 0.56875 0.03125 0.04375
0 0.45625 0.59453125 0.028125 0.046875
0 0.43359375 0.61796875 0.034375 0.04375
0 0.44140625 0.4078125 0.03125 0.0375
0 0.44609375 0.4375 0.03125 0.040625
0 0.42265625 0.43203125 0.03125 0.0359375
0 0.45625 0.47421875 0.028125 0.040625
0 0.43203125 0.4765625 0.03125 0.0390625
0 0.4453125 0.51015625 0.0296875 0.040625
0 0.42265625 0.50703125 0.03125 0.040625
0 0.43203125 0.53828125 0.03125 0.0359375
0 0.40703125 0.54453125 0.03125 0.034375
0 0.41953125 0.5734375 0.0296875 0.040625
0 0.39375 0.5765625 0.028125 0.040625
0 0.4078125 0.60703125 0.0328125 0.040625
0 0.39140625 0.6390625 0.03125 0.040625
0 0.3796875 0.60703125 0.028125 0.04375
0 0.36796875 0.57890625 0.028125 0.0453125
0 0.38125 0.540625 0.028125 0.04375
0 0.39296875 0.50859375 0.028125 0.04375
0 0.4078125 0.46796875 0.03125 0.04375
0 0.3859375 0.4421875 0.03125 0.0375
0 0.38359375 0.475 0.028125 0.040625
0 0.36015625 0.43828125 0.03125 0.0453125
0 0.36171875 0.471875 0.03125 0.04375
0 0.33984375 0.4640625 0.03125 0.04375
0 0.36640625 0.51171875 0.0296875 0.04375
0 0.34296875 0.50546875 0.0265625 0.04375
0 0.3578125 0.5453125 0.03125 0.0375
0 0.33125 0.5359375 0.028125 0.046875
0 0.32109375 0.50546875 0.028125 0.0421875
0 0.309375 0.5328125 0.03125 0.046875
0 0.3171875 0.56875 0.0296875 0.04375
0 0.340625 0.57578125 0.03125 0.040625
0 0.353125 0.60078125 0.028125 0.040625
0 0.36328125 0.634375 0.034375 0.046875
0 0.3265625 0.59921875 0.034375 0.046875
0 0.334375 0.63359375 0.03125 0.040625
2 0.6265625 0.4125 0.03125 0.04375
2 0.63515625 0.44609375 0.03125 0.040625
2 0.59765625 0.4140625 0.034375 0.05
2 0.5890625 0.3828125 0.0265625 0.040625
2 0.5875 0.34375 0.034375 0.04375
2 0.5625 0.3484375 0.03125 0.040625
2 0.56484375 0.3796875 0.0328125 0.0375
2 0.53984375 0.3734375 0.028125 0.046875
2 0.51953125 0.3703125 0.028125 0.040625
2 0.4921875 0.359375 0.034375 0.034375
2 0.496875 0.39375 0.03125 0.040625
2 0.47578125 0.39140625 0.028125 0.0390625
2 0.46875 0.34765625 0.0296875 0.046875
2 0.4390625 0.3484375 0.034375 0.040625
2 0.4234375 0.378125 0.028125 0.040625
2 0.4484375 0.38125 0.025 0.0375
2 0.39921875 0.36328125 0.028125 0.0421875
2 0.4015625 0.4 0.03125 0.0375
2 0.37890625 0.3875 0.03125 0.0421875
2 0.3515625 0.384375 0.034375 0.05
2 0.3359375 0.40859375 0.028125 0.0375
2 0.31171875 0.40546875 0.034375 0.046875
2 0.31796875 0.43984375 0.03125 0.0359375
2 0.303125 0.465625 0.03125 0.0453125
2 0.31171875 0.6390625 0.03125 0.040625
2 0.31640625 0.67265625 0.03125 0.0375
2 0.29375 0.665625 0.0296875 0.0375
2 0.28515625 0.70234375 0.0328125 0.053125
2 0.3375 0.6828125 0.0328125 0.046875
2 0.37265625 0.68828125 0.034375 0.04375
2 0.41015625 0.65703125 0.0296875 0.040625
2 0.43203125 0.67734375 0.034375 0.0421875
2 0.44765625 0.65078125 0.03125 0.0421875
2 0.60390625 0.55625 0.03125 0.040625
2 0.5875 0.5953125 0.034375 0.0359375
2 0.5421875 0.61171875 0.025 0.0375
2 0.525 0.634375 0.03125 0.0515625
2 0.50390625 0.62578125 0.028125 0.040625
2 0.4796875 0.63984375 0.03125 0.04375
2 0.60546875 0.52265625 0.034375 0.040625