0 0.56953125 0.5390625 0.021875 0.028125
0 0.5703125 0.51171875 0.0234375 0.025
0 0.5671875 0.49453125 0.01875 0.0234375
0 0.58203125 0.4890625 0.021875 0.028125
0 0.5890625 0.51171875 0.021875 0.0296875
2 0.5546875 0.59375 0.021875 0.0296875
2 0.5765625 0.58671875 0.0234375 0.028125
2 0.55390625 0.5671875 0.021875 0.028125
2 0.5734375 0.5609375 0.0203125 0.028125
2 0.5890625 0.55703125 0.01875 0.028125
2 0.6046875 0.5734375 0.025 0.025
2 0.6078125 0.55 0.01875 0.025
2 0.6234375 0.54375 0.021875 0.028125
2 0.64140625 0.53515625 0.021875 0.028125
2 0.628125 0.51796875 0.0203125 0.025
2 0.60859375 0.52890625 0.025 0.028125
2 0.59140625 0.53359375 0.01875 0.0234375
2 0.53984375 0.54765625 0.021875 0.03125
2 0.55703125 0.5421875 0.021875 0.03125
2 0.525 0.5296875 0.01875 0.025
2 0.54375 0.52109375 0.0234375 0.0234375
2 0.52890625 0.50390625 0.0234375 0.0296875
2 0.54453125 0.4953125 0.0203125 0.025
2 0.53046875 0.47890625 0.021875 0.028125
2 0.54765625 0.471875 0.021875 0.0234375
2 0.5328125 0.453125 0.021875 0.025
2 0.53828125 0.428125 0.021875 0.028125
2 0.54609375 0.40625 0.01875 0.025
2 0.559375 0.425 0.021875 0.028125
2 0.55078125 0.44609375 0.021875 0.028125
2 0.56953125 0.45390625 0.01875 0.028125
2 0.5765625 0.43125 0.021875 0.028125
2 0.5859375 0.41171875 0.01875 0.028125
2 0.596875 0.43203125 0.01875 0.03125
2 0.5890625 0.4546875 0.021875 0.03125
2 0.60625 0.453125 0.021875 0.028125
2 0.60078125 0.47890625 0.01875 0.028125
2 0.6140625 0.49921875 0.021875 0.025
2 0.61796875 0.47421875 0.01875 0.028125
2 0.63359375 0.49453125 0.021875 0.0296875
2 0.646875 0.5109375 0.0234375 0.028125
2 0.653125 0.48828125 0.021875 0.034375
2 0.6375 0.4671875 0.01875 0.028125
2 0.6546875 0.459375 0.025 0.034375