0 0.5546875 0.6640625 0.040625 0.05625
0 0.48203125 0.6796875 0.04375 0.0671875
0 0.45 0.70234375 0.0359375 0.053125
0 0.4375 0.64921875 0.0390625 0.0640625
0 0.4671875 0.6390625 0.0375 0.0625
0 0.5140625 0.6546875 0.0453125 0.0515625
0 0.5359375 0.61328125 0.0453125 0.0625
0 0.4984375 0.609375 0.0375 0.059375
0 0.46953125 0.58359375 0.034375 0.059375
0 0.496875 0.55390625 0.0375 0.05625
0 0.52578125 0.5734375 0.046875 0.059375
0 0.54609375 0.53046875 0.040625 0.05625
0 0.509375 0.50625 0.0421875 0.053125
0 0.4640625 0.53203125 0.0375 0.053125
0 0.47109375 0.48515625 0.040625 0.0546875
0 0.503125 0.46328125 0.04375 0.0515625
0 0.540625 0.4734375 0.040625 0.065625
0 0.55078125 0.42421875 0.0421875 0.065625
0 0.5125 0.41328125 0.0421875 0.059375
0 0.47890625 0.43671875 0.0390625 0.0546875
0 0.4796875 0.39140625 0.0375 0.0546875
0 0.5109375 0.3625 0.046875 0.05625
0 0.54296875 0.38125 0.0375 0.059375
2 0.42265625 0.76953125 0.0421875 0.0625
2 0.39765625 0.7390625 0.04375 0.0625
2 0.43203125 0.72890625 0.040625 0.0609375
2 0.4703125 0.7390625 0.0453125 0.0640625
2 0.5046875 0.7078125 0.04375 0.05625
2 0.5453125 0.7078125 0.05 0.06875
2 0.58828125 0.715625 0.05 0.065625
2 0.6171875 0.6734375 0.046875 0.0484375
2 0.603125 0.62890625 0.053125 0.0703125
2 0.5875 0.5796875 0.046875 0.059375
2 0.57578125 0.53515625 0.0421875 0.05625
2 0.58671875 0.45546875 0.046875 0.0640625
2 0.5765625 0.40703125 0.0421875 0.059375
2 0.56875 0.36171875 0.0484375 0.065625
2 0.5203125 0.3125 0.0453125 0.053125
2 0.4953125 0.2453125 0.046875 0.071875
2 0.4734375 0.3140625 0.04375 0.065625