2 0.53203125 0.43984375 0.0125 0.015625
2 0.55078125 0.4984375 0.0125 0.0171875
2 0.56953125 0.47421875 0.0125 0.0171875
2 0.54140625 0.453125 0.0109375 0.015625
2 0.534375 0.46171875 0.0125 0.0140625
2 0.54296875 0.434375 0.0125 0.015625
2 0.5515625 0.44453125 0.0125 0.015625
2 0.5515625 0.4578125 0.0125 0.015625
2 0.54375 0.4703125 0.0125 0.015625
2 0.54375 0.4859375 0.0125 0.015625
2 0.55546875 0.47421875 0.0125 0.01875
2 0.5640625 0.4609375 0.0125 0.015625
2 0.5640625 0.44609375 0.0125 0.015625
2 0.57578125 0.4609375 0.0140625 0.01875
2 0.5796875 0.47578125 0.0125 0.01875
2 0.5875 0.45859375 0.0125 0.015625
2 0.571875 0.4890625 0.0125 0.015625
2 0.5609375 0.4859375 0.0125 0.015625
2 0.56328125 0.50078125 0.0125 0.015625
2 0.553125 0.51328125 0.0125 0.015625
2 0.54453125 0.521875 0.0125 0.015625
2 0.5546875 0.52890625 0.0140625 0.01875
2 0.56328125 0.5171875 0.009375 0.0171875
2 0.571875 0.50625 0.0125 0.0171875
2 0.57265625 0.52265625 0.0125 0.015625
2 0.56484375 0.53359375 0.0125 0.0171875
2 0.57578125 0.53984375 0.0125 0.015625
2 0.58515625 0.528125 0.0140625 0.015625
2 0.5828125 0.5140625 0.0125 0.015625
2 0.58203125 0.49921875 0.009375 0.015625
2 0.59140625 0.490625 0.0125 0.015625
2 0.59140625 0.475 0.0125 0.015625
2 0.5984375 0.4625 0.0140625 0.01875
2 0.60078125 0.47734375 0.0125 0.015625
2 0.603125 0.49375 0.015625 0.015625
2 0.59296875 0.5046875 0.0125 0.015625
2 0.59453125 0.51953125 0.0125 0.0140625
2 0.59609375 0.5328125 0.0125 0.015625
2 0.60546875 0.50703125 0.0125 0.01875
2 0.60625 0.5234375 0.0140625 0.0171875
2 0.61484375 0.496875 0.0125 0.015625
2 0.6125 0.48203125 0.0125 0.0171875
2 0.61171875 0.4671875 0.0125 0.0171875
2 0.625 0.4828125 0.015625 0.021875
2 0.6265625 0.50078125 0.015625 0.01875
2 0.6171875 0.5125 0.0140625 0.01875