2 0.1890625 0.52734375 0.0796875 0.0734375
2 0.26875 0.48828125 0.0796875 0.0671875
2 0.3359375 0.47421875 0.08828125 0.06875
2 0.41484375 0.47578125 0.08203125 0.07265625
2 0.48828125 0.4609375 0.08125 0.0640625
2 0.2609375 0.546875 0.08359375 0.06328125
2 0.33125 0.53515625 0.08203125 0.06875
2 0.40625 0.53046875 0.08125 0.06875
2 0.47109375 0.51796875 0.075 0.06015625
2 0.54453125 0.5140625 0.0890625 0.06171875
2 0.5265625 0.565625 0.07734375 0.06171875
2 0.4625 0.5734375 0.0703125 0.05625
2 0.3953125 0.59140625 0.08359375 0.05546875
2 0.321875 0.5890625 0.07734375 0.06015625
2 0.25859375 0.603125 0.08828125 0.06484375
2 0.1921875 0.590625 0.0796875 0.06328125
2 0.234375 0.66171875 0.09296875 0.06796875
2 0.3015625 0.6890625 0.07734375 0.0625
2 0.3515625 0.64375 0.0765625 0.0625
2 0.41953125 0.6453125 0.084375 0.0640625
2 0.38046875 0.69921875 0.09140625 0.0625