2 0.47578125 0.55625 0.021875 0.0296875
2 0.325 0.39296875 0.025 0.03125
2 0.33046875 0.41953125 0.025 0.03125
2 0.44609375 0.534375 0.021875 0.0296875
2 0.309375 0.4203125 0.025 0.03125
2 0.4328125 0.51640625 0.0234375 0.03125
2 0.45390625 0.55859375 0.021875 0.028125
2 0.37578125 0.46328125 0.025 0.0328125
2 0.39140625 0.4828125 0.0234375 0.03125
2 0.38828125 0.5125 0.021875 0.028125
2 0.371875 0.49296875 0.021875 0.028125
2 0.43125 0.5453125 0.025 0.03125
2 0.41015625 0.503125 0.021875 0.028125
2 0.41171875 0.5328125 0.021875 0.028125