0 0.68515625 0.809375 0.021875 0.01875
0 0.6671875 0.80234375 0.01875 0.01875
0 0.64765625 0.796875 0.028125 0.01875
2 0.68828125 0.76328125 0.025 0.015625
2 0.6703125 0.76953125 0.0234375 0.015625
2 0.69375 0.778125 0.025 0.015625
2 0.6734375 0.784375 0.01875 0.015625
2 0.690625 0.79140625 0.0234375 0.015625
2 0.653125 0.76015625 0.0265625 0.0125
2 0.65078125 0.7734375 0.021875 0.0171875
2 0.6375 0.76640625 0.021875 0.01875
2 0.62109375 0.7625 0.021875 0.015625
2 0.6390625 0.78125 0.0234375 0.015625
2 0.62109375 0.77578125 0.01875 0.015625
2 0.6046875 0.7671875 0.0203125 0.015625
2 0.58828125 0.7609375 0.021875 0.01875
2 0.58828125 0.77734375 0.0234375 0.0171875
2 0.6078125 0.78203125 0.021875 0.0171875
2 0.6234375 0.79140625 0.021875 0.01875
2 0.62265625 0.8078125 0.021875 0.01875
2 0.60625 0.796875 0.021875 0.01875
2 0.590625 0.79140625 0.0234375 0.0171875
2 0.6546875 0.81796875 0.021875 0.015625
2 0.63828125 0.81328125 0.028125 0.015625
2 0.7140625 0.8015625 0.0296875 0.0171875
2 0.70859375 0.81640625 0.028125 0.015625
2 0.70703125 0.8296875 0.021875 0.0171875
2 0.68984375 0.834375 0.021875 0.0171875
2 0.69140625 0.82421875 0.01875 0.0125
2 0.67421875 0.82421875 0.01875 0.015625
2 0.6515625 0.8828125 0.028125 0.0203125
2 0.6296875 0.878125 0.025 0.01875
2 0.6109375 0.87890625 0.0234375 0.021875
2 0.59296875 0.884375 0.028125 0.021875
2 0.60625 0.89296875 0.021875 0.0203125
2 0.62734375 0.89375 0.028125 0.01875
2 0.6453125 0.896875 0.025 0.015625
2 0.66328125 0.89453125 0.028125 0.01875
2 0.67421875 0.90703125 0.021875 0.01875
2 0.65625 0.90859375 0.025 0.01875
2 0.63828125 0.909375 0.0265625 0.01875
2 0.621875 0.9046875 0.021875 0.015625
2 0.5984375 0.90546875 0.021875 0.01875
2 0.609375 0.91484375 0.01875 0.015625
2 0.6265625 0.921875 0.0234375 0.015625
2 0.65 0.925 0.028125 0.015625
2 0.66484375 0.9234375 0.021875 0.0140625