0 0.3453125 0.671875 0.0296875 0.05
2 0.50546875 0.69609375 0.04375 0.046875
2 0.51171875 0.65546875 0.0390625 0.0421875
2 0.48125 0.66640625 0.034375 0.046875
2 0.4734375 0.62734375 0.03125 0.04375
2 0.4671875 0.70546875 0.034375 0.053125
2 0.44921875 0.6765625 0.0359375 0.04375
2 0.44140625 0.63203125 0.034375 0.053125
2 0.4328125 0.709375 0.03125 0.046875
2 0.4171875 0.6625 0.0296875 0.046875
2 0.428125 0.73984375 0.034375 0.046875
2 0.3984375 0.7375 0.0328125 0.040625
2 0.40546875 0.7 0.0296875 0.05
2 0.3796875 0.68515625 0.0328125 0.05
2 0.3921875 0.64921875 0.028125 0.0375
2 0.3734375 0.62421875 0.03125 0.053125
2 0.3453125 0.6046875 0.0375 0.0546875
2 0.3359375 0.63359375 0.0328125 0.0515625
2 0.36875 0.72578125 0.034375 0.046875
2 0.3609375 0.7640625 0.034375 0.04375
2 0.33125 0.73984375 0.0375 0.05
2 0.34140625 0.70703125 0.03125 0.04375
2 0.3234375 0.78515625 0.0359375 0.053125
2 0.30234375 0.75234375 0.034375 0.0453125
2 0.31328125 0.7125 0.0390625 0.053125
2 0.2796875 0.72890625 0.0375 0.05
2 0.28671875 0.690625 0.034375 0.0515625
2 0.31953125 0.68046875 0.0390625 0.0515625
2 0.3046875 0.6453125 0.034375 0.046875
2 0.31171875 0.6125 0.0375 0.05
2 0.30390625 0.575 0.0375 0.053125
2 0.27265625 0.65234375 0.040625 0.053125
2 0.275 0.61875 0.0359375 0.05
2 0.26328125 0.57734375 0.0390625 0.053125
2 0.24375 0.6375 0.04375 0.053125
2 0.2375 0.5984375 0.0359375 0.0515625
2 0.2078125 0.61875 0.0375 0.065625