2 0.49296875 0.42890625 0.028125 0.03125
2 0.48046875 0.4515625 0.021875 0.03125
2 0.471875 0.4203125 0.021875 0.034375
2 0.484375 0.48046875 0.025 0.03125
2 0.4625 0.47265625 0.0234375 0.03125
2 0.459375 0.44375 0.025 0.0359375
2 0.44140625 0.421875 0.0265625 0.0328125
2 0.440625 0.46171875 0.025 0.03125
2 0.42265625 0.440625 0.025 0.03125
2 0.47109375 0.50546875 0.025 0.0328125
2 0.45 0.4953125 0.025 0.0296875
2 0.42890625 0.484375 0.021875 0.028125
2 0.41171875 0.4671875 0.021875 0.028125
2 0.39609375 0.44765625 0.021875 0.03125
2 0.41953125 0.51015625 0.021875 0.03125
2 0.4390625 0.521875 0.025 0.0328125
2 0.459375 0.52890625 0.025 0.03125
2 0.40390625 0.48984375 0.021875 0.028125
2 0.38515625 0.47421875 0.021875 0.0296875
2 0.45078125 0.553125 0.021875 0.0296875
2 0.42890625 0.54609375 0.0234375 0.028125
2 0.4109375 0.53046875 0.025 0.034375
2 0.3921875 0.51328125 0.021875 0.0328125
2 0.3734375 0.4953125 0.0234375 0.028125
2 0.35546875 0.48125 0.021875 0.028125
2 0.36484375 0.45859375 0.021875 0.03125
2 0.3328125 0.4796875 0.025 0.0328125
2 0.44609375 0.58203125 0.021875 0.034375
2 0.42421875 0.575 0.021875 0.0328125
2 0.4078125 0.559375 0.0203125 0.028125
2 0.38984375 0.540625 0.025 0.03125
2 0.3734375 0.52578125 0.021875 0.03125
2 0.3546875 0.5125 0.021875 0.03125
2 0.3328125 0.509375 0.025 0.03125
2 0.31328125 0.5 0.021875 0.03125
2 0.44375 0.61484375 0.025 0.0328125
2 0.42265625 0.6046875 0.021875 0.028125
2 0.40625 0.58984375 0.021875 0.028125
2 0.38828125 0.571875 0.021875 0.03125
2 0.371875 0.55703125 0.021875 0.03125
2 0.3515625 0.5421875 0.021875 0.028125
2 0.33125 0.53984375 0.021875 0.03125
2 0.31171875 0.53125 0.021875 0.03125
2 0.2921875 0.5171875 0.021875 0.03125
2 0.41328125 0.634375 0.0234375 0.03125
2 0.39765625 0.61875 0.01875 0.03125
2 0.38125 0.5953125 0.021875 0.028125
2 0.36484375 0.57734375 0.01875 0.0265625
2 0.346875 0.56953125 0.021875 0.028125
2 0.32578125 0.56640625 0.021875 0.028125
2 0.2828125 0.56171875 0.01875 0.0328125
2 0.30390625 0.559375 0.025 0.0328125
2 0.3953125 0.64765625 0.0234375 0.034375
2 0.3765625 0.628125 0.021875 0.040625
2 0.3609375 0.60859375 0.021875 0.03125
2 0.3421875 0.59453125 0.021875 0.03125
2 0.36640625 0.65234375 0.021875 0.03125
2 0.3828125 0.66953125 0.0234375 0.034375
2 0.3609375 0.6828125 0.0234375 0.03125
2 0.34609375 0.66171875 0.01875 0.028125
2 0.353125 0.634375 0.021875 0.0296875
2 0.33359375 0.62421875 0.0203125 0.028125
2 0.32109375 0.596875 0.01875 0.0296875
2 0.29921875 0.59375 0.021875 0.03125
2 0.31328125 0.62734375 0.021875 0.034375
2 0.29140625 0.62109375 0.0234375 0.03125
2 0.3265625 0.64921875 0.0234375 0.028125
2 0.33984375 0.690625 0.021875 0.0375
2 0.32109375 0.6796875 0.0234375 0.03125
2 0.31015625 0.70546875 0.025 0.03125
2 0.29609375 0.68515625 0.021875 0.034375
2 0.30625 0.65859375 0.021875 0.028125