0 0.59296875 0.53515625 0.025 0.01875
0 0.61171875 0.5484375 0.0265625 0.025
0 0.578125 0.54375 0.025 0.0203125
0 0.59609375 0.56015625 0.03125 0.01875
2 0.64765625 0.52578125 0.0296875 0.015625
2 0.65078125 0.54375 0.034375 0.0203125
2 0.62421875 0.53046875 0.025 0.0171875
2 0.6046875 0.521875 0.021875 0.015625
2 0.5640625 0.51796875 0.028125 0.0234375
2 0.54140625 0.521875 0.0265625 0.021875
2 0.54609375 0.53828125 0.021875 0.021875
2 0.55078125 0.55546875 0.0265625 0.021875
2 0.56484375 0.56640625 0.0234375 0.0171875
2 0.58203125 0.5703125 0.0265625 0.015625
2 0.60859375 0.571875 0.0203125 0.0171875
2 0.590625 0.58671875 0.03125 0.01875
2 0.62578125 0.57890625 0.028125 0.0203125
2 0.62734375 0.56640625 0.0296875 0.01875
2 0.640625 0.57265625 0.03125 0.015625
2 0.64609375 0.559375 0.03125 0.01875