2 0.35 0.38203125 0.03125 0.040625
2 0.35859375 0.4109375 0.03125 0.040625
2 0.34140625 0.434375 0.028125 0.034375
2 0.3328125 0.46875 0.0265625 0.034375
2 0.3109375 0.51796875 0.03125 0.040625
2 0.3046875 0.54765625 0.0265625 0.0375
2 0.28125 0.5484375 0.028125 0.0375
2 0.28671875 0.51953125 0.03125 0.0421875
2 0.26015625 0.50859375 0.03125 0.040625
2 0.30234375 0.3359375 0.028125 0.0359375
2 0.28203125 0.334375 0.028125 0.04375
2 0.26484375 0.35390625 0.0265625 0.0375
2 0.24296875 0.384375 0.0296875 0.0375
0 0.2515625 0.40625 0.028125 0.0359375
0 0.25 0.43515625 0.028125 0.034375
0 0.27265625 0.43203125 0.025 0.03125
0 0.26640625 0.4609375 0.025 0.034375
0 0.2828125 0.4828125 0.025 0.0375
0 0.30546875 0.471875 0.025 0.0375
0 0.290625 0.45546875 0.0265625 0.034375
0 0.30859375 0.4390625 0.025 0.0375
0 0.32265625 0.41796875 0.021875 0.0390625
0 0.3203125 0.3921875 0.025 0.0375
0 0.2984375 0.3890625 0.03125 0.0328125
0 0.29140625 0.3578125 0.0234375 0.0359375
0 0.27578125 0.3734375 0.028125 0.0375
0 0.2765625 0.4046875 0.025 0.040625