2 0.4390625 0.4421875 0.025 0.0328125
2 0.40625 0.41015625 0.0234375 0.03125
2 0.44296875 0.47109375 0.025 0.0296875
2 0.371875 0.509375 0.025 0.03125
2 0.38359375 0.40546875 0.025 0.03125
2 0.36171875 0.40078125 0.025 0.03125
2 0.4046875 0.45703125 0.025 0.03125
2 0.3640625 0.4828125 0.025 0.03125
2 0.35390625 0.4546875 0.025 0.03125
2 0.36640625 0.3703125 0.025 0.0328125
2 0.34609375 0.5046875 0.025 0.034375
2 0.371875 0.43046875 0.025 0.03125
2 0.39296875 0.43359375 0.021875 0.0296875
2 0.3453125 0.42578125 0.025 0.03125
2 0.3375 0.47578125 0.025 0.03125
2 0.37734375 0.459375 0.021875 0.03125
2 0.41171875 0.4875 0.0234375 0.03125
2 0.3203125 0.503125 0.025 0.0328125
2 0.390625 0.4859375 0.0234375 0.028125
2 0.41875 0.4359375 0.0203125 0.025
2 0.4203125 0.4765625 0.025 0.028125