2 0.45859375 0.67109375 0.0296875 0.046875
2 0.48359375 0.671875 0.0265625 0.040625
2 0.471875 0.6390625 0.0296875 0.0375
2 0.50078125 0.64609375 0.0265625 0.040625
2 0.4875 0.61875 0.028125 0.034375
2 0.47421875 0.5921875 0.03125 0.040625
2 0.4984375 0.58984375 0.03125 0.0390625
2 0.51328125 0.61875 0.0234375 0.04375
2 0.5265625 0.64375 0.03125 0.040625
2 0.5453125 0.6328125 0.028125 0.034375
2 0.53046875 0.60859375 0.028125 0.0375
2 0.48671875 0.56171875 0.028125 0.034375
2 0.48984375 0.53125 0.0296875 0.0328125
2 0.4953125 0.49921875 0.0265625 0.0390625
2 0.51015625 0.553125 0.025 0.040625
2 0.57265625 0.62734375 0.03125 0.0359375
2 0.5578125 0.6 0.0234375 0.03125
2 0.5796875 0.6 0.028125 0.0328125
2 0.60625 0.609375 0.03125 0.04375
2 0.628125 0.58515625 0.034375 0.0375
2 0.65 0.57109375 0.028125 0.0390625
2 0.675 0.5578125 0.0359375 0.04375
2 0.69921875 0.5390625 0.03125 0.0421875
2 0.69765625 0.50625 0.028125 0.0390625
2 0.6453125 0.43671875 0.028125 0.040625
2 0.67890625 0.48359375 0.03125 0.05
2 0.66328125 0.4546875 0.0265625 0.0390625
2 0.528125 0.44609375 0.03125 0.0375
2 0.5203125 0.4890625 0.0265625 0.0421875
2 0.56015625 0.425 0.034375 0.040625
0 0.53046875 0.56484375 0.03125 0.040625
0 0.528125 0.5234375 0.0296875 0.040625
0 0.546875 0.54453125 0.025 0.034375
0 0.5609375 0.571875 0.028125 0.034375
0 0.58671875 0.5703125 0.0296875 0.0375
0 0.56875 0.54375 0.028125 0.0375
0 0.5546875 0.51640625 0.0296875 0.03125
0 0.53984375 0.49296875 0.03125 0.0328125
0 0.55234375 0.4671875 0.0296875 0.0359375
0 0.57265625 0.4921875 0.028125 0.0375
0 0.575 0.4609375 0.028125 0.03125
0 0.5984375 0.471875 0.0265625 0.0359375
0 0.584375 0.51328125 0.0265625 0.0359375
0 0.6 0.54140625 0.03125 0.034375
0 0.609375 0.50625 0.025 0.040625
0 0.6265625 0.53203125 0.03125 0.0375
0 0.63203125 0.49921875 0.028125 0.040625
0 0.6234375 0.47109375 0.028125 0.034375
0 0.65078125 0.48046875 0.0265625 0.040625
0 0.67265625 0.50234375 0.028125 0.0390625