1 0.62265625 0.34375 0.021875 0.0375
1 0.60234375 0.3453125 0.021875 0.0390625
0 0.559375 0.3640625 0.021875 0.034375
0 0.5734375 0.34765625 0.021875 0.03125
0 0.58046875 0.371875 0.021875 0.034375
0 0.56953125 0.3921875 0.0234375 0.028125
0 0.59140625 0.40234375 0.0265625 0.0328125
0 0.6 0.37734375 0.021875 0.0296875
0 0.6203125 0.37734375 0.021875 0.034375
0 0.61640625 0.40625 0.021875 0.028125
0 0.6359375 0.4046875 0.025 0.03125
0 0.64140625 0.37734375 0.021875 0.03125
0 0.6625 0.371875 0.025 0.0359375
0 0.65859375 0.4 0.0234375 0.0296875
0 0.65703125 0.34765625 0.0234375 0.0359375
0 0.6421875 0.328125 0.025 0.0296875
0 0.63125 0.30078125 0.021875 0.0375
0 0.6109375 0.3015625 0.025 0.03125
0 0.596875 0.3234375 0.028125 0.025
2 0.58984375 0.26953125 0.028125 0.0375
2 0.58359375 0.2953125 0.0265625 0.0296875
2 0.5734375 0.3171875 0.025 0.028125
2 0.54375 0.34921875 0.025 0.03125
2 0.5453125 0.3796875 0.025 0.028125
2 0.525 0.37109375 0.0234375 0.034375
2 0.515625 0.39296875 0.021875 0.028125
2 0.50546875 0.371875 0.025 0.0375
2 0.484375 0.37109375 0.028125 0.034375
2 0.61484375 0.265625 0.021875 0.0375
2 0.6359375 0.259375 0.025 0.034375
2 0.65078125 0.28203125 0.025 0.03125
2 0.66015625 0.30390625 0.025 0.034375
2 0.67421875 0.32421875 0.028125 0.0359375
2 0.68984375 0.346875 0.021875 0.028125
2 0.69375 0.371875 0.0265625 0.03125
2 0.6953125 0.40078125 0.0265625 0.034375
2 0.66484375 0.4296875 0.021875 0.0375
2 0.64375 0.43359375 0.0265625 0.0390625
2 0.61953125 0.43515625 0.025 0.0359375
2 0.59765625 0.434375 0.025 0.0328125
2 0.57578125 0.43515625 0.025 0.0359375
2 0.56171875 0.4125 0.025 0.0296875
2 0.546875 0.4265625 0.025 0.03125
2 0.53828125 0.40390625 0.0234375 0.0296875
2 0.28828125 0.43515625 0.028125 0.0328125
2 0.3 0.4609375 0.025 0.028125
2 0.31171875 0.4359375 0.021875 0.028125
2 0.3296875 0.43515625 0.021875 0.03125
2 0.31953125 0.46328125 0.021875 0.03125
2 0.30859375 0.4875 0.025 0.028125
2 0.32265625 0.50390625 0.0234375 0.0296875
2 0.3828125 0.49375 0.03125 0.0296875
2 0.375 0.51875 0.0234375 0.028125
2 0.39140625 0.51484375 0.025 0.03125
2 0.38984375 0.5421875 0.028125 0.034375
2 0.371875 0.55 0.021875 0.028125
2 0.41015625 0.53671875 0.025 0.0296875
2 0.42109375 0.56015625 0.0234375 0.03125
2 0.4015625 0.565625 0.0265625 0.028125