2 0.63203125 0.615625 0.0390625 0.05
2 0.6296875 0.53515625 0.03125 0.04375
2 0.6953125 0.3921875 0.0359375 0.0453125
2 0.79453125 0.384375 0.0375 0.046875
2 0.71875 0.509375 0.034375 0.04375
2 0.8328125 0.3703125 0.040625 0.046875
2 0.796875 0.46953125 0.034375 0.046875
2 0.76953125 0.571875 0.034375 0.04375
2 0.70625 0.43515625 0.0359375 0.0484375
2 0.746875 0.4875 0.0328125 0.04375
2 0.68984375 0.53203125 0.03125 0.0390625
2 0.7640625 0.409375 0.034375 0.046875
2 0.79453125 0.5421875 0.0375 0.046875
2 0.82890625 0.50234375 0.0375 0.04375
2 0.6828125 0.48984375 0.0328125 0.0375
2 0.66171875 0.58828125 0.0328125 0.040625
2 0.634375 0.57265625 0.034375 0.0390625
2 0.7328125 0.590625 0.034375 0.040625
2 0.6890625 0.57109375 0.03125 0.040625
2 0.83828125 0.46171875 0.040625 0.046875
2 0.6578125 0.51171875 0.03125 0.0375
2 0.7359375 0.4453125 0.034375 0.04375
2 0.7171875 0.5546875 0.03125 0.040625
2 0.66171875 0.5515625 0.03125 0.0375
2 0.8390625 0.41640625 0.040625 0.0453125
2 0.74765625 0.53125 0.034375 0.040625
2 0.80078125 0.42578125 0.034375 0.0421875
2 0.76953125 0.453125 0.034375 0.04375
2 0.71328125 0.47421875 0.03125 0.034375