0 0.10078125 0.5625 0.0390625 0.0484375
0 0.1234375 0.5953125 0.0375 0.046875
0 0.1109375 0.528125 0.0390625 0.046875
0 0.13828125 0.55234375 0.0375 0.040625
0 0.16015625 0.584375 0.0390625 0.04375
0 0.18671875 0.5796875 0.0453125 0.0375
0 0.175 0.5421875 0.0375 0.0421875
0 0.15234375 0.5109375 0.0421875 0.0484375
0 0.18515625 0.5078125 0.0421875 0.0484375
0 0.2 0.53828125 0.0375 0.05
0 0.2203125 0.575 0.03125 0.0421875
0 0.2546875 0.578125 0.040625 0.040625
0 0.23671875 0.54375 0.040625 0.0484375
0 0.2171875 0.50703125 0.0421875 0.046875
0 0.23515625 0.478125 0.0375 0.04375
0 0.2515625 0.51484375 0.0375 0.0453125
0 0.27421875 0.5484375 0.034375 0.040625
0 0.2890625 0.51875 0.034375 0.0421875
0 0.2671875 0.48203125 0.0375 0.040625
0 0.296875 0.47890625 0.0375 0.0421875
0 0.31953125 0.50390625 0.034375 0.05
0 0.30859375 0.54375 0.0375 0.05
0 0.33515625 0.55703125 0.0390625 0.053125
0 0.36875 0.5609375 0.0421875 0.05
0 0.3484375 0.52265625 0.0390625 0.05
0 0.36171875 0.48125 0.040625 0.05
0 0.334375 0.47109375 0.0421875 0.0453125
0 0.37421875 0.52265625 0.04375 0.0546875
0 0.4015625 0.54140625 0.040625 0.053125
0 0.41640625 0.51171875 0.028125 0.0453125
0 0.39140625 0.48828125 0.0375 0.040625
0 0.384375 0.453125 0.0375 0.0453125
0 0.41484375 0.46328125 0.0375 0.05
0 0.4359375 0.48984375 0.034375 0.0453125
0 0.440625 0.44921875 0.034375 0.040625
0 0.46171875 0.5140625 0.040625 0.059375
0 0.46484375 0.478125 0.034375 0.046875
0 0.48671875 0.4578125 0.028125 0.0359375
0 0.46796875 0.43203125 0.034375 0.05
0 0.4953125 0.51015625 0.040625 0.0625
0 0.5125 0.4796875 0.0375 0.05
2 0.4953125 0.70390625 0.0375 0.046875
2 0.2875 0.71796875 0.0546875 0.05625
2 0.2734375 0.67109375 0.03125 0.0421875
2 0.3046875 0.66171875 0.034375 0.0453125
2 0.33671875 0.66484375 0.03125 0.05
2 0.365625 0.64765625 0.034375 0.046875
2 0.3421875 0.62109375 0.034375 0.0546875
2 0.31328125 0.625 0.0359375 0.0453125
2 0.2828125 0.640625 0.0375 0.053125
2 0.29296875 0.59765625 0.034375 0.0375
2 0.36640625 0.6078125 0.0375 0.05
2 0.39453125 0.596875 0.0359375 0.0421875
2 0.43359375 0.6078125 0.025 0.0484375
2 0.409375 0.578125 0.0390625 0.034375
2 0.43828125 0.55546875 0.03125 0.053125
2 0.46484375 0.58359375 0.0453125 0.0453125
2 0.49296875 0.56796875 0.034375 0.04375
2 0.465625 0.540625 0.0375 0.0484375
2 0.51953125 0.559375 0.0375 0.05
2 0.54296875 0.5484375 0.0328125 0.05
2 0.5203125 0.51484375 0.028125 0.0421875
2 0.546875 0.509375 0.0296875 0.0421875
2 0.57109375 0.50625 0.0265625 0.053125
2 0.57734375 0.46171875 0.028125 0.040625
2 0.54921875 0.465625 0.0375 0.040625
0 0.5578125 0.42421875 0.0375 0.053125
2 0.57890625 0.37578125 0.0328125 0.0484375
2 0.54296875 0.375 0.0421875 0.05
2 0.5625 0.34765625 0.0375 0.040625
2 0.5359375 0.325 0.034375 0.05625
2 0.5109375 0.340625 0.034375 0.0453125
2 0.5015625 0.375 0.03125 0.0453125
2 0.5 0.4140625 0.034375 0.053125
2 0.52265625 0.403125 0.028125 0.05
2 0.525 0.43828125 0.034375 0.05
2 0.47890625 0.3859375 0.0359375 0.0453125
2 0.4515625 0.396875 0.0328125 0.0484375
2 0.42890625 0.409375 0.03125 0.0484375
2 0.4015625 0.41796875 0.03125 0.05
2 0.35234375 0.42890625 0.028125 0.053125
2 0.3765625 0.421875 0.034375 0.053125
2 0.3265625 0.44375 0.03125 0.04375
2 0.23984375 0.6359375 0.0359375 0.05
2 0.2109375 0.6484375 0.0421875 0.046875
2 0.184375 0.6578125 0.040625 0.059375
2 0.15078125 0.659375 0.04375 0.04375
2 0.11875 0.6671875 0.0375 0.05625
2 0.09296875 0.678125 0.0328125 0.053125
2 0.0984375 0.62578125 0.034375 0.0484375
2 0.06640625 0.621875 0.040625 0.05
2 0.06171875 0.5484375 0.0390625 0.0546875
2 0.06953125 0.49765625 0.04375 0.05
2 0.10546875 0.49296875 0.0421875 0.053125
2 0.14765625 0.4765625 0.0421875 0.0484375
2 0.175 0.471875 0.0375 0.046875
2 0.20625 0.46328125 0.0421875 0.046875
2 0.26484375 0.44375 0.0359375 0.0484375