2 0.44296875 0.6359375 0.021875 0.01875
2 0.43359375 0.62109375 0.01875 0.021875
2 0.425 0.60625 0.015625 0.025
2 0.4375 0.60234375 0.015625 0.025
2 0.44765625 0.6140625 0.0171875 0.021875
2 0.43046875 0.584375 0.01875 0.01875
2 0.41796875 0.56953125 0.01875 0.01875
2 0.421875 0.55 0.0171875 0.021875
2 0.46484375 0.61875 0.0171875 0.025
2 0.45390625 0.58515625 0.0171875 0.01875
2 0.46640625 0.59765625 0.0140625 0.01875
2 0.47734375 0.615625 0.015625 0.025
2 0.4921875 0.61171875 0.01875 0.0203125
2 0.4265625 0.53671875 0.0140625 0.0203125
2 0.4421875 0.51171875 0.0140625 0.01875
2 0.4546875 0.5015625 0.015625 0.01875
2 0.4671875 0.49609375 0.015625 0.021875
2 0.48203125 0.490625 0.015625 0.021875
2 0.5 0.4828125 0.01875 0.025
2 0.5609375 0.57734375 0.015625 0.0203125
2 0.54765625 0.58359375 0.015625 0.0203125
2 0.53359375 0.58984375 0.01875 0.021875
2 0.5234375 0.57890625 0.0125 0.015625
2 0.51171875 0.58828125 0.0125 0.0203125
2 0.50234375 0.59140625 0.0140625 0.01875
2 0.4890625 0.59609375 0.0140625 0.0171875
2 0.47890625 0.6 0.0125 0.01875
2 0.43125 0.56484375 0.0140625 0.015625
2 0.51328125 0.46484375 0.015625 0.0203125
2 0.525 0.47734375 0.015625 0.0203125
2 0.51328125 0.48828125 0.0140625 0.021875
2 0.52734375 0.45703125 0.0125 0.0171875
2 0.53671875 0.446875 0.01875 0.021875
2 0.59609375 0.54453125 0.0171875 0.028125
2 0.5796875 0.559375 0.015625 0.025
2 0.56640625 0.559375 0.0125 0.01875
0 0.5265625 0.55859375 0.01875 0.025
0 0.5125 0.56484375 0.0109375 0.015625
0 0.49921875 0.55234375 0.015625 0.01875
0 0.5 0.56953125 0.015625 0.01875
0 0.48671875 0.57578125 0.015625 0.01875
0 0.46796875 0.571875 0.0125 0.015625
0 0.45859375 0.5625 0.015625 0.01875
0 0.44453125 0.571875 0.0140625 0.015625
0 0.44765625 0.55390625 0.015625 0.0203125
0 0.453125 0.53828125 0.015625 0.01875
0 0.46484375 0.55 0.0125 0.021875
0 0.4640625 0.53125 0.015625 0.021875
0 0.48515625 0.55703125 0.015625 0.01875
0 0.4890625 0.53671875 0.015625 0.021875
0 0.4796875 0.5203125 0.0125 0.0203125
0 0.47734375 0.540625 0.015625 0.0203125
0 0.50234375 0.53359375 0.01875 0.021875
0 0.5078125 0.51328125 0.0125 0.01875
0 0.4921875 0.51171875 0.01875 0.0171875
0 0.51171875 0.54765625 0.0125 0.021875
0 0.52734375 0.5421875 0.0125 0.01875
0 0.5453125 0.54765625 0.015625 0.021875
0 0.5625 0.540625 0.015625 0.021875
0 0.54453125 0.52734375 0.015625 0.01875
0 0.53671875 0.49765625 0.015625 0.0171875
0 0.52109375 0.5 0.015625 0.0203125
0 0.52421875 0.52421875 0.015625 0.0203125
0 0.56015625 0.5 0.0125 0.0203125
0 0.55859375 0.5203125 0.015625 0.0203125
0 0.571875 0.5125 0.015625 0.021875
0 0.57578125 0.4953125 0.0140625 0.0203125
0 0.55 0.49140625 0.01875 0.025
0 0.5390625 0.4796875 0.0140625 0.021875
0 0.5515625 0.4671875 0.015625 0.0203125
0 0.5625 0.48125 0.0125 0.021875
0 0.575 0.4765625 0.015625 0.0203125
0 0.56328125 0.45546875 0.015625 0.0203125
0 0.578125 0.44921875 0.015625 0.0203125
0 0.5890625 0.4703125 0.015625 0.025
0 0.5921875 0.44921875 0.015625 0.021875
0 0.5828125 0.4328125 0.0140625 0.0234375
0 0.59609375 0.4265625 0.015625 0.0234375
0 0.6203125 0.43515625 0.01875 0.025
0 0.61015625 0.4234375 0.015625 0.0265625
0 0.61796875 0.40703125 0.015625 0.0234375
0 0.628125 0.415625 0.015625 0.0265625
0 0.6390625 0.43125 0.0140625 0.021875
0 0.6265625 0.396875 0.0140625 0.01875
0 0.63828125 0.40859375 0.015625 0.021875
0 0.64765625 0.41953125 0.0109375 0.0234375
0 0.6515625 0.39921875 0.01875 0.025
0 0.6421875 0.38515625 0.01875 0.021875
0 0.64765625 0.36796875 0.0140625 0.021875
0 0.759375 0.296875 0.015625 0.025
0 0.74609375 0.2859375 0.0125 0.0234375
0 0.73203125 0.3 0.021875 0.028125
0 0.74765625 0.309375 0.0171875 0.028125
0 0.76015625 0.3171875 0.015625 0.025
0 0.77578125 0.3109375 0.0171875 0.028125
0 0.753125 0.3484375 0.01875 0.028125
0 0.7578125 0.37109375 0.01875 0.028125
0 0.7421875 0.37578125 0.01875 0.0328125
0 0.72734375 0.3671875 0.021875 0.025
0 0.7234375 0.34765625 0.021875 0.01875
0 0.71171875 0.33046875 0.01875 0.025
0 0.6953125 0.34453125 0.0140625 0.021875
0 0.68515625 0.35859375 0.015625 0.0265625
0 0.6734375 0.3703125 0.015625 0.0265625
0 0.66796875 0.3921875 0.015625 0.01875
0 0.6578125 0.37734375 0.0140625 0.025
0 0.665625 0.41171875 0.01875 0.021875
0 0.68203125 0.40078125 0.021875 0.025
0 0.6953125 0.38828125 0.01875 0.025
0 0.7125 0.38125 0.01875 0.025
0 0.71015625 0.4078125 0.015625 0.021875
0 0.653125 0.43984375 0.015625 0.025
0 0.63984375 0.4484375 0.021875 0.0234375
0 0.67578125 0.4390625 0.0203125 0.025
0 0.61875 0.4484375 0.01875 0.025
0 0.6046875 0.4453125 0.015625 0.021875
0 0.6015625 0.4640625 0.01875 0.021875
2 0.5875 0.50859375 0.01875 0.0265625
2 0.57890625 0.53515625 0.01875 0.0234375
2 0.60078125 0.50390625 0.015625 0.0171875
2 0.60390625 0.48359375 0.01875 0.021875
2 0.6140625 0.4953125 0.015625 0.025
2 0.6171875 0.471875 0.0125 0.01875
2 0.62890625 0.4859375 0.01875 0.0265625
2 0.6421875 0.475 0.01875 0.025
2 0.6640625 0.475 0.01875 0.025
2 0.65390625 0.46015625 0.0140625 0.0171875
2 0.628125 0.46328125 0.015625 0.0171875
2 0.67734375 0.46875 0.01875 0.028125
2 0.690625 0.45390625 0.01875 0.025
2 0.71171875 0.43984375 0.0203125 0.0265625
2 0.69453125 0.43046875 0.015625 0.01875
2 0.69375 0.41171875 0.015625 0.01875
2 0.740625 0.43046875 0.021875 0.028125
2 0.73046875 0.409375 0.01875 0.021875
2 0.74375 0.39921875 0.01875 0.0203125
2 0.7734375 0.37578125 0.01875 0.028125
2 0.784375 0.359375 0.01875 0.025
2 0.7703125 0.353125 0.015625 0.0171875
2 0.790625 0.3390625 0.0203125 0.021875
2 0.7953125 0.31796875 0.0203125 0.028125
2 0.771875 0.33203125 0.01875 0.01875
2 0.7921875 0.290625 0.01875 0.025
2 0.79921875 0.27421875 0.0171875 0.0234375
2 0.77734375 0.28203125 0.01875 0.021875
2 0.790625 0.25859375 0.0234375 0.03125
2 0.7765625 0.25390625 0.01875 0.028125
2 0.75078125 0.25625 0.01875 0.025
2 0.734375 0.26875 0.01875 0.021875
2 0.7171875 0.2640625 0.015625 0.021875
2 0.7296875 0.25234375 0.01875 0.0265625
2 0.75859375 0.28046875 0.01875 0.0203125
2 0.71171875 0.3 0.0171875 0.025
2 0.69375 0.30625 0.01875 0.0296875
2 0.68203125 0.33515625 0.015625 0.021875
2 0.66953125 0.34609375 0.0171875 0.025
2 0.6421875 0.3484375 0.01875 0.025
2 0.6328125 0.36015625 0.021875 0.021875
2 0.621875 0.36953125 0.01875 0.0296875
2 0.609375 0.38046875 0.015625 0.028125
2 0.5953125 0.390625 0.01875 0.0203125
2 0.59453125 0.4125 0.015625 0.01875
2 0.57734375 0.38984375 0.01875 0.025
2 0.56640625 0.39921875 0.015625 0.021875
2 0.55703125 0.4109375 0.015625 0.025
2 0.5671875 0.428125 0.015625 0.0234375