2 0.56484375 0.32265625 0.028125 0.015625
2 0.603125 0.340625 0.021875 0.0171875
2 0.584375 0.34921875 0.025 0.01875
2 0.571875 0.36328125 0.025 0.0171875
2 0.59453125 0.36875 0.021875 0.01875
2 0.60546875 0.35625 0.01875 0.01875
2 0.61875 0.346875 0.025 0.021875
2 0.63671875 0.35703125 0.0234375 0.015625
2 0.6203125 0.36484375 0.025 0.015625
2 0.615625 0.38046875 0.028125 0.01875
2 0.63671875 0.375 0.025 0.01875
2 0.6546875 0.36484375 0.0234375 0.0203125
2 0.678125 0.3578125 0.025 0.015625
2 0.675 0.37578125 0.028125 0.0171875
2 0.65703125 0.3859375 0.025 0.01875
2 0.69296875 0.384375 0.025 0.01875
2 0.6765625 0.3953125 0.028125 0.01875
2 0.71171875 0.3921875 0.025 0.01875
2 0.69375 0.425 0.0234375 0.01875
2 0.728125 0.40625 0.021875 0.015625
2 0.6984375 0.4046875 0.025 0.015625
2 0.715625 0.41640625 0.025 0.015625
2 0.71953125 0.43203125 0.028125 0.01875
2 0.57734375 0.38125 0.028125 0.01875
2 0.5984375 0.3921875 0.021875 0.015625
2 0.621875 0.3984375 0.025 0.01875
2 0.640625 0.39453125 0.021875 0.015625
2 0.65625 0.40546875 0.0234375 0.01875
2 0.6703125 0.4171875 0.025 0.01875
2 0.63671875 0.4109375 0.0203125 0.0171875
2 0.615625 0.4140625 0.0234375 0.015625
2 0.59453125 0.4078125 0.021875 0.015625
2 0.5734375 0.39765625 0.0234375 0.015625
2 0.56953125 0.41171875 0.0265625 0.015625
2 0.58984375 0.4234375 0.025 0.015625
2 0.6265625 0.428125 0.025 0.015625
2 0.64921875 0.42265625 0.021875 0.0140625
2 0.64296875 0.43828125 0.0203125 0.015625
2 0.66875 0.434375 0.0234375 0.015625
2 0.6625 0.446875 0.021875 0.015625
2 0.68671875 0.44140625 0.025 0.0171875
2 0.69375 0.4265625 0.0234375 0.01875
2 0.5640625 0.42734375 0.028125 0.01875
2 0.58515625 0.43984375 0.025 0.015625
2 0.60703125 0.4328125 0.021875 0.015625
2 0.603125 0.44765625 0.0203125 0.015625
2 0.621875 0.44453125 0.025 0.015625
2 0.6421875 0.45546875 0.0234375 0.015625
2 0.61875 0.46015625 0.025 0.015625
2 0.56171875 0.44296875 0.028125 0.0171875
2 0.5375 0.44921875 0.025 0.01875
2 0.55625 0.45703125 0.021875 0.01875
2 0.58046875 0.45234375 0.0203125 0.015625
2 0.59609375 0.4640625 0.0234375 0.015625
2 0.57421875 0.4671875 0.025 0.01875
2 0.61328125 0.4734375 0.0234375 0.01875
2 0.63828125 0.4671875 0.025 0.01875
2 0.62890625 0.484375 0.0296875 0.0171875
2 0.59140625 0.48046875 0.0234375 0.0171875
2 0.53828125 0.46640625 0.025 0.0171875
2 0.5546875 0.4765625 0.0234375 0.015625
2 0.56953125 0.4875 0.025 0.01875
2 0.52734375 0.48203125 0.0234375 0.01875
2 0.54609375 0.48984375 0.021875 0.01875
2 0.55703125 0.5015625 0.028125 0.0203125
2 0.5859375 0.496875 0.025 0.0203125
2 0.6078125 0.4890625 0.01875 0.015625
2 0.62578125 0.5015625 0.025 0.01875
2 0.60390625 0.50703125 0.0265625 0.015625
2 0.57734375 0.51171875 0.0296875 0.015625
2 0.596875 0.521875 0.025 0.015625
2 0.51953125 0.496875 0.028125 0.01875
2 0.53828125 0.50703125 0.025 0.0171875
2 0.51015625 0.51171875 0.0265625 0.01875
2 0.528125 0.521875 0.025 0.015625
2 0.55546875 0.51796875 0.025 0.01875
2 0.5484375 0.53125 0.0265625 0.01875
2 0.571875 0.5265625 0.025 0.01875
2 0.59375 0.5390625 0.025 0.015625
2 0.5671875 0.54140625 0.028125 0.01875
2 0.58671875 0.553125 0.025 0.0171875
2 0.58125 0.56875 0.028125 0.01875
2 0.5765625 0.58359375 0.028125 0.015625
2 0.57265625 0.5984375 0.0296875 0.01875
2 0.56171875 0.5578125 0.028125 0.015625
2 0.55625 0.571875 0.0265625 0.015625
2 0.55234375 0.5890625 0.0265625 0.015625
2 0.55 0.60625 0.025 0.01875
2 0.5453125 0.54765625 0.025 0.021875
2 0.52734375 0.53671875 0.0234375 0.01875
2 0.50703125 0.52890625 0.03125 0.015625
2 0.48515625 0.52265625 0.028125 0.0171875
2 0.53828125 0.5609375 0.025 0.01875
2 0.51953125 0.5515625 0.025 0.01875
2 0.50078125 0.54296875 0.03125 0.021875
2 0.47578125 0.53828125 0.028125 0.01875
2 0.53359375 0.57734375 0.0265625 0.021875
2 0.5171875 0.56875 0.0265625 0.01875
2 0.49765625 0.56015625 0.0265625 0.015625
2 0.47734375 0.5546875 0.028125 0.0171875
2 0.53125 0.596875 0.0234375 0.01875
2 0.5125 0.5859375 0.025 0.01875
2 0.4953125 0.5765625 0.025 0.015625
2 0.47578125 0.57109375 0.025 0.0171875
2 0.45234375 0.56328125 0.028125 0.01875
2 0.4328125 0.57578125 0.0265625 0.01875
2 0.4546875 0.57890625 0.025 0.01875
2 0.47734375 0.58515625 0.025 0.01875
2 0.4953125 0.59375 0.021875 0.01875
2 0.51171875 0.60234375 0.0265625 0.021875
2 0.52734375 0.6140625 0.025 0.01875
2 0.54609375 0.62578125 0.0234375 0.0171875
2 0.440625 0.59140625 0.021875 0.015625
2 0.46171875 0.596875 0.021875 0.0171875
2 0.4796875 0.60546875 0.021875 0.015625
2 0.496875 0.61484375 0.025 0.01875
2 0.51328125 0.62578125 0.0234375 0.01875
2 0.53046875 0.6375 0.0265625 0.021875
2 0.42578125 0.60390625 0.0265625 0.01875
2 0.446875 0.6078125 0.021875 0.01875
2 0.46640625 0.6171875 0.021875 0.01875
2 0.48515625 0.62890625 0.025 0.01875
2 0.5015625 0.6390625 0.025 0.01875
2 0.515625 0.653125 0.021875 0.015625
2 0.428125 0.6203125 0.0265625 0.015625
2 0.44765625 0.628125 0.025 0.0171875
2 0.46640625 0.63671875 0.021875 0.01875
2 0.4859375 0.646875 0.028125 0.01875
2 0.42578125 0.6375 0.028125 0.01875
2 0.44609375 0.6453125 0.025 0.01875
2 0.46640625 0.65546875 0.021875 0.015625
2 0.4265625 0.653125 0.025 0.01875
2 0.44375 0.6625 0.0234375 0.015625
2 0.465625 0.67265625 0.021875 0.01875
2 0.48671875 0.66328125 0.025 0.015625
2 0.509375 0.66953125 0.021875 0.015625
2 0.48828125 0.68046875 0.025 0.01875
2 0.51171875 0.68671875 0.0234375 0.0171875
2 0.4234375 0.67109375 0.025 0.01875
2 0.4 0.6765625 0.0265625 0.021875
2 0.44296875 0.6796875 0.021875 0.01875
2 0.4203125 0.68671875 0.025 0.0171875
2 0.4625 0.6875 0.0234375 0.01875
2 0.43984375 0.69609375 0.025 0.015625
2 0.4828125 0.69453125 0.028125 0.01875
2 0.475 0.70859375 0.0296875 0.01875
2 0.4484375 0.71171875 0.028125 0.01875
2 0.4203125 0.70390625 0.025 0.01875
2 0.39765625 0.69609375 0.025 0.01875
2 0.4203125 0.71953125 0.025 0.01875
2 0.3953125 0.71953125 0.025 0.01875
2 0.43984375 0.728125 0.025 0.01875
2 0.4640625 0.72265625 0.025 0.01875
2 0.475 0.73984375 0.025 0.0203125
2 0.453125 0.7421875 0.025 0.01875
2 0.41484375 0.734375 0.025 0.01875
2 0.390625 0.73828125 0.0265625 0.01875
2 0.3671875 0.7484375 0.0296875 0.021875
2 0.39765625 0.75390625 0.021875 0.0171875
2 0.42734375 0.74921875 0.025 0.015625
2 0.41484375 0.7640625 0.021875 0.0203125
2 0.43671875 0.7640625 0.025 0.01875
2 0.46171875 0.75546875 0.025 0.01875
2 0.45625 0.7734375 0.0265625 0.01875
2 0.38203125 0.76484375 0.028125 0.01875
2 0.3984375 0.775 0.021875 0.01875
2 0.4234375 0.78046875 0.025 0.01875
2 0.44375 0.7875 0.025 0.01875
2 0.36171875 0.78984375 0.028125 0.021875
2 0.38671875 0.79375 0.01875 0.01875
2 0.4109375 0.79375 0.025 0.01875
2 0.4296875 0.803125 0.0265625 0.0171875
2 0.453125 0.80546875 0.028125 0.0203125
2 0.34921875 0.80625 0.028125 0.01875
2 0.37265625 0.81015625 0.028125 0.01875
2 0.3984375 0.81015625 0.021875 0.01875
2 0.41796875 0.81875 0.025 0.01875
2 0.44296875 0.82265625 0.025 0.01875
2 0.3515625 0.8234375 0.0265625 0.01875
2 0.3765625 0.825 0.028125 0.01875
2 0.4 0.82890625 0.0234375 0.01875
2 0.42265625 0.83515625 0.021875 0.021875
2 0.44375 0.84140625 0.028125 0.01875
2 0.3421875 0.83984375 0.028125 0.01875
2 0.36640625 0.8421875 0.025 0.01875
2 0.3890625 0.8453125 0.025 0.01875
2 0.41015625 0.85234375 0.021875 0.01875
2 0.43125 0.85859375 0.025 0.0171875
2 0.34921875 0.86015625 0.025 0.01875
2 0.37265625 0.86015625 0.025 0.01875
2 0.39765625 0.865625 0.0234375 0.021875
2 0.41953125 0.87265625 0.0234375 0.0171875
2 0.33515625 0.87421875 0.0265625 0.021875
2 0.359375 0.875 0.025 0.01875
2 0.38125 0.88046875 0.021875 0.0203125
2 0.40078125 0.88515625 0.0296875 0.01875
2 0.4296875 0.88515625 0.03125 0.0234375
2 0.325 0.89453125 0.0234375 0.01875
2 0.353125 0.89296875 0.025 0.01875
2 0.37734375 0.89609375 0.0203125 0.01875
2 0.39765625 0.9046875 0.025 0.01875
2 0.4203125 0.90390625 0.028125 0.01875
2 0.32890625 0.91484375 0.0265625 0.0203125
2 0.3546875 0.91015625 0.025 0.01875
2 0.37421875 0.915625 0.0265625 0.021875
2 0.40078125 0.92109375 0.028125 0.01875
2 0.425 0.92109375 0.025 0.021875
2 0.3453125 0.9296875 0.021875 0.01875
2 0.36640625 0.9328125 0.025 0.01875
2 0.38984375 0.93671875 0.028125 0.01875
2 0.415625 0.93984375 0.028125 0.01875
2 0.33984375 0.94921875 0.028125 0.0171875
2 0.3625 0.95078125 0.025 0.015625
2 0.3875 0.9546875 0.025 0.01875
2 0.41640625 0.95703125 0.03125 0.0171875
2 0.34609375 0.9671875 0.028125 0.01875
2 0.3703125 0.9671875 0.025 0.021875
2 0.39765625 0.9703125 0.028125 0.01875
2 0.421875 0.9734375 0.028125 0.021875
2 0.35234375 0.9828125 0.03125 0.01875
2 0.3796875 0.9859375 0.021875 0.0171875
2 0.40234375 0.98984375 0.0234375 0.015625
2 0.42421875 0.990625 0.0328125 0.01875
2 0.33671875 0.99453125 0.0265625 0.0109375
2 0.365625 0.9953125 0.025 0.009375
2 0.3890625 0.996875 0.025 0.00625