0 0.075 0.5546875 0.03125 0.040625
0 0.45390625 0.82578125 0.0234375 0.034375
0 0.459375 0.79765625 0.021875 0.03125
0 0.43828125 0.7984375 0.021875 0.0328125
0 0.4484375 0.76875 0.021875 0.025
0 0.43125 0.775 0.021875 0.0265625
0 0.43828125 0.746875 0.01875 0.03125
0 0.43125 0.72265625 0.0203125 0.028125
0 0.4203125 0.7484375 0.01875 0.028125
0 0.415625 0.80078125 0.01875 0.03125
0 0.40703125 0.7734375 0.0203125 0.0234375
0 0.3984375 0.75078125 0.021875 0.03125
0 0.409375 0.725 0.0203125 0.03125
0 0.4078125 0.70078125 0.01875 0.028125
0 0.39765625 0.8015625 0.01875 0.03125
0 0.378125 0.80625 0.021875 0.034375
0 0.3875 0.77890625 0.0203125 0.021875
0 0.3828125 0.73125 0.021875 0.028125
0 0.34921875 0.73125 0.01875 0.034375
0 0.32734375 0.74140625 0.021875 0.034375
2 0.51640625 0.74140625 0.028125 0.03125
2 0.50390625 0.77265625 0.0234375 0.0359375
2 0.49453125 0.80234375 0.021875 0.03125
2 0.4796875 0.8859375 0.025 0.0359375
2 0.45625 0.89296875 0.025 0.034375
2 0.46796875 0.86171875 0.0265625 0.03125
2 0.47578125 0.834375 0.025 0.034375
2 0.47265625 0.80625 0.025 0.03125
2 0.48203125 0.7765625 0.021875 0.0265625
2 0.49453125 0.74765625 0.021875 0.03125
2 0.5046875 0.721875 0.025 0.0328125
2 0.5046875 0.69140625 0.021875 0.028125
2 0.475 0.7515625 0.0234375 0.034375
2 0.48125 0.725 0.021875 0.0265625
2 0.484375 0.69921875 0.021875 0.028125
2 0.4890625 0.6734375 0.021875 0.025
2 0.4609375 0.7296875 0.021875 0.025
2 0.4640625 0.7046875 0.025 0.025
2 0.46796875 0.68046875 0.0234375 0.025
2 0.471875 0.65546875 0.021875 0.028125
2 0.44453125 0.6828125 0.0234375 0.028125
2 0.44921875 0.659375 0.0203125 0.025
2 0.45859375 0.63203125 0.021875 0.028125
2 0.43671875 0.6359375 0.0234375 0.0328125
2 0.42734375 0.66171875 0.01875 0.028125
2 0.40703125 0.65234375 0.021875 0.028125
2 0.42265625 0.6828125 0.01875 0.0265625
2 0.4015625 0.67734375 0.01875 0.025
2 0.3875 0.6984375 0.021875 0.028125
2 0.37890625 0.671875 0.01875 0.028125
2 0.36328125 0.69765625 0.021875 0.028125
2 0.35625 0.671875 0.021875 0.028125
2 0.34453125 0.69453125 0.021875 0.028125
2 0.321875 0.6921875 0.0234375 0.0375
2 0.3078125 0.715625 0.025 0.03125
2 0.3 0.74453125 0.0265625 0.0375
2 0.290625 0.76796875 0.025 0.034375
2 0.30703125 0.79609375 0.025 0.0359375
2 0.31171875 0.76640625 0.021875 0.034375
2 0.34453125 0.82421875 0.028125 0.034375
2 0.3546875 0.796875 0.025 0.03125
2 0.3625 0.771875 0.0234375 0.03125
2 0.371875 0.7546875 0.021875 0.028125
0 0.33515625 0.7640625 0.0234375 0.028125
2 0.4078125 0.8421875 0.028125 0.0328125
2 0.42109375 0.86640625 0.025 0.03125
2 0.43203125 0.840625 0.0234375 0.03125
2 0.44453125 0.865625 0.0234375 0.03125