2 0.37265625 0.496875 0.021875 0.021875
2 0.36015625 0.5125 0.021875 0.0171875
2 0.23125 0.41953125 0.01875 0.015625
2 0.453125 0.55078125 0.0234375 0.0171875
2 0.32890625 0.25546875 0.021875 0.01875
2 0.34453125 0.303125 0.025 0.01875
2 0.2765625 0.2859375 0.021875 0.015625
2 0.2421875 0.2578125 0.025 0.015625
2 0.225 0.2640625 0.0171875 0.0125
2 0.240625 0.271875 0.0203125 0.0125
2 0.2578125 0.27734375 0.01875 0.0125
2 0.2375 0.28359375 0.0203125 0.015625
2 0.25625 0.28984375 0.021875 0.0125
2 0.23515625 0.29609375 0.01875 0.015625
2 0.2546875 0.3015625 0.01875 0.0125
2 0.2546875 0.3140625 0.01875 0.0125
2 0.23125 0.31640625 0.025 0.015625
2 0.2453125 0.32421875 0.01875 0.015625
2 0.26328125 0.325 0.021875 0.015625
2 0.2890625 0.3375 0.01875 0.0140625
2 0.21796875 0.42734375 0.01875 0.0125
2 0.2125 0.43828125 0.0203125 0.015625
2 0.1921875 0.44296875 0.0234375 0.015625
2 0.209375 0.453125 0.0203125 0.0140625
2 0.18984375 0.45703125 0.021875 0.015625
2 0.17421875 0.46171875 0.0203125 0.0125
2 0.20625 0.46484375 0.01875 0.0125
2 0.22421875 0.4703125 0.01875 0.0125
2 0.1875 0.46796875 0.01875 0.0125
2 0.20390625 0.478125 0.0203125 0.015625
2 0.16953125 0.47578125 0.0171875 0.015625
2 0.1859375 0.4828125 0.01875 0.015625
2 0.20390625 0.490625 0.01875 0.0125
2 0.221875 0.484375 0.015625 0.0125
2 0.184375 0.49609375 0.0203125 0.0140625
2 0.20234375 0.5046875 0.01875 0.0125
2 0.184375 0.51171875 0.01875 0.0125
2 0.2015625 0.51796875 0.0171875 0.0125
2 0.21953125 0.5125 0.01875 0.015625
2 0.165625 0.5171875 0.021875 0.015625
2 0.18203125 0.52265625 0.01875 0.0125
2 0.1796875 0.5359375 0.01875 0.0140625
2 0.2 0.53046875 0.015625 0.015625
2 0.21640625 0.5265625 0.01875 0.015625
2 0.21484375 0.53828125 0.021875 0.0140625
2 0.19453125 0.5453125 0.021875 0.0125
2 0.178125 0.55078125 0.01875 0.0125
2 0.1953125 0.55859375 0.01875 0.0125
2 0.2140625 0.55234375 0.015625 0.0140625
2 0.17578125 0.565625 0.01875 0.01875
2 0.19296875 0.57109375 0.0203125 0.015625
2 0.21171875 0.5671875 0.01875 0.0140625
2 0.2078125 0.58125 0.01875 0.015625
2 0.184375 0.584375 0.0203125 0.015625
2 0.1984375 0.59453125 0.01875 0.015625
2 0.196875 0.60859375 0.0203125 0.015625
2 0.215625 0.603125 0.0171875 0.015625
2 0.23359375 0.596875 0.01875 0.015625
2 0.2515625 0.60234375 0.0203125 0.015625
2 0.234375 0.61015625 0.021875 0.0140625
2 0.215625 0.61796875 0.021875 0.0140625
2 0.19609375 0.6234375 0.01875 0.0140625
2 0.21171875 0.63125 0.01875 0.0140625
2 0.234375 0.62265625 0.021875 0.015625
2 0.23203125 0.63671875 0.01875 0.0140625
2 0.25234375 0.63125 0.021875 0.015625
2 0.21171875 0.6453125 0.01875 0.015625
2 0.23359375 0.6515625 0.01875 0.015625
2 0.25 0.6453125 0.01875 0.0140625
2 0.21328125 0.65859375 0.0203125 0.0140625
2 0.22890625 0.66640625 0.015625 0.0125
2 0.24765625 0.66015625 0.015625 0.015625
2 0.265625 0.6546875 0.01875 0.015625
2 0.259375 0.66796875 0.01875 0.0125
2 0.24140625 0.67578125 0.0203125 0.015625
2 0.26171875 0.68125 0.0171875 0.015625
2 0.246875 0.690625 0.021875 0.015625
2 0.28359375 0.7015625 0.021875 0.015625
2 0.284375 0.715625 0.0203125 0.015625
2 0.30625 0.7203125 0.0203125 0.015625
2 0.2859375 0.7296875 0.021875 0.015625
2 0.3078125 0.73515625 0.021875 0.015625
2 0.290625 0.74609375 0.021875 0.015625
2 0.3125 0.75 0.021875 0.015625
2 0.3 0.76171875 0.01875 0.015625
2 0.2953125 0.778125 0.0203125 0.015625
2 0.3171875 0.77265625 0.0203125 0.015625
2 0.309375 0.7875 0.015625 0.015625
2 0.32734375 0.790625 0.0234375 0.01875
2 0.34921875 0.81484375 0.01875 0.01875
2 0.33515625 0.828125 0.021875 0.01875