2 0.2046875 0.73203125 0.03125 0.021875
2 0.17109375 0.73828125 0.03125 0.025
2 0.1328125 0.7359375 0.0328125 0.025
2 0.234375 0.734375 0.03125 0.025
2 0.4296875 0.7046875 0.028125 0.0234375
2 0.48828125 0.7 0.028125 0.0234375
2 0.54296875 0.7046875 0.028125 0.0234375
2 0.4609375 0.70390625 0.0296875 0.025
2 0.265625 0.73046875 0.03125 0.021875
2 0.3265625 0.71796875 0.0296875 0.021875
2 0.08984375 0.76328125 0.03125 0.025
2 0.38359375 0.71015625 0.028125 0.021875
2 0.51484375 0.71171875 0.028125 0.025
2 0.284375 0.746875 0.0296875 0.021875
2 0.04140625 0.784375 0.034375 0.025
2 0.35546875 0.71484375 0.0296875 0.021875
2 0.17265625 0.76953125 0.0328125 0.025
2 0.5296875 0.72734375 0.03125 0.025
2 0.0765625 0.784375 0.03125 0.0234375
2 0.409375 0.71640625 0.028125 0.0234375
2 0.121875 0.75859375 0.03125 0.025
2 0.30390625 0.73359375 0.0296875 0.021875
2 0.159375 0.790625 0.03125 0.025
2 0.06875 0.80859375 0.03125 0.025
2 0.51640625 0.7484375 0.028125 0.021875
2 0.22109375 0.753125 0.03125 0.0234375
2 0.3234375 0.75 0.028125 0.021875
2 0.26953125 0.76640625 0.0296875 0.0234375
2 0.2359375 0.77421875 0.03125 0.0234375
2 0.3046875 0.765625 0.028125 0.0234375
2 0.178125 0.80546875 0.028125 0.01875
2 0.10859375 0.78203125 0.03125 0.0234375
2 0.15234375 0.75390625 0.03125 0.021875
2 0.2484375 0.753125 0.0296875 0.0234375
2 0.1375 0.778125 0.03125 0.0234375
2 0.3390625 0.7671875 0.028125 0.0203125
2 0.1140625 0.81796875 0.0296875 0.021875
2 0.37265625 0.7359375 0.0296875 0.025
2 0.1875 0.7890625 0.028125 0.021875
2 0.20625 0.77578125 0.0296875 0.025
2 0.50234375 0.73046875 0.0296875 0.0234375
2 0.128125 0.79921875 0.028125 0.021875
2 0.1921875 0.75234375 0.028125 0.0234375
2 0.34296875 0.734375 0.03125 0.025
2 0.35859375 0.7546875 0.028125 0.025
2 0.39921875 0.73671875 0.03125 0.025
2 0.4265625 0.7359375 0.028125 0.025
2 0.4453125 0.72265625 0.03125 0.0234375
2 0.47421875 0.72265625 0.0296875 0.025
2 0.259375 0.78671875 0.028125 0.01875
2 0.09609375 0.803125 0.03125 0.0234375