2 0.59375 0.64609375 0.025 0.034375
2 0.578125 0.61015625 0.025 0.03125
2 0.5734375 0.65859375 0.0234375 0.034375
2 0.57265625 0.63359375 0.021875 0.028125
2 0.55625 0.64453125 0.0234375 0.03125
2 0.55625 0.6171875 0.021875 0.028125
2 0.540625 0.621875 0.0234375 0.03125
2 0.5375 0.64765625 0.021875 0.03125
2 0.52265625 0.6625 0.0234375 0.0375
2 0.521875 0.63828125 0.021875 0.03125
2 0.52734375 0.60546875 0.021875 0.03125
2 0.5046875 0.628125 0.0234375 0.028125
2 0.5078125 0.60234375 0.025 0.034375
2 0.50546875 0.578125 0.025 0.028125
2 0.48984375 0.5921875 0.0234375 0.0375
2 0.48828125 0.565625 0.021875 0.03125
2 0.471875 0.553125 0.025 0.034375
2 0.45625 0.54609375 0.021875 0.0375
2 0.4421875 0.5671875 0.0234375 0.03125
2 0.43828125 0.54140625 0.025 0.034375
2 0.42265625 0.51640625 0.028125 0.034375
2 0.4125 0.540625 0.028125 0.0328125
2 0.40703125 0.51015625 0.0265625 0.03125
2 0.40703125 0.47734375 0.028125 0.0375
2 0.39609375 0.53046875 0.021875 0.0359375
2 0.38359375 0.553125 0.0234375 0.03125
2 0.3671875 0.56875 0.025 0.03125
2 0.35625 0.5484375 0.025 0.028125
2 0.375 0.52890625 0.025 0.03125
2 0.3890625 0.5078125 0.021875 0.028125
2 0.3890625 0.471875 0.021875 0.03125
2 0.37578125 0.453125 0.0265625 0.034375
2 0.33828125 0.51484375 0.0296875 0.0328125
0 0.36484375 0.51875 0.0265625 0.03125
0 0.3765625 0.496875 0.01875 0.03125
0 0.36015625 0.48984375 0.0265625 0.03125
0 0.3703125 0.46796875 0.021875 0.028125
0 0.35546875 0.46171875 0.021875 0.0375
0 0.340625 0.47734375 0.021875 0.025
0 0.31875 0.415625 0.0203125 0.03125
0 0.29921875 0.4109375 0.0234375 0.034375
0 0.28125 0.40859375 0.021875 0.03125
2 0.3125 0.48828125 0.0265625 0.0375
2 0.325 0.459375 0.0234375 0.034375
2 0.34140625 0.4375 0.025 0.03125
2 0.3296875 0.41796875 0.01875 0.03125
2 0.30546875 0.4609375 0.021875 0.0328125
2 0.31640625 0.43828125 0.021875 0.025
2 0.2921875 0.4796875 0.021875 0.03125
2 0.2859375 0.45546875 0.0203125 0.034375
2 0.27265625 0.47578125 0.021875 0.0375
2 0.29921875 0.43515625 0.021875 0.028125
2 0.28046875 0.43203125 0.0234375 0.028125
2 0.2671875 0.453125 0.021875 0.034375
2 0.25859375 0.4296875 0.021875 0.03125
2 0.24921875 0.45625 0.025 0.0375
2 0.28046875 0.384375 0.025 0.03125
2 0.25625 0.4015625 0.0265625 0.034375
2 0.2640625 0.371875 0.021875 0.0328125
2 0.24921875 0.3625 0.021875 0.034375
2 0.234375 0.353125 0.025 0.040625
2 0.21796875 0.3359375 0.0234375 0.034375
2 0.20078125 0.325 0.0234375 0.0328125
2 0.18671875 0.31328125 0.025 0.03125
2 0.16796875 0.29921875 0.0203125 0.0328125
2 0.14921875 0.29296875 0.025 0.0375
2 0.23984375 0.3890625 0.0234375 0.034375
2 0.22265625 0.38125 0.0234375 0.03125
2 0.21328125 0.3609375 0.021875 0.0375
2 0.19453125 0.3515625 0.025 0.0375
2 0.17734375 0.33828125 0.0234375 0.03125
2 0.16015625 0.33515625 0.021875 0.0359375
2 0.1421875 0.3265625 0.025 0.0328125
2 0.24140625 0.4265625 0.0234375 0.034375
2 0.2265625 0.41015625 0.021875 0.034375
2 0.20703125 0.40625 0.025 0.028125
2 0.19921875 0.38125 0.0234375 0.0375
2 0.18359375 0.37578125 0.025 0.0375
2 0.1640625 0.36328125 0.025 0.034375
2 0.1453125 0.3578125 0.025 0.0359375
2 0.12734375 0.35078125 0.0234375 0.0359375
2 0.2234375 0.44765625 0.0234375 0.034375
2 0.21171875 0.43125 0.025 0.034375
2 0.1921875 0.4265625 0.021875 0.034375
2 0.18671875 0.40390625 0.025 0.034375
2 0.17109375 0.42421875 0.0265625 0.034375
2 0.165625 0.39921875 0.025 0.0390625
2 0.15 0.3859375 0.0265625 0.04375
2 0.13046875 0.37421875 0.0234375 0.034375
2 0.1109375 0.37109375 0.025 0.0375
2 0.11953125 0.32421875 0.025 0.03125
2 0.1359375 0.303125 0.0265625 0.034375
2 0.1390625 0.27578125 0.025 0.0328125
2 0.12265625 0.2671875 0.021875 0.0328125
2 0.11640625 0.29765625 0.025 0.0359375
2 0.10390625 0.34375 0.0265625 0.0359375
2 0.0875 0.359375 0.021875 0.0375
2 0.06796875 0.35390625 0.028125 0.0375
2 0.0828125 0.3296875 0.025 0.0328125
2 0.09921875 0.31484375 0.0234375 0.028125
2 0.08359375 0.30234375 0.025 0.034375
2 0.06328125 0.321875 0.025 0.0375
2 0.10546875 0.27890625 0.021875 0.034375
2 0.1015625 0.24921875 0.0296875 0.0375
2 0.0859375 0.2734375 0.025 0.0359375
2 0.06171875 0.2859375 0.025 0.040625
2 0.04375 0.30234375 0.0234375 0.0390625
2 0.0484375 0.27265625 0.0265625 0.0359375
2 0.028125 0.25390625 0.0234375 0.0390625
2 0.06640625 0.259375 0.021875 0.0390625
2 0.04921875 0.24375 0.028125 0.034375
2 0.03359375 0.2265625 0.025 0.040625
2 0.07734375 0.23359375 0.0234375 0.0359375
2 0.0609375 0.21796875 0.0234375 0.04375
2 0.0421875 0.19765625 0.025 0.0359375