0 0.54921875 0.63984375 0.0421875 0.028125
0 0.565625 0.60625 0.0390625 0.0296875
0 0.60859375 0.61796875 0.0421875 0.03125
0 0.5828125 0.63515625 0.040625 0.0328125
0 0.5640625 0.665625 0.040625 0.0328125
0 0.59765625 0.66171875 0.040625 0.0328125
0 0.62421875 0.64609375 0.040625 0.034375
0 0.65625 0.6296875 0.04375 0.03125
0 0.71171875 0.64609375 0.0375 0.03125
0 0.746875 0.659375 0.04375 0.034375
0 0.7765625 0.6421875 0.0484375 0.034375
0 0.790625 0.66328125 0.046875 0.0359375
0 0.73984375 0.6890625 0.046875 0.0328125
2 0.25703125 0.64609375 0.04375 0.03125
2 0.28515625 0.6296875 0.04375 0.0359375
2 0.31015625 0.64765625 0.0390625 0.0265625
2 0.27734375 0.66640625 0.0453125 0.0296875
2 0.29765625 0.6890625 0.04375 0.034375
2 0.32734375 0.671875 0.04375 0.03125
2 0.32890625 0.625 0.04375 0.034375
2 0.35 0.6015625 0.0421875 0.0328125
2 0.38828125 0.59765625 0.040625 0.0296875
2 0.3703125 0.62265625 0.0375 0.0328125
2 0.34609375 0.64609375 0.040625 0.03125
2 0.37734375 0.65625 0.040625 0.0328125
2 0.3546875 0.6828125 0.040625 0.03125
2 0.33046875 0.703125 0.0453125 0.034375
2 0.3640625 0.71015625 0.040625 0.0328125
2 0.3375 0.7328125 0.0484375 0.034375
2 0.35625 0.75546875 0.0390625 0.0328125
2 0.38046875 0.7328125 0.0375 0.0328125
2 0.3890625 0.6875 0.0375 0.0359375
2 0.4015625 0.61953125 0.046875 0.0296875
2 0.40859375 0.64921875 0.040625 0.034375
2 0.4171875 0.675 0.0421875 0.03125
2 0.39921875 0.71015625 0.040625 0.0296875
2 0.4140625 0.7375 0.046875 0.03125
2 0.3921875 0.7609375 0.046875 0.0328125
2 0.43359375 0.76328125 0.040625 0.0390625
2 0.446875 0.73046875 0.0375 0.03125
2 0.434375 0.70234375 0.0375 0.0328125
2 0.453125 0.6796875 0.0375 0.03125
2 0.44296875 0.65546875 0.0390625 0.0359375
2 0.434375 0.628125 0.0390625 0.034375
2 0.42734375 0.60234375 0.040625 0.0328125
2 0.4140625 0.57890625 0.0375 0.028125
2 0.44921875 0.57734375 0.0375 0.0328125
2 0.8 0.59453125 0.034375 0.0328125
2 0.503125 0.5609375 0.0359375 0.0265625
2 0.61640625 0.76640625 0.040625 0.028125
2 0.46640625 0.70703125 0.0375 0.028125
2 0.596875 0.73984375 0.0390625 0.028125
2 0.7453125 0.56328125 0.040625 0.0265625
2 0.7859375 0.5671875 0.040625 0.0265625
2 0.48125 0.784375 0.040625 0.03125
2 0.48046875 0.6578125 0.0421875 0.0296875
2 0.73515625 0.778125 0.040625 0.03125
2 0.52109375 0.61171875 0.0375 0.028125
2 0.59375 0.78671875 0.040625 0.028125
2 0.83046875 0.6890625 0.040625 0.028125
2 0.8265625 0.5734375 0.0375 0.028125
2 0.4671875 0.7578125 0.0375 0.028125
2 0.6921875 0.77109375 0.040625 0.03125
2 0.74921875 0.7359375 0.0390625 0.0296875
2 0.7 0.7265625 0.040625 0.03125
2 0.6796875 0.58125 0.040625 0.028125
2 0.5765625 0.70859375 0.0375 0.028125
2 0.6546875 0.71484375 0.0390625 0.028125
2 0.66484375 0.6765625 0.040625 0.028125
2 0.7828125 0.7328125 0.0390625 0.0296875
2 0.7390625 0.61328125 0.04375 0.028125
2 0.4640625 0.6296875 0.0375 0.025
2 0.61640625 0.71796875 0.0421875 0.03125
2 0.56875 0.565625 0.0390625 0.0265625
2 0.5734375 0.81328125 0.0390625 0.028125
2 0.5078125 0.70859375 0.0453125 0.0296875
2 0.48125 0.5796875 0.034375 0.025
2 0.78203125 0.79609375 0.040625 0.03125
2 0.821875 0.73671875 0.040625 0.028125
2 0.82109375 0.796875 0.040625 0.03125
2 0.5171875 0.7859375 0.0390625 0.0296875
2 0.509375 0.6609375 0.0375 0.0265625
2 0.84609375 0.7640625 0.0375 0.028125
2 0.68671875 0.70078125 0.040625 0.028125
2 0.80625 0.7671875 0.040625 0.028125
2 0.51796875 0.73359375 0.04375 0.0265625
2 0.53828125 0.7609375 0.04375 0.03125
2 0.765625 0.70703125 0.0421875 0.028125
2 0.671875 0.5546875 0.040625 0.025
2 0.60078125 0.55625 0.040625 0.028125
2 0.76796875 0.76484375 0.040625 0.028125
2 0.8828125 0.64296875 0.0375 0.028125
2 0.80625 0.70859375 0.040625 0.028125
2 0.65390625 0.76875 0.0390625 0.028125
2 0.53203125 0.5640625 0.0375 0.025
2 0.7078125 0.5625 0.0375 0.025
2 0.8875 0.6 0.0390625 0.028125
2 0.53515625 0.81015625 0.0328125 0.025
2 0.6296875 0.53984375 0.034375 0.025
2 0.8359375 0.64375 0.05 0.0359375
2 0.84921875 0.59296875 0.0390625 0.03125
2 0.825 0.6125 0.0375 0.0296875
2 0.8625 0.61796875 0.04375 0.03125
2 0.85234375 0.66171875 0.04375 0.034375
2 0.76484375 0.59296875 0.046875 0.03125
2 0.721875 0.5859375 0.046875 0.03125
2 0.7 0.6109375 0.046875 0.03125
2 0.640625 0.56484375 0.046875 0.03125
2 0.6484375 0.5921875 0.04375 0.034375
2 0.61328125 0.58046875 0.0421875 0.028125
2 0.51015625 0.58828125 0.0375 0.025
2 0.45625 0.60390625 0.0375 0.0296875
2 0.490625 0.60703125 0.0375 0.03125
2 0.49765625 0.634375 0.040625 0.0296875
2 0.4890625 0.68203125 0.040625 0.034375
2 0.525 0.6828125 0.040625 0.03125
2 0.54609375 0.70703125 0.0375 0.03125
2 0.55859375 0.73046875 0.04375 0.03125
2 0.57734375 0.7578125 0.0453125 0.034375
2 0.5546875 0.78359375 0.046875 0.0296875
2 0.6328125 0.74375 0.04375 0.0359375
2 0.67578125 0.74140625 0.040625 0.0328125
2 0.7171875 0.74921875 0.0453125 0.0296875
2 0.6390625 0.69453125 0.046875 0.0359375
2 0.59921875 0.690625 0.0359375 0.025
2 0.69375 0.66015625 0.040625 0.0296875
2 0.709375 0.684375 0.040625 0.034375