2 0.59296875 0.4234375 0.028125 0.01875
2 0.609375 0.4359375 0.021875 0.0171875
2 0.6296875 0.43671875 0.021875 0.0171875
2 0.6546875 0.43984375 0.028125 0.0171875
2 0.6546875 0.45703125 0.025 0.021875
2 0.58984375 0.4421875 0.0234375 0.01875
2 0.5703125 0.43125 0.0234375 0.015625
2 0.55078125 0.4375 0.0171875 0.015625
0 0.57421875 0.475 0.025 0.015625
2 0.5453125 0.453125 0.021875 0.0171875
2 0.5234375 0.45234375 0.025 0.01875
2 0.51953125 0.46953125 0.028125 0.01875
2 0.53984375 0.46796875 0.025 0.015625
2 0.534375 0.48203125 0.0265625 0.0171875
2 0.5203125 0.49765625 0.021875 0.0171875
2 0.53671875 0.51015625 0.025 0.0203125
2 0.515625 0.51796875 0.025 0.01875
2 0.515625 0.53671875 0.028125 0.01875
2 0.515625 0.5546875 0.025 0.0171875
2 0.51953125 0.5703125 0.025 0.0171875
2 0.51796875 0.58671875 0.03125 0.01875
2 0.5390625 0.59609375 0.025 0.0171875
2 0.5453125 0.6125 0.0234375 0.0140625
2 0.55234375 0.628125 0.028125 0.01875
2 0.55859375 0.64375 0.0265625 0.0171875
2 0.5828125 0.64921875 0.0265625 0.01875
2 0.565625 0.66171875 0.0234375 0.01875
2 0.5859375 0.6671875 0.0296875 0.021875
2 0.59375 0.684375 0.0296875 0.01875
2 0.596875 0.70234375 0.028125 0.01875
2 0.61953125 0.71015625 0.025 0.0171875
2 0.5984375 0.71875 0.028125 0.0203125
2 0.61953125 0.728125 0.028125 0.021875
2 0.6 0.7390625 0.028125 0.01875
2 0.6234375 0.74453125 0.0265625 0.01875
2 0.64453125 0.7328125 0.028125 0.0203125
2 0.67265625 0.73828125 0.0328125 0.0234375
2 0.68984375 0.72578125 0.025 0.01875
2 0.71640625 0.7328125 0.0296875 0.021875
2 0.7359375 0.7203125 0.03125 0.01875
2 0.7328125 0.7046875 0.028125 0.01875
2 0.740625 0.66171875 0.0296875 0.0234375
2 0.71875 0.67265625 0.021875 0.021875
2 0.7296875 0.6859375 0.0265625 0.021875
2 0.7125 0.71328125 0.0265625 0.015625
2 0.71328125 0.65546875 0.025 0.0203125
2 0.71328125 0.6375 0.03125 0.021875
2 0.715625 0.6203125 0.025 0.021875
2 0.690625 0.61015625 0.028125 0.01875
2 0.678125 0.59375 0.028125 0.01875
2 0.67265625 0.5796875 0.025 0.01875
2 0.6546875 0.5875 0.025 0.021875
2 0.67265625 0.5625 0.028125 0.01875
2 0.65 0.57265625 0.021875 0.0203125
2 0.65078125 0.5546875 0.025 0.021875
2 0.6484375 0.53984375 0.0265625 0.0203125
2 0.64921875 0.47109375 0.028125 0.021875
2 0.64921875 0.49375 0.0265625 0.0171875
2 0.65 0.50703125 0.028125 0.01875
2 0.6375 0.5234375 0.01875 0.0171875
2 0.6078125 0.671875 0.025 0.01875
0 0.61875 0.4578125 0.0265625 0.0171875
0 0.59921875 0.46796875 0.0234375 0.0171875
0 0.5671875 0.45703125 0.021875 0.0203125
0 0.559375 0.484375 0.021875 0.01875
0 0.5953125 0.48359375 0.028125 0.015625
0 0.61953125 0.47265625 0.025 0.0171875
0 0.61328125 0.4875 0.025 0.015625
0 0.62109375 0.50390625 0.028125 0.021875
0 0.5984375 0.5015625 0.025 0.015625
0 0.5796875 0.49609375 0.025 0.015625
0 0.60078125 0.51640625 0.025 0.015625
0 0.57578125 0.5109375 0.025 0.01875
0 0.6234375 0.52421875 0.0265625 0.01875
0 0.62578125 0.540625 0.0265625 0.01875
0 0.60390625 0.53359375 0.025 0.021875
0 0.5796875 0.5265625 0.025 0.021875
0 0.559375 0.51953125 0.021875 0.0203125
0 0.55 0.5359375 0.025 0.01875
0 0.56953125 0.54296875 0.025 0.01875
0 0.590625 0.54765625 0.0234375 0.01875
0 0.6125 0.553125 0.028125 0.0171875
0 0.6171875 0.56796875 0.0265625 0.0203125
0 0.5921875 0.56328125 0.0234375 0.01875
0 0.57265625 0.5578125 0.025 0.01875
0 0.5484375 0.55234375 0.021875 0.01875
0 0.5515625 0.56875 0.025 0.01875
0 0.57578125 0.5765625 0.0296875 0.01875
0 0.59765625 0.5796875 0.025 0.01875
0 0.6203125 0.58515625 0.0296875 0.01875
0 0.62421875 0.6015625 0.025 0.0203125
0 0.64765625 0.60390625 0.0234375 0.01875
0 0.60078125 0.596875 0.025 0.01875
0 0.578125 0.5921875 0.0265625 0.01875
0 0.56015625 0.603125 0.025 0.0203125
0 0.58203125 0.6109375 0.0265625 0.01875
0 0.60703125 0.6140625 0.025 0.01875
0 0.62734375 0.6171875 0.028125 0.01875
0 0.6578125 0.61953125 0.03125 0.021875
0 0.67734375 0.6234375 0.028125 0.01875
0 0.6359375 0.63203125 0.025 0.01875
0 0.61328125 0.6296875 0.0234375 0.021875
0 0.5875 0.62578125 0.025 0.01875
0 0.6609375 0.63671875 0.028125 0.01875
0 0.684375 0.6390625 0.025 0.015625
0 0.6703125 0.65234375 0.028125 0.01875
0 0.6421875 0.64765625 0.025 0.0171875
0 0.6203125 0.646875 0.0265625 0.01875
0 0.62890625 0.6640625 0.0265625 0.01875
0 0.653125 0.665625 0.025 0.015625
0 0.69140625 0.65625 0.025 0.01875
0 0.67578125 0.66953125 0.025 0.01875
0 0.7015625 0.6734375 0.0265625 0.01875
0 0.6640625 0.68359375 0.025 0.01875
0 0.640625 0.67890625 0.025 0.01875
0 0.68671875 0.68828125 0.025 0.01875
0 0.70859375 0.69296875 0.025 0.01875
0 0.6921875 0.703125 0.025 0.021875
0 0.66796875 0.7 0.028125 0.01875
0 0.659375 0.71484375 0.0296875 0.021875
0 0.6453125 0.696875 0.0234375 0.0171875
0 0.62265625 0.6921875 0.0265625 0.01875