0 0.59140625 0.45234375 0.0140625 0.01875
0 0.59296875 0.47109375 0.0140625 0.021875
0 0.5859375 0.490625 0.0125 0.01875
0 0.59453125 0.51640625 0.0125 0.01875
0 0.57421875 0.496875 0.015625 0.025
0 0.57734375 0.47578125 0.015625 0.0234375
0 0.5796875 0.45390625 0.0140625 0.01875
0 0.56328125 0.4828125 0.0140625 0.021875
0 0.559375 0.49609375 0.0109375 0.021875
0 0.56328125 0.46015625 0.01875 0.021875
0 0.55 0.46484375 0.0125 0.01875
0 0.54765625 0.48359375 0.0140625 0.028125
0 0.54375 0.503125 0.015625 0.021875
0 0.528125 0.50546875 0.015625 0.021875
0 0.53046875 0.48671875 0.01875 0.021875
0 0.53515625 0.4671875 0.015625 0.025
0 0.515625 0.49296875 0.0171875 0.025
0 0.5203125 0.47265625 0.015625 0.021875
2 0.5046875 0.55859375 0.021875 0.028125
2 0.528125 0.5578125 0.015625 0.0296875
2 0.50390625 0.52265625 0.0171875 0.0234375
2 0.5125 0.5375 0.0171875 0.01875
2 0.5296875 0.534375 0.0140625 0.0203125
2 0.54453125 0.53046875 0.0125 0.0203125
2 0.5578125 0.53203125 0.015625 0.025
2 0.571875 0.52734375 0.015625 0.021875
2 0.58515625 0.52734375 0.0140625 0.021875
2 0.60703125 0.5046875 0.015625 0.01875
2 0.61953125 0.5 0.015625 0.021875
2 0.60859375 0.4859375 0.015625 0.015625
2 0.6234375 0.478125 0.0203125 0.025
2 0.6109375 0.46328125 0.015625 0.025
2 0.62734375 0.459375 0.0203125 0.025
2 0.6171875 0.4421875 0.015625 0.025
2 0.6046875 0.4421875 0.015625 0.01875
2 0.59375 0.42578125 0.015625 0.0234375
2 0.58046875 0.42734375 0.01875 0.021875
2 0.56484375 0.4296875 0.015625 0.021875
2 0.5515625 0.43203125 0.0171875 0.021875
2 0.55625 0.41171875 0.0171875 0.021875
2 0.56953125 0.4078125 0.015625 0.0234375
2 0.5859375 0.40390625 0.015625 0.021875
2 0.6 0.403125 0.01875 0.028125
2 0.609375 0.4203125 0.015625 0.025
2 0.61484375 0.40234375 0.015625 0.0265625
2 0.62421875 0.42109375 0.0140625 0.025
2 0.634375 0.4390625 0.0125 0.01875
2 0.575 0.38671875 0.01875 0.025
2 0.559375 0.39140625 0.0203125 0.025
2 0.5390625 0.4359375 0.01875 0.0265625
2 0.52421875 0.43984375 0.015625 0.025
2 0.51171875 0.42578125 0.0203125 0.021875
2 0.509375 0.446875 0.01875 0.025
2 0.49765625 0.4359375 0.015625 0.025
2 0.503125 0.46796875 0.015625 0.0296875
2 0.4921875 0.453125 0.0125 0.021875
2 0.48828125 0.47109375 0.0125 0.025
2 0.49765625 0.4859375 0.015625 0.0203125
2 0.49375 0.5046875 0.015625 0.025
2 0.5171875 0.5171875 0.015625 0.025