0 0.40390625 0.2671875 0.01875 0.021875
0 0.3921875 0.37109375 0.015625 0.01875
0 0.40078125 0.2859375 0.015625 0.01875
0 0.39296875 0.2546875 0.015625 0.021875
0 0.38359375 0.24375 0.0140625 0.01875
0 0.38046875 0.26015625 0.015625 0.01875
0 0.36953125 0.2671875 0.01875 0.0171875
0 0.37734375 0.27890625 0.0125 0.01875
0 0.3890625 0.271875 0.015625 0.0171875
0 0.3875 0.290625 0.015625 0.01875
0 0.4 0.3 0.015625 0.01875
0 0.3984375 0.3171875 0.015625 0.0203125
0 0.39609375 0.33671875 0.015625 0.01875
0 0.3953125 0.35234375 0.015625 0.021875
0 0.3859375 0.325 0.015625 0.01875
0 0.38671875 0.30625 0.015625 0.021875
0 0.375 0.29765625 0.015625 0.0234375
0 0.365625 0.28671875 0.015625 0.01875
0 0.36484375 0.30234375 0.015625 0.021875
0 0.37578125 0.31484375 0.0171875 0.01875
0 0.36171875 0.31796875 0.01875 0.021875
0 0.359375 0.33828125 0.0171875 0.025
0 0.37265625 0.33203125 0.01875 0.0171875
0 0.3828125 0.3421875 0.015625 0.021875
0 0.3703125 0.3484375 0.01875 0.021875
0 0.38359375 0.35859375 0.01875 0.0203125
0 0.36953125 0.36328125 0.0203125 0.021875
0 0.3796875 0.37578125 0.015625 0.021875
0 0.3734375 0.3921875 0.015625 0.0234375
0 0.36328125 0.38046875 0.0125 0.01875
2 0.43046875 0.2671875 0.015625 0.021875
2 0.41875 0.25390625 0.01875 0.025
2 0.40859375 0.24140625 0.01875 0.0234375
2 0.40078125 0.2265625 0.015625 0.025
2 0.38671875 0.2328125 0.0125 0.01875
2 0.36484375 0.2265625 0.015625 0.021875
2 0.3640625 0.24375 0.0171875 0.0203125
2 0.3484375 0.328125 0.01875 0.0203125
2 0.3453125 0.34609375 0.01875 0.0203125
2 0.3546875 0.36015625 0.015625 0.021875
2 0.34140625 0.36484375 0.01875 0.021875
2 0.3421875 0.38359375 0.01875 0.021875
2 0.33828125 0.39921875 0.0171875 0.0203125
2 0.35078125 0.39609375 0.015625 0.0203125
2 0.36328125 0.4046875 0.0125 0.01875
2 0.35078125 0.41015625 0.015625 0.021875
2 0.33828125 0.4171875 0.01875 0.021875
2 0.34921875 0.42890625 0.015625 0.01875
2 0.33828125 0.4375 0.01875 0.0203125
2 0.34765625 0.45 0.0125 0.021875
2 0.3359375 0.453125 0.01875 0.01875
2 0.33359375 0.46875 0.01875 0.021875
2 0.33046875 0.4875 0.015625 0.0234375
2 0.34375 0.484375 0.015625 0.0171875
2 0.34609375 0.46875 0.015625 0.0234375
2 0.35859375 0.46015625 0.015625 0.021875
2 0.35625 0.47890625 0.0171875 0.021875
2 0.36875 0.471875 0.015625 0.021875
2 0.38046875 0.4609375 0.015625 0.025
2 0.38046875 0.4453125 0.015625 0.0234375
2 0.3703125 0.453125 0.01875 0.025
2 0.359375 0.44296875 0.015625 0.028125
2 0.36875 0.4359375 0.01875 0.0234375
2 0.36015625 0.42109375 0.015625 0.021875
2 0.3734375 0.4171875 0.015625 0.021875
2 0.38359375 0.42890625 0.0140625 0.01875
2 0.38515625 0.41328125 0.015625 0.025
2 0.3875 0.39765625 0.0140625 0.021875
2 0.4015625 0.39296875 0.01875 0.021875
2 0.4 0.40859375 0.01875 0.025
2 0.4140625 0.38671875 0.015625 0.021875
2 0.41484375 0.36953125 0.015625 0.0171875
2 0.41171875 0.32265625 0.01875 0.01875
2 0.4078125 0.33984375 0.015625 0.0203125
2 0.41484375 0.2875 0.015625 0.0234375
2 0.4125 0.30703125 0.01875 0.025
2 0.41640625 0.2703125 0.01875 0.021875