0 0.35078125 0.6609375 0.0234375 0.03125
0 0.3796875 0.696875 0.025 0.0328125
0 0.38359375 0.66875 0.0234375 0.03125
0 0.3703125 0.65234375 0.0234375 0.028125
0 0.35859375 0.63203125 0.0234375 0.034375
0 0.37734375 0.6265625 0.021875 0.034375
0 0.41953125 0.6765625 0.0265625 0.034375
0 0.41015625 0.64765625 0.0234375 0.028125
0 0.39765625 0.62890625 0.0234375 0.03125
0 0.38828125 0.5984375 0.021875 0.0359375
0 0.41640625 0.61953125 0.021875 0.03125
0 0.4046875 0.59296875 0.021875 0.034375
0 0.434375 0.62578125 0.0234375 0.040625
0 0.45390625 0.6234375 0.0234375 0.034375
0 0.44375 0.590625 0.021875 0.028125
0 0.465625 0.6 0.025 0.028125
0 0.4265625 0.5890625 0.021875 0.0328125
0 0.4328125 0.5640625 0.0234375 0.034375
0 0.4125 0.56875 0.0234375 0.03125
0 0.4046875 0.540625 0.021875 0.03125
0 0.38984375 0.51015625 0.025 0.0359375
0 0.425 0.5375 0.028125 0.0375
0 0.446875 0.53828125 0.021875 0.034375
0 0.453125 0.5640625 0.0234375 0.034375
0 0.475 0.57421875 0.028125 0.034375
0 0.49453125 0.5640625 0.021875 0.0359375
0 0.51484375 0.56796875 0.025 0.0328125
0 0.5265625 0.54375 0.025 0.0328125
0 0.50703125 0.53984375 0.021875 0.03125
0 0.4890625 0.5328125 0.021875 0.03125
0 0.471875 0.54921875 0.025 0.034375
0 0.46328125 0.52109375 0.025 0.0296875
0 0.446875 0.496875 0.021875 0.0359375
0 0.46640625 0.48828125 0.0234375 0.03125
0 0.4765625 0.46015625 0.021875 0.034375
0 0.4578125 0.45703125 0.0234375 0.034375
0 0.47578125 0.50546875 0.021875 0.034375
0 0.4984375 0.50703125 0.0234375 0.034375
0 0.48828125 0.47890625 0.025 0.03125
0 0.4984375 0.45703125 0.0265625 0.03125
0 0.509375 0.43203125 0.021875 0.034375
0 0.51640625 0.51484375 0.021875 0.0359375
0 0.509375 0.484375 0.021875 0.0328125
0 0.52734375 0.490625 0.0203125 0.03125
0 0.53515625 0.5125 0.025 0.03125
0 0.54453125 0.53984375 0.0234375 0.034375
0 0.55625 0.51875 0.028125 0.03125
0 0.56953125 0.496875 0.025 0.03125
0 0.5484375 0.49140625 0.0234375 0.0328125
0 0.56171875 0.471875 0.0234375 0.0328125
0 0.57265625 0.44609375 0.021875 0.03125
0 0.553125 0.446875 0.025 0.034375
0 0.53984375 0.4640625 0.021875 0.0296875
0 0.5203125 0.46171875 0.021875 0.03125
0 0.5328125 0.4328125 0.028125 0.0359375
0 0.54375 0.4125 0.025 0.034375
0 0.5640625 0.41796875 0.025 0.0375
0 0.5984375 0.4875 0.028125 0.0359375
2 0.68671875 0.4484375 0.025 0.0296875
2 0.6765625 0.4734375 0.025 0.03125
2 0.6671875 0.4953125 0.028125 0.034375
2 0.66015625 0.5203125 0.0234375 0.028125
2 0.64296875 0.503125 0.0234375 0.0328125
2 0.63671875 0.53203125 0.025 0.03125
2 0.61484375 0.53203125 0.0234375 0.0328125
2 0.62421875 0.5046875 0.0234375 0.03125
2 0.603125 0.55078125 0.028125 0.0359375
2 0.5875 0.5703125 0.0234375 0.034375
2 0.578125 0.54609375 0.021875 0.028125
2 0.59296875 0.5265625 0.0234375 0.0234375
2 0.6046875 0.50546875 0.0203125 0.0234375
2 0.6171875 0.47890625 0.021875 0.03125
2 0.634375 0.48046875 0.0234375 0.028125
2 0.653125 0.48046875 0.028125 0.034375
2 0.640625 0.45703125 0.028125 0.034375
2 0.66328125 0.45546875 0.025 0.03125
2 0.66953125 0.43203125 0.0203125 0.034375
2 0.68359375 0.42109375 0.0234375 0.03125
2 0.67890625 0.3953125 0.025 0.03125
2 0.65234375 0.43203125 0.025 0.034375
2 0.66328125 0.4046875 0.025 0.0328125
2 0.64140625 0.40703125 0.0234375 0.034375
2 0.63203125 0.4265625 0.025 0.0328125
2 0.6203125 0.45546875 0.01875 0.034375
2 0.6 0.459375 0.021875 0.028125
2 0.6078125 0.4328125 0.0234375 0.034375
2 0.590625 0.434375 0.028125 0.034375
2 0.60078125 0.40859375 0.025 0.0328125
2 0.6203125 0.409375 0.021875 0.0328125
2 0.62890625 0.38828125 0.0296875 0.034375
2 0.6515625 0.38125 0.03125 0.0296875
2 0.63671875 0.36015625 0.025 0.034375
2 0.61640625 0.35546875 0.021875 0.03125
2 0.60625 0.38203125 0.0234375 0.03125
2 0.59765625 0.353125 0.028125 0.034375
2 0.58828125 0.38046875 0.0234375 0.0375
2 0.57421875 0.35625 0.028125 0.040625
2 0.5671875 0.384375 0.028125 0.034375
2 0.56875 0.56953125 0.025 0.0375
2 0.5609375 0.59453125 0.025 0.0328125
2 0.55078125 0.57265625 0.0265625 0.03125
2 0.54921875 0.3703125 0.028125 0.034375
2 0.528125 0.37421875 0.025 0.03125
2 0.51953125 0.39765625 0.025 0.0359375
2 0.50703125 0.3765625 0.025 0.034375
2 0.490625 0.3890625 0.028125 0.034375
2 0.50703125 0.4125 0.025 0.034375
2 0.53828125 0.5984375 0.0265625 0.03125
2 0.52421875 0.615625 0.025 0.034375
2 0.50390625 0.60859375 0.025 0.0328125
2 0.48515625 0.61796875 0.025 0.034375
2 0.49140625 0.5890625 0.025 0.03125
2 0.44296875 0.665625 0.025 0.0375
2 0.43203125 0.70234375 0.03125 0.0390625
2 0.42421875 0.7234375 0.025 0.0328125
2 0.41328125 0.75234375 0.028125 0.0390625
2 0.39765625 0.76875 0.028125 0.034375
2 0.38203125 0.7484375 0.025 0.0375
2 0.3984375 0.725 0.028125 0.03125
2 0.4109375 0.70078125 0.025 0.0359375
2 0.37890625 0.7203125 0.025 0.03125
2 0.36171875 0.7421875 0.025 0.034375
2 0.35859375 0.71484375 0.028125 0.034375
2 0.353125 0.690625 0.028125 0.034375
2 0.34296875 0.73359375 0.0265625 0.034375
2 0.3375 0.7125 0.025 0.034375
2 0.3203125 0.72890625 0.025 0.0359375
2 0.31328125 0.7046875 0.025 0.034375
2 0.33046875 0.68671875 0.028125 0.034375
2 0.31953125 0.66484375 0.0265625 0.034375
2 0.33203125 0.64375 0.025 0.034375
2 0.34453125 0.62265625 0.0234375 0.034375
2 0.3546875 0.596875 0.0265625 0.034375
2 0.3640625 0.57109375 0.025 0.0375
2 0.384375 0.5671875 0.028125 0.034375
2 0.371875 0.5484375 0.028125 0.034375
2 0.36015625 0.52578125 0.03125 0.034375
2 0.36796875 0.49453125 0.0234375 0.0296875
2 0.353125 0.4734375 0.0265625 0.0390625
2 0.37421875 0.46875 0.028125 0.028125
2 0.359375 0.44765625 0.025 0.028125
2 0.36875 0.4265625 0.0265625 0.0328125
2 0.384375 0.446875 0.0234375 0.034375
2 0.39765625 0.46796875 0.028125 0.0390625
2 0.40859375 0.48984375 0.025 0.0375
2 0.42265625 0.50546875 0.0265625 0.03125
2 0.41953125 0.46640625 0.028125 0.0390625
2 0.43515625 0.4875 0.028125 0.0375
2 0.43515625 0.45 0.028125 0.03125
2 0.43671875 0.421875 0.021875 0.034375
2 0.4546875 0.415625 0.0234375 0.034375
2 0.48671875 0.42109375 0.0234375 0.03125
2 0.47265625 0.403125 0.028125 0.034375
2 0.45 0.39140625 0.0296875 0.0375
2 0.428125 0.39296875 0.0265625 0.0375
2 0.41875 0.41875 0.025 0.034375
2 0.40859375 0.446875 0.028125 0.0328125
2 0.39609375 0.41875 0.025 0.0359375
2 0.4046875 0.3984375 0.028125 0.03125
2 0.37890625 0.40390625 0.025 0.0328125
2 0.31171875 0.63828125 0.025 0.0296875
2 0.309375 0.61015625 0.021875 0.034375
2 0.29296875 0.69921875 0.025 0.034375
2 0.296875 0.67109375 0.028125 0.0328125
2 0.2921875 0.6421875 0.028125 0.040625
2 0.28828125 0.609375 0.0265625 0.0375
2 0.2859375 0.73046875 0.0296875 0.0359375
2 0.27265625 0.71015625 0.0234375 0.034375
2 0.27578125 0.68125 0.025 0.0375
2 0.2734375 0.65234375 0.025 0.0375
2 0.28125 0.76015625 0.028125 0.0375
2 0.2609375 0.740625 0.0296875 0.0375
2 0.25078125 0.71640625 0.0265625 0.040625
2 0.25390625 0.68828125 0.0328125 0.0390625
2 0.2515625 0.65546875 0.034375 0.040625
2 0.2578125 0.63046875 0.028125 0.034375
2 0.25625 0.77421875 0.028125 0.0359375
2 0.21640625 0.75859375 0.0234375 0.0390625
2 0.2390625 0.75625 0.021875 0.0328125
2 0.23515625 0.73046875 0.0265625 0.0359375
2 0.24375 0.8015625 0.025 0.0359375
2 0.22421875 0.784375 0.028125 0.034375
2 0.22109375 0.81328125 0.03125 0.0390625
2 0.2046875 0.79921875 0.028125 0.0375