2 0.23828125 0.67265625 0.01640625 0.03046875
2 0.2515625 0.6625 0.01484375 0.01796875
2 0.26484375 0.66875 0.0171875 0.01953125
2 0.25234375 0.6828125 0.0125 0.01953125
2 0.25546875 0.703125 0.01484375 0.01796875
2 0.2640625 0.68671875 0.015625 0.02265625
2 0.278125 0.6953125 0.01171875 0.01796875
2 0.27734375 0.675 0.0125 0.0203125
2 0.28984375 0.6859375 0.015625 0.0234375
2 0.2671875 0.70859375 0.015625 0.01953125
2 0.278125 0.71640625 0.01640625 0.0234375
2 0.2921875 0.70546875 0.0140625 0.01953125
2 0.2875 0.734375 0.0140625 0.01953125
2 0.29296875 0.72578125 0.0140625 0.02109375
2 0.2609375 0.753125 0.01796875 0.02109375
2 0.2703125 0.7734375 0.01484375 0.02265625
2 0.27578125 0.75078125 0.0125 0.01796875
2 0.2859375 0.7578125 0.0109375 0.0171875
2 0.275 0.80546875 0.01640625 0.0265625
2 0.29140625 0.803125 0.01484375 0.021875
2 0.303125 0.79765625 0.01328125 0.01875
2 0.28125 0.78359375 0.01328125 0.01796875
2 0.29375 0.77421875 0.01640625 0.0234375
2 0.29765625 0.753125 0.01484375 0.01640625
2 0.55546875 0.5453125 0.0171875 0.0234375
2 0.54921875 0.56171875 0.0171875 0.0234375
2 0.5453125 0.5828125 0.01484375 0.0265625