2 0.4234375 0.60078125 0.05 0.034375
2 0.53046875 0.5609375 0.04375 0.034375
2 0.578125 0.49609375 0.04375 0.034375
2 0.565625 0.46953125 0.0421875 0.03125
2 0.48203125 0.3984375 0.04375 0.0359375
2 0.47578125 0.36796875 0.04375 0.0359375
2 0.4421875 0.38984375 0.0375 0.03125
2 0.41328125 0.415625 0.053125 0.034375
2 0.453125 0.4234375 0.034375 0.0296875
2 0.4140625 0.44375 0.040625 0.03125
2 0.39453125 0.49296875 0.04375 0.0375
2 0.41015625 0.52421875 0.046875 0.0359375
0 0.50703125 0.5109375 0.04375 0.0359375
0 0.51953125 0.4671875 0.040625 0.028125
0 0.48125 0.453125 0.040625 0.0265625
0 0.4625 0.48515625 0.0375 0.028125
2 0.4328125 0.47734375 0.0421875 0.03125
2 0.48359375 0.5375 0.04375 0.034375
2 0.5296875 0.5234375 0.040625 0.028125
2 0.50078125 0.4375 0.040625 0.0375
2 0.44609375 0.50703125 0.040625 0.03125