0 0.909375 0.746875 0.0453125 0.0328125
0 0.86796875 0.7484375 0.040625 0.03125
0 0.853125 0.7203125 0.0421875 0.0375
0 0.82890625 0.7453125 0.04375 0.0328125
0 0.85625 0.77578125 0.0453125 0.03125
0 0.815625 0.775 0.040625 0.03125
0 0.85390625 0.80703125 0.04375 0.0328125
0 0.81640625 0.80703125 0.0421875 0.0296875
0 0.8390625 0.8328125 0.046875 0.03125
0 0.80234375 0.83125 0.046875 0.0328125
0 0.83046875 0.86015625 0.046875 0.0328125
0 0.79375 0.8609375 0.046875 0.034375
0 0.75234375 0.85546875 0.046875 0.034375
0 0.76484375 0.828125 0.04375 0.0359375
0 0.78046875 0.8015625 0.046875 0.034375
0 0.78203125 0.77109375 0.04375 0.034375
0 0.79296875 0.740625 0.04375 0.0375
0 0.81171875 0.71484375 0.04375 0.034375
0 0.79921875 0.68671875 0.046875 0.0359375
0 0.77578125 0.7125 0.0390625 0.034375
0 0.7546875 0.684375 0.046875 0.034375
0 0.73515625 0.65703125 0.0453125 0.03125
0 0.75703125 0.7390625 0.0421875 0.03125
0 0.73828125 0.76953125 0.04375 0.034375
0 0.7421875 0.79375 0.0484375 0.03125
0 0.7265625 0.8203125 0.0453125 0.034375
0 0.71640625 0.84921875 0.0484375 0.0359375
0 0.6796875 0.8375 0.04375 0.034375
0 0.69296875 0.8125 0.046875 0.034375
0 0.71015625 0.7890625 0.0390625 0.028125
0 0.70546875 0.7625 0.0453125 0.034375
0 0.72109375 0.7359375 0.05 0.03125
0 0.740625 0.70859375 0.046875 0.0359375
0 0.71796875 0.68671875 0.046875 0.040625
0 0.71796875 0.6296875 0.046875 0.0359375
0 0.70078125 0.65390625 0.040625 0.03125
0 0.678125 0.68671875 0.0453125 0.0359375
0 0.6890625 0.60234375 0.0484375 0.0328125
0 0.67578125 0.63203125 0.040625 0.034375
0 0.64375 0.62109375 0.046875 0.03125
0 0.6296875 0.65 0.0484375 0.0375
0 0.65859375 0.66328125 0.0484375 0.034375
0 0.6375 0.68984375 0.046875 0.0375
0 0.6609375 0.71484375 0.05 0.03125
0 0.70078125 0.7140625 0.05 0.034375
0 0.6796875 0.74140625 0.046875 0.034375
0 0.6640625 0.771875 0.046875 0.034375
0 0.63203125 0.7671875 0.0484375 0.0375
0 0.63828125 0.73828125 0.0515625 0.034375
0 0.65390625 0.803125 0.046875 0.0375
0 0.6234375 0.7984375 0.0484375 0.0375
0 0.6421875 0.83515625 0.046875 0.040625
0 0.5984375 0.8328125 0.046875 0.0390625
0 0.58984375 0.86796875 0.046875 0.0375
0 0.62265625 0.8828125 0.046875 0.0359375
0 0.58359375 0.79375 0.04375 0.0359375
0 0.59140625 0.76796875 0.04375 0.0375
0 0.6015625 0.73671875 0.046875 0.0359375
0 0.6046875 0.68125 0.0453125 0.0421875
0 0.58046875 0.65625 0.040625 0.0359375
0 0.54453125 0.65625 0.05 0.0359375
0 0.56484375 0.68984375 0.04375 0.040625
0 0.53203125 0.68046875 0.046875 0.03125
0 0.43359375 0.628125 0.040625 0.0359375
0 0.5703125 0.7171875 0.046875 0.040625
0 0.5359375 0.70625 0.046875 0.0390625
0 0.49765625 0.70625 0.0421875 0.0359375
0 0.46640625 0.6890625 0.053125 0.040625
0 0.42421875 0.6875 0.046875 0.03125
0 0.5609375 0.74453125 0.0421875 0.0375
0 0.52421875 0.73671875 0.046875 0.03125
0 0.4859375 0.73046875 0.046875 0.0375
0 0.45 0.72578125 0.053125 0.0359375
0 0.553125 0.76953125 0.05 0.0375
0 0.521875 0.7625 0.0515625 0.034375
0 0.478125 0.7609375 0.05 0.03125
0 0.44296875 0.75390625 0.046875 0.03125
0 0.4203125 0.778125 0.0453125 0.0390625
0 0.39375 0.75625 0.05 0.0390625
0 0.45703125 0.78203125 0.0515625 0.0375
0 0.4953125 0.7875 0.05 0.03125
0 0.54140625 0.79375 0.05 0.034375
0 0.5640625 0.8171875 0.046875 0.03125
0 0.55390625 0.846875 0.0453125 0.0390625
0 0.52734375 0.8265625 0.0484375 0.034375
0 0.49296875 0.815625 0.046875 0.034375
0 0.45 0.8078125 0.05 0.0390625
0 0.45 0.83671875 0.0484375 0.0375
0 0.48359375 0.84453125 0.05 0.040625
0 0.5203125 0.8578125 0.046875 0.03125
0 0.5515625 0.87890625 0.05 0.034375
0 0.553125 0.909375 0.046875 0.0328125
0 0.51875 0.8984375 0.05 0.034375
0 0.48515625 0.915625 0.0375 0.028125
0 0.453125 0.909375 0.046875 0.0375
0 0.471875 0.52734375 0.04375 0.0375
2 0.571875 0.48125 0.046875 0.0375
2 0.60078125 0.52421875 0.0421875 0.034375
2 0.56640625 0.51640625 0.0421875 0.034375
2 0.53671875 0.49453125 0.04375 0.0375
2 0.50234375 0.49765625 0.0375 0.0296875
2 0.53125 0.5234375 0.040625 0.0328125
2 0.48515625 0.55078125 0.040625 0.03125
2 0.43984375 0.49765625 0.040625 0.03125
2 0.49921875 0.521875 0.0375 0.03125
2 0.55390625 0.5453125 0.0375 0.03125
2 0.5203125 0.54921875 0.04375 0.0296875
2 0.58671875 0.553125 0.040625 0.03125
2 0.61640625 0.5671875 0.040625 0.034375
2 0.57578125 0.58359375 0.046875 0.034375
2 0.54453125 0.57109375 0.04375 0.0375
2 0.5046875 0.57578125 0.040625 0.03125
2 0.46953125 0.57109375 0.040625 0.0328125
2 0.4375 0.56328125 0.0421875 0.03125
2 0.4171875 0.54296875 0.040625 0.034375
2 0.4046875 0.51484375 0.04375 0.034375
2 0.3828125 0.540625 0.04375 0.03125
2 0.4015625 0.56484375 0.0375 0.03125
2 0.3640625 0.56328125 0.040625 0.0328125
2 0.45078125 0.5984375 0.0421875 0.034375
2 0.41484375 0.5890625 0.040625 0.03125
2 0.378125 0.58828125 0.04375 0.034375
2 0.340625 0.5875 0.0453125 0.034375
2 0.35625 0.6140625 0.0421875 0.0375
2 0.39921875 0.6140625 0.04375 0.03125
2 0.48828125 0.60390625 0.0453125 0.0328125
2 0.52734375 0.59921875 0.046875 0.034375
2 0.56015625 0.60859375 0.034375 0.028125
2 0.5171875 0.6296875 0.046875 0.034375
2 0.4703125 0.6296875 0.04375 0.034375
2 0.490625 0.653125 0.04375 0.034375
2 0.44140625 0.653125 0.04375 0.034375
2 0.4 0.66640625 0.04375 0.03125
2 0.40390625 0.63828125 0.040625 0.034375
2 0.60625 0.59765625 0.040625 0.034375
2 0.5890625 0.6265625 0.04375 0.0375
2 0.64921875 0.57734375 0.0421875 0.034375
2 0.72109375 0.57890625 0.0453125 0.034375
2 0.75078125 0.59453125 0.0484375 0.034375
2 0.775 0.61640625 0.046875 0.0375
2 0.76328125 0.64609375 0.0421875 0.0375
2 0.8015625 0.64140625 0.053125 0.0375
2 0.81796875 0.66796875 0.0453125 0.034375
2 0.859375 0.6671875 0.046875 0.034375
2 0.84296875 0.69375 0.0421875 0.03125
2 0.890625 0.67890625 0.05 0.034375
2 0.8765625 0.70859375 0.040625 0.034375
2 0.9875 0.703125 0.025 0.034375
2 0.95625 0.70625 0.046875 0.0375
2 0.91484375 0.70703125 0.04375 0.034375
2 0.978125 0.73125 0.04375 0.034375
2 0.93828125 0.73515625 0.0390625 0.034375
2 0.96484375 0.75859375 0.05 0.034375
2 0.9234375 0.765625 0.04375 0.0296875
2 0.95 0.7890625 0.05 0.0328125
2 0.90390625 0.7875 0.05 0.034375
2 0.921875 0.81328125 0.05 0.034375
2 0.884375 0.81953125 0.0359375 0.025
2 0.95625 0.8328125 0.05625 0.0375
2 0.92890625 0.8609375 0.0484375 0.0390625
2 0.89375 0.84296875 0.046875 0.040625
2 0.896875 0.87890625 0.04375 0.040625
2 0.85703125 0.871875 0.046875 0.034375
2 0.8671875 0.90078125 0.04375 0.034375
2 0.82890625 0.9015625 0.046875 0.034375
2 0.790625 0.8984375 0.053125 0.0375
2 0.74765625 0.90078125 0.0421875 0.034375
2 0.7171875 0.8796875 0.04375 0.034375
2 0.70703125 0.9078125 0.05 0.0328125
2 0.6765625 0.88515625 0.040625 0.034375
2 0.6484375 0.86484375 0.0390625 0.0296875
2 0.6203125 0.93671875 0.046875 0.0375
2 0.5796875 0.93984375 0.04375 0.040625
2 0.60078125 0.90703125 0.040625 0.034375
2 0.540625 0.94375 0.0453125 0.034375
2 0.50078125 0.94609375 0.040625 0.0375
2 0.4625 0.94921875 0.04375 0.034375
2 0.4234375 0.94453125 0.04375 0.034375
2 0.39375 0.93046875 0.04375 0.0328125
2 0.40078125 0.90078125 0.04375 0.0328125
2 0.3625 0.909375 0.0421875 0.034375
2 0.32734375 0.89609375 0.05 0.034375
2 0.3671875 0.8796875 0.046875 0.034375
2 0.396875 0.86171875 0.04375 0.0375
2 0.42109375 0.8765625 0.046875 0.034375
2 0.4578125 0.8890625 0.04375 0.03125
2 0.36015625 0.84765625 0.046875 0.0328125
2 0.384375 0.82734375 0.046875 0.034375
2 0.415625 0.83359375 0.0375 0.0296875
2 0.4171875 0.80546875 0.04375 0.03125
2 0.378125 0.796875 0.0390625 0.03125
2 0.34609375 0.81640625 0.0453125 0.034375
2 0.3375 0.790625 0.046875 0.034375
2 0.33203125 0.76484375 0.04375 0.028125
2 0.3234375 0.7390625 0.0421875 0.0328125
2 0.3640625 0.7421875 0.040625 0.028125
2 0.39765625 0.7265625 0.0421875 0.0296875
2 0.42265625 0.7109375 0.046875 0.028125
2 0.3890625 0.70078125 0.040625 0.0328125
2 0.35625 0.71796875 0.04375 0.0328125