0 0.70703125 0.70078125 0.025 0.034375
0 0.70546875 0.65 0.0234375 0.034375
0 0.721875 0.6765625 0.03125 0.040625
0 0.734375 0.70546875 0.03125 0.0390625
0 0.74375 0.66328125 0.028125 0.0421875
0 0.72734375 0.634375 0.028125 0.040625
0 0.76640625 0.640625 0.03125 0.0421875
0 0.778125 0.66796875 0.03125 0.04375
0 0.79765625 0.69296875 0.03125 0.04375
0 0.81640625 0.67421875 0.028125 0.040625
0 0.8 0.64921875 0.0265625 0.0375
0 0.78828125 0.6171875 0.028125 0.040625
2 0.7328125 0.7515625 0.03125 0.0453125
2 0.7578125 0.7390625 0.034375 0.040625
2 0.76796875 0.7046875 0.028125 0.04375
2 0.7953125 0.75859375 0.0328125 0.046875
2 0.79296875 0.725 0.0328125 0.034375
2 0.83828125 0.71640625 0.034375 0.040625
2 0.8390625 0.68125 0.028125 0.0421875
2 0.83125 0.64296875 0.0328125 0.04375
2 0.8078125 0.578125 0.028125 0.0484375
2 0.81171875 0.6125 0.03125 0.04375
2 0.78515625 0.58125 0.0296875 0.04375
2 0.77578125 0.5453125 0.03125 0.0453125
2 0.74921875 0.553125 0.034375 0.0375
2 0.7578125 0.58125 0.03125 0.04375
2 0.73125 0.60390625 0.028125 0.0375
2 0.76015625 0.61875 0.0328125 0.0375
2 0.7078125 0.728125 0.0328125 0.040625