2 0.64296875 0.515625 0.03125 0.0234375
2 0.70859375 0.5203125 0.0375 0.025
2 0.7328125 0.5296875 0.03125 0.025
2 0.7625 0.52578125 0.0375 0.028125
2 0.78671875 0.54140625 0.0359375 0.021875
2 0.8171875 0.54453125 0.03125 0.021875
2 0.89765625 0.58515625 0.040625 0.025
2 0.91640625 0.6078125 0.0359375 0.025
2 0.925 0.63046875 0.0375 0.0234375
2 0.9328125 0.65859375 0.04375 0.028125
2 0.89375 0.67734375 0.0359375 0.0265625
2 0.8875 0.70078125 0.03125 0.0265625
2 0.8625 0.690625 0.034375 0.0203125
2 0.859375 0.71328125 0.0359375 0.025
2 0.83671875 0.73359375 0.0328125 0.0296875
2 0.80859375 0.7234375 0.034375 0.025
2 0.78828125 0.740625 0.03125 0.025
2 0.77265625 0.72109375 0.0328125 0.01875
2 0.75625 0.74296875 0.0375 0.028125
2 0.71015625 0.721875 0.0375 0.025
2 0.68203125 0.721875 0.0265625 0.0234375
2 0.65234375 0.73046875 0.0328125 0.0234375
2 0.6265625 0.72734375 0.0375 0.0265625
2 0.6 0.71640625 0.0328125 0.0203125
2 0.5765625 0.7265625 0.0359375 0.025
2 0.5640625 0.71015625 0.0375 0.0203125
2 0.54375 0.72734375 0.034375 0.028125
2 0.5140625 0.71953125 0.040625 0.0265625
2 0.50234375 0.6984375 0.0328125 0.021875
2 0.48359375 0.71640625 0.034375 0.025
2 0.46640625 0.6984375 0.03125 0.021875
2 0.43671875 0.69609375 0.0359375 0.025
2 0.4109375 0.70078125 0.034375 0.025
2 0.3796875 0.7 0.034375 0.025
2 0.365625 0.675 0.03125 0.025
2 0.34453125 0.69296875 0.0375 0.028125
2 0.3171875 0.690625 0.03125 0.028125
2 0.30703125 0.6703125 0.03125 0.025
2 0.284375 0.68828125 0.0375 0.0296875
2 0.27265625 0.66640625 0.0328125 0.025
2 0.24453125 0.68515625 0.034375 0.0234375
2 0.23671875 0.66328125 0.03125 0.021875
2 0.2046875 0.66328125 0.0421875 0.028125
2 0.225 0.6453125 0.0328125 0.025
2 0.215625 0.625 0.0375 0.025
2 0.20546875 0.6046875 0.0375 0.025
2 0.22890625 0.5859375 0.034375 0.025
2 0.24921875 0.56953125 0.028125 0.01875
2 0.265625 0.55078125 0.034375 0.025
2 0.2375 0.54765625 0.03125 0.0265625
2 0.25546875 0.528125 0.0328125 0.028125
2 0.22734375 0.52265625 0.0375 0.0296875
2 0.28203125 0.5265625 0.0328125 0.025
2 0.31640625 0.528125 0.0375 0.025
2 0.29140625 0.5515625 0.03125 0.025
2 0.32265625 0.55390625 0.03125 0.0203125
2 0.33984375 0.534375 0.034375 0.025
2 0.365625 0.53671875 0.034375 0.025
2 0.396875 0.5375 0.03125 0.025
2 0.421875 0.53671875 0.034375 0.0234375
2 0.44609375 0.52734375 0.0328125 0.028125
2 0.47734375 0.5265625 0.03125 0.025
2 0.50390625 0.51875 0.0359375 0.025
2 0.534375 0.51875 0.03125 0.025
2 0.5828125 0.51796875 0.03125 0.028125
2 0.6140625 0.51875 0.03125 0.0234375
2 0.68125 0.5234375 0.03125 0.028125
2 0.653125 0.5359375 0.03125 0.0234375
2 0.54453125 0.53828125 0.0296875 0.025
2 0.5625 0.5171875 0.0390625 0.028125
2 0.53671875 0.69765625 0.028125 0.021875
0 0.8515625 0.5875 0.0375 0.021875
0 0.86953125 0.60859375 0.0359375 0.0234375
0 0.88515625 0.62890625 0.034375 0.028125
0 0.8625 0.6421875 0.0359375 0.025
0 0.85625 0.6703125 0.0359375 0.028125
0 0.8296875 0.68203125 0.0328125 0.028125
0 0.8359375 0.60390625 0.034375 0.025
0 0.83046875 0.571875 0.0328125 0.025
0 0.79921875 0.565625 0.0375 0.0234375
0 0.771875 0.55703125 0.03125 0.0234375
0 0.81015625 0.5875 0.0359375 0.025
0 0.796875 0.60859375 0.0375 0.025
0 0.8171875 0.62578125 0.0375 0.025
0 0.84609375 0.6265625 0.0296875 0.025
0 0.83046875 0.6453125 0.034375 0.025
0 0.81171875 0.66171875 0.034375 0.025
0 0.8015625 0.640625 0.0328125 0.025
0 0.7796875 0.6234375 0.03125 0.0234375
0 0.765625 0.64296875 0.0375 0.025
0 0.78359375 0.6609375 0.0375 0.025
0 0.79921875 0.68359375 0.0375 0.025
0 0.8140625 0.703125 0.0359375 0.028125
0 0.77890625 0.7 0.0375 0.0265625
0 0.76328125 0.68046875 0.0328125 0.025
0 0.740625 0.69296875 0.0375 0.025
0 0.7453125 0.66328125 0.03125 0.025
0 0.7328125 0.640625 0.034375 0.021875
0 0.7484375 0.625 0.0375 0.0265625
0 0.7640625 0.60625 0.034375 0.0234375
0 0.78046875 0.58671875 0.0328125 0.0265625
0 0.7515625 0.58203125 0.0375 0.0265625
0 0.73984375 0.5578125 0.0359375 0.025
0 0.715625 0.553125 0.03125 0.025
0 0.6875 0.5546875 0.0375 0.025
0 0.7265625 0.5765625 0.034375 0.025
0 0.69765625 0.575 0.03125 0.025
0 0.671875 0.571875 0.0375 0.025
0 0.7375 0.60078125 0.0375 0.025
0 0.721875 0.61953125 0.034375 0.025
0 0.71015625 0.59609375 0.0375 0.025
0 0.68203125 0.59375 0.034375 0.025
0 0.6546875 0.59140625 0.034375 0.028125
0 0.69140625 0.6171875 0.0359375 0.025
0 0.6875 0.63828125 0.0359375 0.025
0 0.70859375 0.65390625 0.0359375 0.025
0 0.7203125 0.67421875 0.03125 0.021875
0 0.703125 0.690625 0.034375 0.0234375
0 0.68984375 0.66953125 0.03125 0.021875
0 0.66953125 0.65859375 0.0359375 0.021875
0 0.6609375 0.6359375 0.0375 0.025
0 0.66484375 0.615625 0.034375 0.025
0 0.64453125 0.5703125 0.0375 0.028125
0 0.6140625 0.578125 0.034375 0.028125
0 0.628125 0.59453125 0.0375 0.025
0 0.6390625 0.61640625 0.03125 0.0234375
0 0.628125 0.63515625 0.0328125 0.025
0 0.63984375 0.65703125 0.0375 0.021875
0 0.65234375 0.67734375 0.0375 0.0265625
0 0.67265625 0.68984375 0.034375 0.021875
0 0.65703125 0.70859375 0.0375 0.0234375
0 0.634375 0.69453125 0.03125 0.028125
0 0.621875 0.67265625 0.028125 0.0265625
0 0.60625 0.6890625 0.0375 0.025
0 0.58984375 0.6734375 0.0359375 0.0234375
0 0.60703125 0.65546875 0.034375 0.021875
0 0.596875 0.63359375 0.034375 0.025
0 0.6125 0.61640625 0.034375 0.025
0 0.5984375 0.5953125 0.034375 0.025
0 0.61484375 0.55390625 0.03125 0.0296875
0 0.58828125 0.546875 0.0359375 0.0265625
0 0.56640625 0.56015625 0.034375 0.028125
0 0.58828125 0.5765625 0.0359375 0.025
0 0.57109375 0.59453125 0.0328125 0.025
0 0.54765625 0.5859375 0.0328125 0.025
0 0.52109375 0.5734375 0.034375 0.0265625
0 0.509375 0.55234375 0.03125 0.0234375
0 0.48203125 0.55234375 0.0328125 0.025
0 0.4921875 0.571875 0.0328125 0.025
0 0.50703125 0.59140625 0.0390625 0.025
0 0.5296875 0.6046875 0.0359375 0.021875
0 0.5546875 0.6125 0.0359375 0.0203125
0 0.5828125 0.615625 0.0328125 0.0234375
0 0.56484375 0.63203125 0.034375 0.025
0 0.534375 0.628125 0.034375 0.025
0 0.5109375 0.62265625 0.0375 0.025
0 0.57578125 0.65234375 0.0375 0.025
0 0.54609375 0.65 0.0359375 0.0265625
0 0.56171875 0.671875 0.034375 0.025
0 0.57265625 0.68828125 0.0390625 0.0265625
0 0.52578125 0.66875 0.0375 0.025
0 0.51875 0.6453125 0.034375 0.025
0 0.4890625 0.64609375 0.0375 0.0265625
0 0.48671875 0.609375 0.03125 0.025
0 0.4734375 0.58828125 0.03125 0.0234375
0 0.46015625 0.56875 0.03125 0.021875
0 0.44609375 0.54765625 0.0359375 0.021875
0 0.43125 0.56953125 0.03125 0.025
0 0.40546875 0.56640625 0.0375 0.028125
0 0.44765625 0.5875 0.0328125 0.021875
0 0.45703125 0.6078125 0.028125 0.021875
0 0.46953125 0.628125 0.028125 0.025
0 0.45234375 0.6453125 0.0375 0.028125
0 0.4703125 0.66484375 0.034375 0.028125
0 0.50390625 0.66640625 0.03125 0.021875
0 0.48828125 0.68203125 0.03125 0.021875
0 0.425 0.64765625 0.03125 0.028125
0 0.40859375 0.66953125 0.0375 0.03125
0 0.39609375 0.646875 0.03125 0.025
0 0.44375 0.62734375 0.0328125 0.028125
0 0.4328125 0.6046875 0.03125 0.025
0 0.4171875 0.5875 0.0296875 0.025
0 0.390625 0.584375 0.0328125 0.0234375
0 0.40234375 0.60625 0.034375 0.025
0 0.41640625 0.62578125 0.0359375 0.0265625
0 0.38515625 0.62421875 0.0359375 0.025
0 0.37109375 0.60546875 0.0328125 0.0234375
0 0.365625 0.584375 0.0375 0.025
0 0.35859375 0.56171875 0.0375 0.0234375
0 0.3390625 0.578125 0.03125 0.025
0 0.3453125 0.603125 0.034375 0.021875
0 0.3515625 0.6234375 0.034375 0.025
0 0.36484375 0.64609375 0.0375 0.025
0 0.340625 0.659375 0.040625 0.025
0 0.32265625 0.6390625 0.0375 0.025
0 0.3171875 0.61875 0.0390625 0.025
0 0.31171875 0.5953125 0.0375 0.025
0 0.29375 0.57890625 0.0375 0.028125
0 0.27578125 0.59453125 0.040625 0.0296875
0 0.29296875 0.6109375 0.0375 0.025
0 0.25390625 0.6125 0.0375 0.025
0 0.26640625 0.63046875 0.0390625 0.028125
0 0.29375 0.6328125 0.0375 0.0265625