2 0.725 0.43515625 0.0171875 0.028125
2 0.70625 0.396875 0.0171875 0.0234375
2 0.69765625 0.415625 0.01875 0.025
2 0.68359375 0.428125 0.0171875 0.025
2 0.678125 0.40546875 0.01875 0.021875
2 0.690625 0.39453125 0.01875 0.01875
2 0.7 0.38046875 0.021875 0.0265625
2 0.68984375 0.3625 0.015625 0.025
2 0.68203125 0.37890625 0.015625 0.025
2 0.66640625 0.38359375 0.01875 0.028125
2 0.67109375 0.3625 0.01875 0.025
2 0.68203125 0.34453125 0.021875 0.025
2 0.6890625 0.32109375 0.0171875 0.025
2 0.67109375 0.3234375 0.0171875 0.028125
2 0.66015625 0.3421875 0.01875 0.025
2 0.6625 0.30546875 0.01875 0.025
2 0.65078125 0.32265625 0.01875 0.028125
2 0.6546875 0.2859375 0.01875 0.025
2 0.62109375 0.3046875 0.01875 0.025
2 0.63984375 0.26953125 0.015625 0.021875
2 0.64140625 0.3 0.0171875 0.025
2 0.6296875 0.28203125 0.015625 0.025
2 0.6140625 0.278125 0.01875 0.028125
2 0.665625 0.42265625 0.01875 0.028125
2 0.6546875 0.4015625 0.0171875 0.021875
2 0.6484375 0.378125 0.0203125 0.025
2 0.6515625 0.359375 0.0171875 0.021875
2 0.64140625 0.34296875 0.01875 0.025
2 0.628125 0.328125 0.01875 0.025
2 0.63515625 0.3625 0.0171875 0.021875
2 0.63203125 0.384375 0.015625 0.025
2 0.63828125 0.40625 0.0171875 0.021875
2 0.64921875 0.4265625 0.015625 0.025
2 0.634375 0.43125 0.015625 0.028125
2 0.62265625 0.41015625 0.015625 0.025
2 0.61796875 0.3734375 0.015625 0.0265625
2 0.6234375 0.35 0.015625 0.021875
2 0.60703125 0.35625 0.015625 0.021875
2 0.61171875 0.33046875 0.015625 0.025
2 0.5984375 0.33671875 0.015625 0.0234375
2 0.6046875 0.31171875 0.0171875 0.025
2 0.61953125 0.3046875 0.01875 0.025
2 0.61796875 0.43671875 0.01875 0.028125
2 0.60625 0.415625 0.0171875 0.025
2 0.6125 0.39296875 0.015625 0.021875
2 0.59765625 0.396875 0.015625 0.021875
2 0.60078125 0.378125 0.015625 0.025
2 0.58984375 0.35703125 0.015625 0.025
2 0.58515625 0.38046875 0.015625 0.025
2 0.603125 0.4390625 0.0171875 0.028125
2 0.59609375 0.4640625 0.0203125 0.025
2 0.58828125 0.44453125 0.01875 0.0234375
2 0.59296875 0.4203125 0.015625 0.021875
2 0.58125 0.40390625 0.015625 0.025
2 0.57734375 0.4265625 0.01875 0.025
2 0.57109375 0.38671875 0.01875 0.025
2 0.57734375 0.3609375 0.01875 0.025
2 0.56015625 0.3703125 0.0171875 0.0296875
2 0.5640625 0.40859375 0.0171875 0.025
2 0.57890625 0.4625 0.0171875 0.025
2 0.56875 0.44609375 0.015625 0.025
2 0.55703125 0.43125 0.01875 0.025
2 0.56328125 0.47421875 0.01875 0.025
2 0.5546875 0.4546875 0.01875 0.0234375
2 0.54296875 0.44375 0.021875 0.028125
2 0.54765625 0.41484375 0.021875 0.025
2 0.55546875 0.3921875 0.015625 0.01875
2 0.54296875 0.37421875 0.01875 0.0265625
2 0.53671875 0.39609375 0.015625 0.028125
2 0.5328125 0.4234375 0.015625 0.0296875
2 0.52265625 0.403125 0.015625 0.0265625
2 0.54765625 0.48203125 0.01875 0.028125
2 0.5375 0.46328125 0.0171875 0.025
2 0.5328125 0.49140625 0.01875 0.028125
2 0.521875 0.47265625 0.015625 0.025
2 0.52578125 0.4453125 0.01875 0.025
2 0.5125 0.45234375 0.01875 0.028125
2 0.5171875 0.42890625 0.01875 0.0265625
2 0.5046875 0.40625 0.015625 0.025
2 0.50234375 0.43359375 0.01875 0.028125
2 0.490625 0.41328125 0.0171875 0.025
2 0.475 0.41953125 0.01875 0.028125
2 0.459375 0.42421875 0.0171875 0.028125
2 0.44375 0.42734375 0.01875 0.0296875
2 0.4859375 0.4390625 0.0171875 0.028125
2 0.47109375 0.44453125 0.015625 0.028125
2 0.45390625 0.4484375 0.0171875 0.028125
2 0.43671875 0.4515625 0.01875 0.0265625
2 0.49609375 0.45546875 0.021875 0.025
2 0.50703125 0.47421875 0.01875 0.025
2 0.51484375 0.49453125 0.015625 0.03125
2 0.52109375 0.51640625 0.0171875 0.028125
2 0.48203125 0.46328125 0.01875 0.0265625
2 0.49140625 0.48203125 0.01875 0.0265625
2 0.50078125 0.50078125 0.021875 0.0328125
2 0.50546875 0.52578125 0.01875 0.028125
2 0.465625 0.4671875 0.021875 0.028125
2 0.47421875 0.484375 0.01875 0.028125
2 0.48359375 0.50390625 0.015625 0.028125
2 0.4890625 0.525 0.0171875 0.028125
2 0.44609375 0.4703125 0.0203125 0.025
2 0.45703125 0.4890625 0.01875 0.025
2 0.46640625 0.50703125 0.0171875 0.0265625
2 0.47265625 0.52578125 0.0171875 0.025
2 0.48046875 0.55 0.01875 0.028125
2 0.4671875 0.5703125 0.01875 0.028125
2 0.4640625 0.54765625 0.01875 0.025
2 0.4578125 0.525 0.0203125 0.025
2 0.44921875 0.50703125 0.01875 0.0234375
2 0.440625 0.48984375 0.021875 0.028125
2 0.42890625 0.47421875 0.01875 0.025
2 0.41640625 0.4546875 0.0171875 0.025
2 0.4515625 0.5625 0.0171875 0.0234375
2 0.44609375 0.54140625 0.0171875 0.0234375
2 0.4375 0.52265625 0.015625 0.021875
2 0.42734375 0.50546875 0.01875 0.0265625
2 0.41640625 0.48828125 0.01875 0.025
2 0.4046875 0.47109375 0.021875 0.028125
2 0.4390625 0.57734375 0.01875 0.028125
2 0.43515625 0.55546875 0.01875 0.021875
2 0.425 0.5359375 0.01875 0.0234375
2 0.41328125 0.5171875 0.01875 0.0265625
2 0.40234375 0.5 0.01875 0.025
2 0.38828125 0.4859375 0.0171875 0.021875
2 0.421875 0.575 0.0171875 0.028125
2 0.4140625 0.55546875 0.0171875 0.025
2 0.40546875 0.5359375 0.0203125 0.0234375
2 0.39453125 0.51640625 0.01875 0.028125
2 0.4046875 0.57734375 0.01875 0.028125
2 0.396875 0.55625 0.01875 0.025
2 0.38671875 0.5359375 0.0171875 0.0234375
2 0.38828125 0.5765625 0.01875 0.025
2 0.3796875 0.55859375 0.0171875 0.025
2 0.36953125 0.53671875 0.01875 0.021875
2 0.378125 0.515625 0.0171875 0.025
2 0.371875 0.4921875 0.0171875 0.0234375
2 0.3609375 0.51328125 0.01875 0.0265625
2 0.3546875 0.48984375 0.0171875 0.025
2 0.3703125 0.5796875 0.01875 0.025
2 0.365625 0.60390625 0.021875 0.028125
2 0.36171875 0.56015625 0.01875 0.0234375
2 0.3546875 0.5828125 0.0171875 0.0265625
2 0.35390625 0.53984375 0.01875 0.025
2 0.3453125 0.5625 0.015625 0.0265625
2 0.34609375 0.51875 0.01875 0.028125
2 0.3328125 0.52734375 0.01875 0.0296875
2 0.32890625 0.55390625 0.01875 0.028125
2 0.3375 0.5828125 0.01875 0.025
2 0.34453125 0.60625 0.01875 0.025
2 0.32109375 0.5828125 0.01875 0.025
2 0.32109375 0.60859375 0.01875 0.025
2 0.3125 0.56328125 0.01875 0.025
2 0.31796875 0.53828125 0.01875 0.025
2 0.3 0.52734375 0.021875 0.025
2 0.2984375 0.55 0.01875 0.025
2 0.30625 0.58828125 0.01875 0.025
2 0.30234375 0.61328125 0.01875 0.028125
2 0.29140625 0.63671875 0.021875 0.0296875
2 0.2859375 0.60546875 0.0171875 0.0234375
2 0.29140625 0.57578125 0.015625 0.0265625
2 0.27578125 0.5890625 0.021875 0.021875
2 0.27578125 0.565625 0.01875 0.0265625
2 0.284375 0.540625 0.01875 0.025
2 0.26640625 0.54609375 0.01875 0.028125
2 0.275 0.621875 0.01875 0.028125
2 0.26484375 0.6046875 0.01875 0.021875
2 0.259375 0.58046875 0.01875 0.025
2 0.25234375 0.55859375 0.01875 0.025
2 0.24921875 0.6421875 0.021875 0.028125
2 0.2453125 0.6171875 0.01875 0.0203125
2 0.24609375 0.5921875 0.01875 0.025
2 0.2359375 0.5734375 0.0171875 0.028125
2 0.23359375 0.55 0.021875 0.028125
2 0.2328125 0.65546875 0.01875 0.028125
2 0.22890625 0.63203125 0.01875 0.028125
2 0.22890625 0.6046875 0.01875 0.0234375
2 0.2203125 0.58515625 0.01875 0.025
2 0.21640625 0.56015625 0.01875 0.025
2 0.215625 0.653125 0.01875 0.028125
2 0.2140625 0.62734375 0.01875 0.028125
2 0.21015625 0.60390625 0.01875 0.025
2 0.20390625 0.58125 0.021875 0.0234375
2 0.196875 0.559375 0.01875 0.028125
2 0.1984375 0.6625 0.01875 0.028125
2 0.19609375 0.63828125 0.01875 0.025
2 0.19296875 0.61484375 0.0203125 0.025
2 0.1859375 0.59296875 0.01875 0.021875
2 0.1796875 0.571875 0.0171875 0.025
2 0.178125 0.65546875 0.01875 0.025
2 0.178125 0.63125 0.01875 0.025
2 0.171875 0.60625 0.021875 0.025
2 0.165625 0.58359375 0.0171875 0.025
2 0.16328125 0.66953125 0.021875 0.028125
2 0.16328125 0.6453125 0.01875 0.025
2 0.1578125 0.62265625 0.021875 0.021875
2 0.153125 0.603125 0.01875 0.0296875
2 0.15234375 0.57265625 0.025 0.03125
2 0.14375 0.68046875 0.01875 0.025
2 0.14453125 0.6515625 0.01875 0.0265625
2 0.14140625 0.6265625 0.01875 0.021875
2 0.1328125 0.60625 0.01875 0.0265625
2 0.13359375 0.5828125 0.01875 0.028125
2 0.12265625 0.67578125 0.021875 0.028125
2 0.1265625 0.65 0.0203125 0.025
2 0.12109375 0.6296875 0.021875 0.028125
2 0.115625 0.60234375 0.01875 0.0265625
2 0.11640625 0.578125 0.021875 0.0265625
2 0.1078125 0.659375 0.01875 0.021875
2 0.1046875 0.6375 0.01875 0.025
2 0.1 0.6140625 0.01875 0.028125
2 0.09765625 0.58828125 0.01875 0.028125
2 0.0875 0.66484375 0.0171875 0.028125
2 0.0859375 0.64140625 0.0171875 0.025
2 0.08203125 0.61640625 0.01875 0.0265625
2 0.0796875 0.58671875 0.0171875 0.0296875
2 0.06875 0.65859375 0.0203125 0.028125
2 0.06875 0.63359375 0.021875 0.025
2 0.065625 0.60625 0.01875 0.0265625
2 0.0625 0.58125 0.021875 0.028125
2 0.053125 0.65234375 0.01875 0.03125
2 0.05 0.62421875 0.0171875 0.021875
2 0.04609375 0.6015625 0.015625 0.0234375
2 0.0421875 0.578125 0.021875 0.034375
2 0.034375 0.66640625 0.021875 0.028125
2 0.03515625 0.63828125 0.01875 0.025
2 0.03046875 0.61328125 0.021875 0.0265625
2 0.02421875 0.5890625 0.0203125 0.028125