2 0.171875 0.74375 0.0375 0.025
2 0.17890625 0.765625 0.03125 0.025
2 0.19140625 0.7265625 0.03125 0.0234375
2 0.21484375 0.7109375 0.0296875 0.021875
2 0.15078125 0.771875 0.03125 0.025
2 0.23671875 0.6953125 0.03125 0.0234375
2 0.24765625 0.675 0.028125 0.021875
2 0.20234375 0.7484375 0.03125 0.0234375
2 0.225 0.73359375 0.0296875 0.021875
2 0.246875 0.71796875 0.0296875 0.0234375
2 0.265625 0.653125 0.028125 0.021875
2 0.2390625 0.775 0.03125 0.0234375
2 0.17890625 0.78984375 0.034375 0.025
2 0.27734375 0.734375 0.0296875 0.021875
2 0.534375 0.6546875 0.028125 0.021875
2 0.21015625 0.79296875 0.03125 0.025
2 0.540625 0.70703125 0.028125 0.021875
2 0.25859375 0.76015625 0.03125 0.021875
2 0.23046875 0.7546875 0.03125 0.021875
2 0.265625 0.69296875 0.028125 0.0234375
2 0.2953125 0.7765625 0.03125 0.021875
2 0.3703125 0.7734375 0.0296875 0.0234375
2 0.41640625 0.7625 0.028125 0.025
2 0.3515625 0.790625 0.03125 0.0234375
2 0.31640625 0.76171875 0.0296875 0.021875
2 0.4875 0.75390625 0.025 0.021875
2 0.46640625 0.76875 0.028125 0.0234375
2 0.52578125 0.6359375 0.028125 0.021875
2 0.53046875 0.6890625 0.028125 0.0203125
2 0.28671875 0.63984375 0.028125 0.021875
2 0.55 0.72578125 0.028125 0.021875
2 0.3 0.7984375 0.03125 0.021875
2 0.2875 0.7546875 0.028125 0.021875
2 0.3234375 0.784375 0.028125 0.0234375
2 0.27109375 0.80078125 0.03125 0.0234375
2 0.43984375 0.7703125 0.028125 0.021875
2 0.30625 0.625 0.028125 0.0203125
2 0.4 0.59140625 0.0265625 0.021875
2 0.34375 0.76875 0.0296875 0.021875
2 0.4484375 0.60234375 0.028125 0.021875
0 0.32578125 0.65234375 0.028125 0.021875
2 0.47421875 0.60859375 0.0265625 0.0203125
2 0.25078125 0.73984375 0.028125 0.021875
2 0.3734375 0.609375 0.028125 0.021875
2 0.44921875 0.621875 0.028125 0.021875
0 0.4484375 0.73671875 0.028125 0.021875
0 0.3703125 0.62734375 0.028125 0.021875
0 0.346875 0.73515625 0.028125 0.021875
2 0.44140625 0.5828125 0.028125 0.021875
2 0.41640625 0.621875 0.025 0.0203125
2 0.32890625 0.80546875 0.03125 0.021875
0 0.503125 0.67890625 0.028125 0.021875
2 0.515625 0.7046875 0.028125 0.021875
0 0.3109375 0.671875 0.028125 0.021875
0 0.46875 0.725 0.0265625 0.021875
2 0.21015625 0.76875 0.03125 0.0234375
0 0.31484375 0.69140625 0.028125 0.021875
2 0.4984375 0.63046875 0.025 0.021875
2 0.2984375 0.71875 0.0296875 0.021875
2 0.50546875 0.73828125 0.025 0.0203125
2 0.52421875 0.725 0.0265625 0.021875
0 0.42109375 0.7359375 0.028125 0.021875
0 0.4953125 0.65546875 0.028125 0.021875
0 0.39453125 0.73125 0.0296875 0.021875
2 0.390625 0.75625 0.028125 0.021875
2 0.27421875 0.6734375 0.03125 0.021875
0 0.44609375 0.6421875 0.028125 0.021875
0 0.48203125 0.69140625 0.028125 0.021875
2 0.33671875 0.746875 0.03125 0.021875
2 0.30625 0.73984375 0.028125 0.021875
2 0.23984375 0.796875 0.03125 0.021875
2 0.1453125 0.796875 0.034375 0.025
0 0.34921875 0.640625 0.028125 0.0203125
0 0.47109375 0.6484375 0.025 0.0203125
0 0.39609375 0.6328125 0.0265625 0.0203125
2 0.4171875 0.57734375 0.028125 0.0203125
0 0.415625 0.715625 0.028125 0.0234375
0 0.46171875 0.7046875 0.028125 0.021875
0 0.37265625 0.7453125 0.028125 0.021875
0 0.3875 0.68984375 0.028125 0.021875
0 0.38984375 0.71015625 0.0296875 0.021875
0 0.3796875 0.6484375 0.028125 0.021875
0 0.34140625 0.6921875 0.028125 0.021875
0 0.4875 0.71171875 0.0265625 0.021875
0 0.45625 0.66328125 0.0265625 0.021875
0 0.434375 0.67734375 0.028125 0.021875
0 0.36796875 0.7234375 0.028125 0.021875
0 0.40703125 0.6765625 0.028125 0.021875
0 0.40390625 0.65625 0.028125 0.0203125
2 0.46171875 0.74921875 0.028125 0.021875
0 0.44140625 0.7171875 0.028125 0.021875
0 0.36171875 0.70234375 0.028125 0.021875
0 0.3375 0.671875 0.0296875 0.021875
2 0.27265625 0.7125 0.03125 0.021875
0 0.42890625 0.65625 0.028125 0.021875
2 0.4359375 0.75 0.028125 0.021875
0 0.41171875 0.69609375 0.028125 0.021875
2 0.4796875 0.73515625 0.028125 0.021875
2 0.3515625 0.61953125 0.025 0.0203125
2 0.29375 0.69609375 0.0296875 0.025
2 0.403125 0.60859375 0.03125 0.021875
0 0.36015625 0.6609375 0.028125 0.021875
2 0.509375 0.65 0.0265625 0.021875
0 0.45859375 0.6828125 0.0265625 0.021875
2 0.49765625 0.6109375 0.025 0.0203125
2 0.5203125 0.6703125 0.028125 0.021875
2 0.31875 0.70625 0.03125 0.01875
0 0.4390625 0.6984375 0.028125 0.0234375
2 0.33515625 0.6328125 0.0296875 0.021875
0 0.4203125 0.63828125 0.0296875 0.0234375
0 0.36171875 0.68125 0.028125 0.021875
2 0.29375 0.65859375 0.028125 0.015625
2 0.32421875 0.72421875 0.028125 0.015625
2 0.47265625 0.62578125 0.025 0.0203125
2 0.565625 0.6515625 0.021875 0.021875
2 0.26875 0.77734375 0.028125 0.021875
2 0.4234375 0.596875 0.0296875 0.021875