0 0.6015625 0.87578125 0.0375 0.0265625
0 0.5828125 0.85703125 0.0390625 0.028125
0 0.60625 0.840625 0.0375 0.021875
0 0.56875 0.82890625 0.040625 0.025
0 0.6 0.8171875 0.0359375 0.028125
0 0.6671875 0.81640625 0.0359375 0.025
0 0.5640625 0.8046875 0.0375 0.025
0 0.528125 0.79765625 0.0375 0.025
0 0.5078125 0.78203125 0.040625 0.021875
0 0.48984375 0.80078125 0.0359375 0.0265625
0 0.5859375 0.7828125 0.0375 0.025
0 0.5515625 0.7796875 0.0359375 0.025
0 0.578125 0.7625 0.040625 0.0265625
0 0.58828125 0.73984375 0.0375 0.028125
0 0.55234375 0.75 0.0375 0.025
0 0.52890625 0.7671875 0.0375 0.025
0 0.521875 0.74453125 0.034375 0.025
0 0.54609375 0.72734375 0.0375 0.025
0 0.55859375 0.7078125 0.0375 0.028125
0 0.521875 0.7171875 0.034375 0.025
0 0.49765625 0.73046875 0.0390625 0.021875
0 0.475 0.74921875 0.034375 0.0234375
0 0.50078125 0.759375 0.028125 0.025
0 0.47109375 0.7703125 0.0375 0.025
0 0.46328125 0.7296875 0.034375 0.025
0 0.48515625 0.71171875 0.0375 0.028125
0 0.515625 0.69609375 0.034375 0.025
0 0.53671875 0.68203125 0.0375 0.025
0 0.5125 0.671875 0.0375 0.025
0 0.48671875 0.6859375 0.0375 0.028125
0 0.4578125 0.6890625 0.034375 0.021875
0 0.45234375 0.709375 0.034375 0.025
0 0.4203125 0.7015625 0.0359375 0.0296875
0 0.43046875 0.68359375 0.040625 0.028125
0 0.45703125 0.66875 0.0375 0.0265625
0 0.48515625 0.65546875 0.03125 0.028125
0 0.5171875 0.65078125 0.0359375 0.03125
0 0.49140625 0.63671875 0.0375 0.028125
0 0.45546875 0.64609375 0.0375 0.028125
0 0.43046875 0.65859375 0.0375 0.025
0 0.39765625 0.67109375 0.0375 0.025
0 0.390625 0.69296875 0.0390625 0.0265625
0 0.3734375 0.659375 0.03125 0.0265625
0 0.34453125 0.6484375 0.034375 0.0296875
0 0.37265625 0.63671875 0.034375 0.0265625
0 0.4 0.6484375 0.03125 0.028125
0 0.428125 0.63671875 0.0375 0.025
0 0.45859375 0.6265625 0.040625 0.028125
0 0.47421875 0.60625 0.0375 0.0296875
0 0.44765625 0.5921875 0.0390625 0.028125
0 0.425 0.60625 0.0359375 0.0265625
0 0.40078125 0.62578125 0.0375 0.0234375
0 0.384375 0.60546875 0.034375 0.025
0 0.35859375 0.61875 0.04375 0.025
0 0.4078125 0.5890625 0.034375 0.025
0 0.4375 0.57578125 0.0375 0.0265625
0 0.43515625 0.55625 0.0375 0.028125
0 0.40078125 0.5484375 0.0359375 0.025
0 0.4046875 0.56953125 0.034375 0.025
0 0.378125 0.5640625 0.0375 0.0234375
0 0.38125 0.584375 0.0375 0.0265625
0 0.3515625 0.578125 0.0375 0.025
0 0.35546875 0.5953125 0.034375 0.0296875
0 0.32578125 0.5671875 0.0375 0.025
0 0.35 0.55546875 0.03125 0.0265625
0 0.37265625 0.5421875 0.034375 0.025
0 0.325 0.54609375 0.0390625 0.0265625
0 0.34453125 0.5328125 0.03125 0.025
0 0.36640625 0.51953125 0.0375 0.0296875
0 0.32578125 0.51953125 0.0375 0.0265625
0 0.34140625 0.50078125 0.0375 0.021875
0 0.37578125 0.4953125 0.034375 0.028125
0 0.4046875 0.4953125 0.0375 0.028125
0 0.390625 0.47734375 0.0375 0.0265625
0 0.38984375 0.4578125 0.040625 0.028125
0 0.3828125 0.4375 0.0375 0.028125
0 0.36015625 0.459375 0.03125 0.025
0 0.30390625 0.50625 0.0390625 0.028125
0 0.278125 0.4921875 0.0359375 0.0296875
0 0.31484375 0.4859375 0.034375 0.0265625
0 0.3453125 0.48046875 0.0375 0.028125
0 0.31328125 0.4671875 0.034375 0.0234375
0 0.33671875 0.45078125 0.034375 0.0265625
0 0.309375 0.446875 0.0375 0.025
0 0.27578125 0.446875 0.040625 0.0234375
0 0.28046875 0.4671875 0.040625 0.025
0 0.24765625 0.45546875 0.040625 0.025
0 0.253125 0.4765625 0.0390625 0.028125
0 0.27734375 0.4265625 0.0375 0.028125
0 0.3125 0.428125 0.034375 0.0265625
0 0.34453125 0.43125 0.0375 0.0265625
0 0.33515625 0.4109375 0.034375 0.0234375
0 0.3515625 0.39140625 0.034375 0.025
0 0.34296875 0.3734375 0.040625 0.028125
0 0.32578125 0.390625 0.034375 0.021875
0 0.3046875 0.40703125 0.040625 0.025
0 0.290625 0.38671875 0.0375 0.0234375
0 0.2703125 0.403125 0.0375 0.028125
0 0.25859375 0.3859375 0.03125 0.0265625
0 0.23359375 0.375 0.0375 0.0296875
0 0.2546875 0.359375 0.0359375 0.028125
0 0.27890625 0.36640625 0.0359375 0.025
0 0.30078125 0.35078125 0.0375 0.025
0 0.31953125 0.3296875 0.034375 0.0265625
0 0.290625 0.32265625 0.034375 0.025
0 0.2734375 0.340625 0.0375 0.025
0 0.246875 0.3328125 0.0375 0.028125
0 0.22421875 0.35234375 0.0421875 0.0296875
0 0.21640625 0.33125 0.0390625 0.0296875
0 0.234375 0.31484375 0.0375 0.025
0 0.26171875 0.31328125 0.0375 0.028125
0 0.1828125 0.3015625 0.0375 0.025
0 0.21484375 0.29921875 0.034375 0.0265625
0 0.24765625 0.29296875 0.040625 0.0265625
0 0.228125 0.27734375 0.0375 0.0265625
0 0.2546875 0.2640625 0.034375 0.0265625
0 0.21640625 0.259375 0.0375 0.0265625
2 0.590625 0.6109375 0.034375 0.0265625
2 0.60859375 0.6375 0.028125 0.0234375
2 0.5609375 0.5921875 0.034375 0.025
2 0.5796875 0.92109375 0.0359375 0.025
2 0.62109375 0.91796875 0.04375 0.028125
2 0.5703125 0.896875 0.0375 0.028125
2 0.64296875 0.89765625 0.0375 0.0328125
2 0.603125 0.89609375 0.0375 0.025
2 0.6546875 0.871875 0.0375 0.025
2 0.6734375 0.890625 0.0375 0.028125
2 0.6984375 0.8703125 0.0375 0.028125
2 0.67578125 0.85546875 0.0359375 0.025
2 0.64296875 0.85234375 0.0375 0.028125
2 0.66328125 0.8359375 0.040625 0.025
2 0.70234375 0.8359375 0.040625 0.028125
2 0.7234375 0.853125 0.0359375 0.0265625
2 0.73671875 0.8328125 0.04375 0.0265625
2 0.759375 0.8125 0.0375 0.0265625
2 0.71640625 0.8140625 0.0421875 0.028125
2 0.73203125 0.790625 0.04375 0.03125
2 0.7015625 0.79140625 0.0375 0.028125
2 0.71171875 0.76796875 0.040625 0.025
2 0.67890625 0.7765625 0.0375 0.028125
2 0.65859375 0.7953125 0.0375 0.025
2 0.6390625 0.7828125 0.0296875 0.0234375
2 0.61015625 0.77890625 0.028125 0.025
2 0.62265625 0.8015625 0.03125 0.025
2 0.62265625 0.75859375 0.034375 0.0234375
2 0.65625 0.7609375 0.0375 0.0265625
2 0.65390625 0.73984375 0.03125 0.025
2 0.68203125 0.72890625 0.0359375 0.028125
2 0.69375 0.75078125 0.034375 0.028125
2 0.6484375 0.7171875 0.040625 0.0265625
2 0.62421875 0.7328125 0.0359375 0.0265625
2 0.6171875 0.70859375 0.0375 0.0265625
2 0.590625 0.70390625 0.034375 0.025
2 0.6078125 0.6875 0.034375 0.025
2 0.640625 0.69140625 0.0359375 0.028125
2 0.58203125 0.678125 0.0359375 0.025
2 0.546875 0.87890625 0.0359375 0.03125
2 0.5140625 0.87265625 0.04375 0.0296875
2 0.5265625 0.85078125 0.040625 0.03125
2 0.5015625 0.83671875 0.0359375 0.028125
2 0.52578125 0.8234375 0.0375 0.0265625
2 0.46171875 0.80234375 0.034375 0.028125
2 0.434375 0.79609375 0.040625 0.028125
2 0.4 0.790625 0.0375 0.03125
2 0.41796875 0.76953125 0.034375 0.028125
2 0.44453125 0.75390625 0.034375 0.021875
2 0.41640625 0.7484375 0.034375 0.025
2 0.440625 0.73359375 0.034375 0.021875
2 0.41171875 0.72734375 0.034375 0.025
2 0.38046875 0.71953125 0.040625 0.0234375
2 0.3515625 0.73203125 0.0375 0.0296875
2 0.3796875 0.73984375 0.0359375 0.0265625
2 0.3875 0.7609375 0.034375 0.0296875
2 0.62265625 0.6640625 0.040625 0.03125
2 0.58828125 0.65390625 0.0375 0.0296875
2 0.5625 0.6515625 0.034375 0.025
2 0.55 0.63046875 0.034375 0.0296875
2 0.57578125 0.63359375 0.0390625 0.028125
2 0.5421875 0.609375 0.034375 0.021875
2 0.5203125 0.6234375 0.03125 0.021875
2 0.5125 0.60234375 0.040625 0.025
2 0.5046875 0.58359375 0.0375 0.028125
2 0.53359375 0.58828125 0.034375 0.0265625
2 0.56015625 0.5703125 0.0375 0.025
2 0.54765625 0.55078125 0.0390625 0.025
2 0.52734375 0.5640625 0.034375 0.0296875
2 0.49921875 0.5625 0.03125 0.025
2 0.4703125 0.5578125 0.0390625 0.0265625
2 0.475 0.5765625 0.034375 0.0265625
2 0.484375 0.5390625 0.034375 0.0265625
2 0.49296875 0.5171875 0.034375 0.025
2 0.4625 0.51796875 0.034375 0.0234375
2 0.45234375 0.534375 0.03125 0.0265625
2 0.42421875 0.53203125 0.034375 0.025
2 0.39609375 0.525 0.03125 0.0265625
2 0.43359375 0.5125 0.0359375 0.0234375
2 0.44609375 0.49375 0.0375 0.028125
2 0.475 0.496875 0.0375 0.0265625
2 0.46171875 0.4765625 0.034375 0.025
2 0.4375 0.471875 0.0375 0.0265625
2 0.43125 0.45 0.034375 0.0234375
2 0.45859375 0.4546875 0.0359375 0.0234375
2 0.45390625 0.43203125 0.0375 0.03125
2 0.4265625 0.4265625 0.0375 0.03125
2 0.4109375 0.41015625 0.0375 0.025
2 0.3796875 0.40546875 0.03125 0.025
2 0.4015625 0.390625 0.040625 0.028125
2 0.38828125 0.3703125 0.0375 0.028125
2 0.37890625 0.34765625 0.0421875 0.0296875
2 0.3484375 0.34921875 0.034375 0.025
2 0.32578125 0.36484375 0.028125 0.025
2 0.36328125 0.3296875 0.0375 0.025
2 0.35703125 0.309375 0.0390625 0.028125
2 0.33671875 0.29375 0.034375 0.025
2 0.30390625 0.29296875 0.034375 0.021875
2 0.2796875 0.28671875 0.03125 0.025
2 0.29453125 0.26953125 0.034375 0.025
2 0.32421875 0.27578125 0.034375 0.025
2 0.31796875 0.25234375 0.034375 0.0265625
2 0.29296875 0.246875 0.034375 0.0265625
2 0.31328125 0.3078125 0.034375 0.028125
2 0.1703125 0.2796875 0.0375 0.021875
2 0.15625 0.2984375 0.03125 0.025
2 0.134375 0.31328125 0.034375 0.025
2 0.175 0.3171875 0.034375 0.01875
2 0.15078125 0.33125 0.0375 0.021875
2 0.1171875 0.3328125 0.0421875 0.025
2 0.11953125 0.35234375 0.0375 0.025
2 0.14765625 0.3578125 0.034375 0.0234375
2 0.1734375 0.3453125 0.03125 0.021875
2 0.20078125 0.35234375 0.03125 0.021875
2 0.178125 0.365625 0.034375 0.021875
2 0.1265625 0.37421875 0.040625 0.0234375
2 0.16015625 0.38046875 0.0375 0.0265625
2 0.13671875 0.3953125 0.034375 0.0265625
2 0.20625 0.375 0.034375 0.025
2 0.1859375 0.3890625 0.0375 0.028125
2 0.215625 0.396875 0.03125 0.028125
2 0.24375 0.4046875 0.034375 0.025
2 0.19375 0.4109375 0.0375 0.0265625
2 0.16484375 0.40234375 0.0375 0.03125
2 0.14609375 0.42265625 0.034375 0.0265625
2 0.17578125 0.4296875 0.034375 0.0265625
2 0.20703125 0.4375 0.03125 0.0265625
2 0.22421875 0.41953125 0.0296875 0.025
2 0.24921875 0.4296875 0.03125 0.021875
2 0.15703125 0.446875 0.0359375 0.025
2 0.184375 0.4546875 0.0375 0.028125
2 0.16484375 0.471875 0.03125 0.0265625
2 0.1921875 0.47890625 0.0359375 0.025
2 0.2109375 0.4640625 0.028125 0.0296875
2 0.22578125 0.48359375 0.0359375 0.028125
2 0.19765625 0.5 0.03125 0.028125
2 0.2015625 0.52109375 0.034375 0.0296875
2 0.22890625 0.50703125 0.0375 0.0265625
2 0.25078125 0.52109375 0.034375 0.028125
2 0.22421875 0.5328125 0.03125 0.025
2 0.278125 0.5296875 0.03125 0.028125
2 0.2984375 0.54140625 0.03125 0.0265625
2 0.25234375 0.54453125 0.034375 0.025
2 0.27578125 0.5546875 0.034375 0.028125
2 0.221875 0.55390625 0.034375 0.025
2 0.2203125 0.57578125 0.034375 0.025
2 0.24921875 0.5671875 0.03125 0.021875
2 0.27109375 0.578125 0.034375 0.025
2 0.30078125 0.56484375 0.028125 0.025
2 0.24375 0.590625 0.03125 0.0265625
2 0.27109375 0.59921875 0.03125 0.025
2 0.3015625 0.58515625 0.034375 0.0234375
2 0.33046875 0.59296875 0.0296875 0.025
2 0.334375 0.6140625 0.03125 0.025
2 0.30625 0.60703125 0.0375 0.025
2 0.27734375 0.61875 0.034375 0.0234375
2 0.30859375 0.6265625 0.034375 0.025
2 0.2796875 0.63984375 0.040625 0.025
2 0.31953125 0.64609375 0.0296875 0.025
2 0.29296875 0.6609375 0.0359375 0.025
2 0.309375 0.67734375 0.034375 0.028125
2 0.33671875 0.6875 0.034375 0.025
2 0.33671875 0.6640625 0.03125 0.025
2 0.36640625 0.6953125 0.03125 0.025