2 0.84921875 0.7328125 0.0375 0.025
2 0.84140625 0.7546875 0.03125 0.025
2 0.82890625 0.715625 0.03125 0.0234375
2 0.80625 0.7 0.0296875 0.021875
2 0.8703125 0.7609375 0.03125 0.025
2 0.784375 0.68515625 0.03125 0.0234375
2 0.7734375 0.6640625 0.028125 0.021875
2 0.81875 0.7375 0.03125 0.0234375
2 0.79609375 0.72265625 0.028125 0.021875
2 0.77421875 0.70703125 0.0296875 0.0234375
2 0.75546875 0.64296875 0.028125 0.021875
2 0.78203125 0.7640625 0.03125 0.021875
2 0.84140625 0.77890625 0.034375 0.025
2 0.74453125 0.7234375 0.0296875 0.021875
2 0.48828125 0.64375 0.028125 0.0203125
2 0.8109375 0.78203125 0.03125 0.025
2 0.48203125 0.69609375 0.028125 0.021875
2 0.7625 0.74921875 0.03125 0.021875
2 0.790625 0.74375 0.03125 0.021875
2 0.75546875 0.68203125 0.028125 0.021875
2 0.72578125 0.765625 0.03125 0.021875
2 0.65078125 0.7625 0.028125 0.0234375
2 0.60625 0.7515625 0.028125 0.025
2 0.6703125 0.7796875 0.0296875 0.0234375
2 0.7046875 0.75 0.0296875 0.021875
2 0.53515625 0.74296875 0.025 0.021875
2 0.55625 0.75703125 0.028125 0.0234375
2 0.496875 0.625 0.028125 0.021875
2 0.4921875 0.678125 0.028125 0.0203125
2 0.73515625 0.62890625 0.028125 0.021875
2 0.4734375 0.71484375 0.028125 0.021875
2 0.721875 0.7875 0.03125 0.021875
2 0.734375 0.74375 0.028125 0.021875
2 0.6984375 0.7734375 0.028125 0.021875
2 0.75078125 0.78984375 0.03125 0.0234375
2 0.58203125 0.759375 0.028125 0.021875
2 0.71484375 0.61484375 0.028125 0.0203125
2 0.621875 0.58125 0.0265625 0.021875
2 0.678125 0.7578125 0.0296875 0.021875
2 0.5734375 0.5921875 0.028125 0.021875
0 0.6953125 0.64140625 0.028125 0.021875
2 0.5484375 0.5984375 0.025 0.01875
2 0.7703125 0.72890625 0.028125 0.021875
2 0.6484375 0.5984375 0.028125 0.021875
2 0.57265625 0.61171875 0.028125 0.021875
0 0.57421875 0.72578125 0.028125 0.021875
0 0.6515625 0.6171875 0.028125 0.021875
0 0.675 0.72421875 0.028125 0.021875
2 0.58046875 0.57265625 0.028125 0.021875
2 0.60625 0.61171875 0.025 0.0203125
2 0.69296875 0.79375 0.03125 0.021875
0 0.51953125 0.66796875 0.0265625 0.021875
2 0.50703125 0.69375 0.028125 0.021875
0 0.7109375 0.6609375 0.028125 0.021875
0 0.553125 0.7140625 0.0265625 0.021875
2 0.8109375 0.7578125 0.03125 0.0234375
0 0.70625 0.68125 0.028125 0.021875
2 0.5234375 0.6203125 0.025 0.0203125
2 0.72265625 0.7078125 0.0296875 0.021875
2 0.51640625 0.72734375 0.025 0.0203125
2 0.4984375 0.7140625 0.0265625 0.021875
0 0.60078125 0.725 0.028125 0.021875
0 0.52734375 0.64453125 0.028125 0.021875
0 0.62734375 0.7203125 0.028125 0.021875
2 0.63125 0.7453125 0.028125 0.021875
2 0.74765625 0.66328125 0.03125 0.021875
0 0.57578125 0.63203125 0.028125 0.021875
0 0.53984375 0.68046875 0.028125 0.021875
2 0.68515625 0.7359375 0.03125 0.021875
2 0.71484375 0.728125 0.028125 0.021875
2 0.78125 0.78515625 0.03125 0.021875
2 0.875 0.78515625 0.034375 0.025
0 0.67265625 0.63046875 0.0265625 0.0203125
0 0.55078125 0.63828125 0.025 0.0203125
0 0.62578125 0.62265625 0.0265625 0.0203125
2 0.6046875 0.5671875 0.028125 0.0203125
0 0.60625 0.7046875 0.028125 0.021875
0 0.5609375 0.69375 0.028125 0.021875
0 0.64921875 0.734375 0.028125 0.021875
0 0.634375 0.67890625 0.028125 0.021875
0 0.63203125 0.7 0.0296875 0.021875
0 0.6421875 0.6375 0.028125 0.021875
0 0.6796875 0.68125 0.0265625 0.021875
0 0.53515625 0.70078125 0.0265625 0.021875
0 0.56640625 0.65234375 0.0265625 0.021875
0 0.58828125 0.66640625 0.028125 0.021875
0 0.65390625 0.7125 0.028125 0.021875
0 0.61484375 0.665625 0.028125 0.021875
0 0.61796875 0.64609375 0.028125 0.0203125
2 0.5609375 0.73828125 0.028125 0.021875
0 0.58125 0.70625 0.028125 0.021875
0 0.66015625 0.69140625 0.028125 0.021875
0 0.68359375 0.66171875 0.0296875 0.021875
2 0.74921875 0.7015625 0.03125 0.021875
0 0.59296875 0.6453125 0.028125 0.021875
2 0.5859375 0.7390625 0.028125 0.021875
0 0.61015625 0.68515625 0.028125 0.021875
2 0.54296875 0.72421875 0.028125 0.021875
2 0.6703125 0.609375 0.025 0.0203125
2 0.72734375 0.68515625 0.028125 0.025
2 0.61875 0.5984375 0.0296875 0.021875
0 0.6609375 0.65078125 0.028125 0.0203125
2 0.51328125 0.6390625 0.025 0.021875
0 0.56328125 0.671875 0.025 0.021875
2 0.525 0.60078125 0.025 0.0203125
2 0.50234375 0.659375 0.028125 0.021875
2 0.70234375 0.6953125 0.03125 0.01875
0 0.5828125 0.68828125 0.028125 0.0234375
2 0.6859375 0.621875 0.0296875 0.0203125
0 0.6015625 0.628125 0.0296875 0.021875
0 0.66015625 0.67109375 0.028125 0.021875
2 0.728125 0.64765625 0.028125 0.015625
2 0.69765625 0.71328125 0.028125 0.015625
2 0.55 0.615625 0.025 0.01875
2 0.45703125 0.640625 0.021875 0.0203125
2 0.753125 0.76640625 0.028125 0.021875
2 0.59921875 0.58671875 0.028125 0.021875