2 0.43828125 0.80703125 0.03125 0.046875
2 0.47421875 0.653125 0.025 0.040625
2 0.4921875 0.63671875 0.028125 0.03125
2 0.496875 0.60625 0.025 0.0375
2 0.44921875 0.65078125 0.028125 0.0375
2 0.41484375 0.63515625 0.028125 0.040625
2 0.390625 0.634375 0.025 0.0375
2 0.3734375 0.6515625 0.028125 0.0421875
2 0.37734375 0.609375 0.028125 0.0359375
2 0.4 0.60390625 0.025 0.034375
2 0.42421875 0.60703125 0.025 0.034375
2 0.38828125 0.58046875 0.025 0.034375
2 0.36875 0.58125 0.03125 0.040625
2 0.37734375 0.54921875 0.028125 0.034375
2 0.3984375 0.54765625 0.025 0.04375
2 0.375 0.52109375 0.025 0.0375
2 0.39921875 0.51640625 0.0265625 0.034375
2 0.38984375 0.4828125 0.028125 0.040625
2 0.40234375 0.4625 0.028125 0.0328125
0 0.4078125 0.4328125 0.028125 0.0328125
0 0.41796875 0.40078125 0.025 0.040625
0 0.475 0.60859375 0.028125 0.0359375
0 0.48203125 0.57734375 0.025 0.03125
0 0.46171875 0.58125 0.0234375 0.0375
0 0.44296875 0.5953125 0.0234375 0.034375
0 0.44140625 0.565625 0.025 0.03125
0 0.41875 0.5671875 0.021875 0.034375
0 0.465625 0.5390625 0.0265625 0.0375
0 0.46171875 0.51015625 0.0265625 0.03125
0 0.44296875 0.534375 0.025 0.0359375
0 0.44296875 0.5 0.0265625 0.0375
0 0.421875 0.52890625 0.03125 0.0359375
0 0.4203125 0.4984375 0.025 0.034375
2 0.50078125 0.540625 0.028125 0.034375
2 0.5 0.57734375 0.025 0.034375
2 0.496875 0.5046875 0.028125 0.0359375
2 0.48671875 0.4765625 0.0265625 0.0296875
2 0.4875 0.44296875 0.028125 0.0421875
2 0.46640625 0.459375 0.0234375 0.0390625
2 0.46796875 0.42734375 0.025 0.03125
2 0.44296875 0.42890625 0.0265625 0.0375
2 0.44765625 0.4 0.0296875 0.0375
2 0.44609375 0.459375 0.0234375 0.0375
2 0.428125 0.4515625 0.025 0.034375
2 0.48125 0.525 0.025 0.028125