2 0.52890625 0.49296875 0.0125 0.0140625
2 0.5296875 0.47734375 0.0125 0.015625
2 0.52734375 0.4625 0.0125 0.015625
2 0.534375 0.4484375 0.0125 0.01875
2 0.54140625 0.43359375 0.0125 0.015625
2 0.5453125 0.4484375 0.0125 0.0140625
2 0.53671875 0.46328125 0.0125 0.015625
2 0.546875 0.4703125 0.0109375 0.015625
2 0.53984375 0.48359375 0.0125 0.01875
2 0.5453125 0.49609375 0.0125 0.015625
2 0.54921875 0.4828125 0.0109375 0.0171875
2 0.55234375 0.45703125 0.0125 0.015625
2 0.553125 0.43359375 0.0125 0.015625
2 0.56015625 0.44453125 0.0125 0.0140625
2 0.565625 0.45546875 0.0125 0.015625
2 0.5578125 0.46875 0.0109375 0.0140625
2 0.5609375 0.48203125 0.0125 0.0171875
2 0.56875 0.47109375 0.0125 0.0171875
2 0.56875 0.48671875 0.0125 0.01875
2 0.578125 0.48046875 0.0140625 0.01875
2 0.5609375 0.41015625 0.0125 0.0171875
2 0.565625 0.4234375 0.009375 0.015625
2 0.57109375 0.43359375 0.0125 0.015625
2 0.5734375 0.41640625 0.0125 0.01875
2 0.5765625 0.4515625 0.0125 0.015625
2 0.58359375 0.4625 0.0125 0.015625
2 0.59140625 0.471875 0.0125 0.015625
2 0.58203125 0.425 0.009375 0.01875
2 0.58984375 0.4234375 0.0109375 0.01875
2 0.58671875 0.43828125 0.0125 0.015625
2 0.596875 0.43671875 0.0125 0.01875
2 0.59296875 0.4515625 0.0125 0.015625
2 0.60546875 0.44765625 0.0125 0.01875
2 0.6078125 0.4328125 0.0125 0.01875
2 0.60234375 0.465625 0.0125 0.0171875
2 0.6140625 0.459375 0.0125 0.01875
2 0.6171875 0.44140625 0.0140625 0.0203125