0 0.603125 0.88359375 0.0390625 0.0265625
0 0.58359375 0.8640625 0.040625 0.028125
0 0.6078125 0.84765625 0.0375 0.0234375
0 0.56953125 0.8359375 0.040625 0.025
0 0.60078125 0.825 0.0359375 0.028125
0 0.66875 0.8234375 0.0359375 0.025
0 0.56484375 0.81171875 0.0375 0.025
0 0.528125 0.8046875 0.0375 0.025
0 0.5078125 0.7890625 0.040625 0.021875
0 0.48984375 0.8078125 0.0359375 0.0265625
0 0.58671875 0.78984375 0.0390625 0.025
0 0.55234375 0.78671875 0.0359375 0.025
0 0.57890625 0.76875 0.040625 0.028125
0 0.5890625 0.746875 0.0375 0.028125
0 0.553125 0.75625 0.0375 0.025
0 0.5296875 0.7734375 0.0390625 0.025
0 0.521875 0.75078125 0.034375 0.025
0 0.546875 0.73359375 0.0375 0.025
0 0.55859375 0.71328125 0.0390625 0.028125
0 0.521875 0.72265625 0.034375 0.025
0 0.496875 0.73671875 0.040625 0.021875
0 0.47421875 0.75546875 0.034375 0.025
0 0.50078125 0.765625 0.028125 0.025
0 0.47109375 0.77734375 0.0390625 0.025
0 0.46328125 0.7359375 0.034375 0.025
0 0.48515625 0.71796875 0.0375 0.028125
0 0.515625 0.70234375 0.034375 0.025
0 0.5375 0.6875 0.0375 0.025
0 0.5125 0.67734375 0.0375 0.025
0 0.48671875 0.69140625 0.0375 0.028125
0 0.45703125 0.69453125 0.034375 0.021875
0 0.4515625 0.71484375 0.034375 0.025
0 0.41953125 0.7078125 0.0359375 0.0296875
0 0.4296875 0.6890625 0.040625 0.028125
0 0.45625 0.67421875 0.0390625 0.028125
0 0.48515625 0.6609375 0.0328125 0.028125
0 0.5171875 0.65625 0.0359375 0.03125
0 0.49140625 0.6421875 0.0390625 0.028125
0 0.4546875 0.6515625 0.0375 0.028125
0 0.4296875 0.6640625 0.0375 0.025
0 0.396875 0.67734375 0.0390625 0.025
0 0.38984375 0.6984375 0.040625 0.0265625
0 0.37265625 0.66484375 0.03125 0.0265625
0 0.3421875 0.653125 0.034375 0.03125
0 0.37109375 0.6421875 0.034375 0.0265625
0 0.39921875 0.65390625 0.0328125 0.028125
0 0.42734375 0.6421875 0.0375 0.025
0 0.4578125 0.63125 0.040625 0.028125
0 0.4734375 0.6109375 0.0390625 0.0296875
0 0.44765625 0.59765625 0.040625 0.028125
0 0.42421875 0.6109375 0.0359375 0.028125
0 0.39921875 0.63125 0.0375 0.025
0 0.38359375 0.61015625 0.034375 0.025
0 0.35703125 0.6234375 0.04375 0.025
0 0.40703125 0.59375 0.034375 0.025
0 0.43671875 0.58046875 0.0375 0.028125
0 0.434375 0.56015625 0.0375 0.028125
0 0.4 0.553125 0.0359375 0.025
0 0.40390625 0.57421875 0.034375 0.025
0 0.3765625 0.56796875 0.0375 0.025
0 0.3796875 0.5890625 0.0375 0.028125
0 0.35 0.5828125 0.0375 0.025
0 0.35390625 0.60078125 0.034375 0.03125
0 0.3234375 0.571875 0.0375 0.025
0 0.3484375 0.56015625 0.03125 0.028125
0 0.37109375 0.546875 0.034375 0.025
0 0.3234375 0.55 0.040625 0.0265625
0 0.34296875 0.53671875 0.0328125 0.025
0 0.36484375 0.5234375 0.0375 0.0296875
0 0.3234375 0.5234375 0.0375 0.028125
0 0.33984375 0.5046875 0.0375 0.0234375
0 0.375 0.49921875 0.034375 0.028125
0 0.40390625 0.49921875 0.0375 0.028125
0 0.3890625 0.48125 0.0375 0.028125
0 0.3890625 0.4609375 0.040625 0.028125
0 0.38203125 0.440625 0.0375 0.028125
0 0.35859375 0.4625 0.03125 0.025
0 0.3015625 0.51015625 0.040625 0.028125
0 0.27578125 0.49609375 0.0359375 0.0296875
0 0.3125 0.48984375 0.034375 0.0265625
0 0.34375 0.48359375 0.0375 0.028125
0 0.31171875 0.4703125 0.034375 0.025
0 0.33515625 0.4546875 0.034375 0.0265625
0 0.30703125 0.45 0.0390625 0.025
0 0.2734375 0.45 0.040625 0.025
0 0.278125 0.47109375 0.040625 0.025
0 0.24453125 0.45859375 0.040625 0.025
0 0.25078125 0.48046875 0.040625 0.028125
0 0.275 0.4296875 0.0375 0.028125
0 0.3109375 0.43125 0.034375 0.0265625
0 0.34296875 0.434375 0.0375 0.028125
0 0.33359375 0.4140625 0.034375 0.025
0 0.35 0.39453125 0.034375 0.025
0 0.34140625 0.37578125 0.040625 0.028125
0 0.32421875 0.39375 0.034375 0.0234375
0 0.303125 0.41015625 0.040625 0.025
0 0.28828125 0.3890625 0.0375 0.025
0 0.26796875 0.40625 0.0390625 0.028125
0 0.25625 0.38828125 0.0328125 0.0265625
0 0.23046875 0.378125 0.0390625 0.0296875
0 0.25234375 0.3625 0.0359375 0.028125
0 0.2765625 0.36875 0.0359375 0.025
0 0.2984375 0.353125 0.0375 0.025
0 0.31796875 0.33203125 0.034375 0.0265625
0 0.28828125 0.325 0.034375 0.025
0 0.27109375 0.34296875 0.0375 0.025
0 0.24453125 0.33515625 0.0390625 0.028125
0 0.22109375 0.3546875 0.0421875 0.0296875
0 0.2140625 0.33359375 0.040625 0.0296875
0 0.23125 0.31640625 0.0375 0.025
0 0.25859375 0.315625 0.0390625 0.028125
0 0.1796875 0.303125 0.0375 0.025
0 0.21171875 0.30078125 0.034375 0.028125
0 0.2453125 0.2953125 0.040625 0.0265625
0 0.225 0.27890625 0.0375 0.0265625
0 0.25234375 0.265625 0.034375 0.028125
0 0.21328125 0.2609375 0.0390625 0.0265625
2 0.59140625 0.61640625 0.034375 0.0265625
2 0.609375 0.64296875 0.028125 0.025
2 0.56171875 0.59765625 0.034375 0.025
2 0.58046875 0.9296875 0.0359375 0.025
2 0.62265625 0.92578125 0.04375 0.028125
2 0.57109375 0.90546875 0.0375 0.028125
2 0.64453125 0.90546875 0.0375 0.0328125
2 0.60390625 0.90390625 0.0375 0.025
2 0.65625 0.8796875 0.0375 0.025
2 0.675 0.8984375 0.0390625 0.028125
2 0.7 0.87734375 0.0375 0.028125
2 0.67734375 0.86328125 0.0359375 0.025
2 0.64453125 0.86015625 0.0375 0.028125
2 0.665625 0.84296875 0.040625 0.025
2 0.7046875 0.84375 0.040625 0.028125
2 0.72578125 0.8609375 0.0359375 0.028125
2 0.7390625 0.83984375 0.04375 0.028125
2 0.7625 0.81953125 0.0390625 0.028125
2 0.71796875 0.82109375 0.0421875 0.028125
2 0.734375 0.796875 0.04375 0.03125
2 0.70390625 0.7984375 0.0375 0.028125
2 0.71328125 0.775 0.040625 0.025
2 0.68046875 0.78359375 0.0390625 0.028125
2 0.66015625 0.80234375 0.0375 0.025
2 0.640625 0.78984375 0.03125 0.025
2 0.6109375 0.7859375 0.0296875 0.025
2 0.62421875 0.80859375 0.03125 0.025
2 0.62421875 0.765625 0.034375 0.025
2 0.6578125 0.7671875 0.0375 0.028125
2 0.65546875 0.74609375 0.0328125 0.025
2 0.684375 0.73515625 0.0359375 0.028125
2 0.6953125 0.7578125 0.034375 0.028125
2 0.65 0.72265625 0.040625 0.028125
2 0.62578125 0.7390625 0.0359375 0.028125
2 0.61796875 0.71484375 0.0390625 0.028125
2 0.59140625 0.709375 0.034375 0.025
2 0.609375 0.69296875 0.034375 0.025
2 0.6421875 0.696875 0.0359375 0.028125
2 0.5828125 0.68359375 0.0359375 0.025
2 0.546875 0.88671875 0.0359375 0.03125
2 0.51484375 0.88046875 0.04375 0.03125
2 0.52734375 0.85859375 0.040625 0.03125
2 0.5015625 0.84375 0.0359375 0.028125
2 0.52578125 0.83046875 0.0375 0.028125
2 0.46171875 0.809375 0.034375 0.028125
2 0.43359375 0.803125 0.040625 0.028125
2 0.3984375 0.796875 0.0390625 0.03125
2 0.4171875 0.77578125 0.034375 0.028125
2 0.44453125 0.76015625 0.034375 0.0234375
2 0.415625 0.7546875 0.034375 0.025
2 0.43984375 0.73984375 0.034375 0.0234375
2 0.4109375 0.73359375 0.034375 0.025
2 0.37890625 0.72578125 0.040625 0.025
2 0.35 0.73828125 0.0375 0.0296875
2 0.378125 0.74609375 0.0359375 0.028125
2 0.38671875 0.7671875 0.034375 0.0296875
2 0.62421875 0.6703125 0.040625 0.03125
2 0.5890625 0.659375 0.0375 0.0296875
2 0.56328125 0.65703125 0.034375 0.025
2 0.55 0.63515625 0.034375 0.03125
2 0.5765625 0.6390625 0.040625 0.028125
2 0.5421875 0.6140625 0.034375 0.0234375
2 0.5203125 0.62890625 0.03125 0.021875
2 0.5125 0.60703125 0.040625 0.025
2 0.5046875 0.58828125 0.0375 0.028125
2 0.534375 0.59296875 0.034375 0.028125
2 0.5609375 0.575 0.0375 0.025
2 0.5484375 0.55546875 0.040625 0.025
2 0.528125 0.56875 0.034375 0.0296875
2 0.49921875 0.5671875 0.0328125 0.025
2 0.46953125 0.5625 0.040625 0.0265625
2 0.475 0.58125 0.034375 0.028125
2 0.484375 0.54375 0.034375 0.0265625
2 0.4921875 0.52109375 0.034375 0.025
2 0.4625 0.52265625 0.034375 0.025
2 0.4515625 0.53828125 0.0328125 0.0265625
2 0.4234375 0.5359375 0.034375 0.025
2 0.3953125 0.52890625 0.03125 0.028125
2 0.4328125 0.51640625 0.0359375 0.025
2 0.4453125 0.49765625 0.0375 0.028125
2 0.47421875 0.5 0.0375 0.0265625
2 0.46171875 0.4796875 0.034375 0.025
2 0.43671875 0.47578125 0.0375 0.0265625
2 0.43125 0.453125 0.034375 0.025
2 0.45859375 0.4578125 0.0359375 0.025
2 0.45390625 0.43515625 0.0375 0.03125
2 0.42578125 0.4296875 0.0390625 0.03125
2 0.41015625 0.4125 0.0375 0.025
2 0.37890625 0.40859375 0.03125 0.025
2 0.4 0.39375 0.040625 0.028125
2 0.38671875 0.3734375 0.0375 0.028125
2 0.378125 0.35 0.0421875 0.0296875
2 0.346875 0.3515625 0.034375 0.025
2 0.32421875 0.3671875 0.0296875 0.025
2 0.36171875 0.33125 0.0375 0.025
2 0.35625 0.3109375 0.040625 0.028125
2 0.33515625 0.2953125 0.034375 0.025
2 0.30234375 0.29453125 0.034375 0.0234375
2 0.27734375 0.28828125 0.0328125 0.025
2 0.29296875 0.27109375 0.034375 0.025
2 0.32265625 0.27734375 0.034375 0.025
2 0.315625 0.25390625 0.034375 0.028125
2 0.290625 0.24765625 0.034375 0.0265625
2 0.31171875 0.309375 0.034375 0.028125
2 0.16640625 0.28125 0.0375 0.021875
2 0.153125 0.30078125 0.03125 0.025
2 0.13046875 0.31484375 0.034375 0.025
2 0.171875 0.31953125 0.034375 0.01875
2 0.14765625 0.33359375 0.0375 0.021875
2 0.11328125 0.334375 0.0421875 0.025
2 0.115625 0.3546875 0.0375 0.025
2 0.14453125 0.36015625 0.034375 0.025
2 0.16953125 0.34765625 0.0328125 0.0234375
2 0.19765625 0.3546875 0.0328125 0.0234375
2 0.17421875 0.36796875 0.034375 0.021875
2 0.12265625 0.37734375 0.040625 0.025
2 0.15703125 0.38359375 0.0375 0.0265625
2 0.1328125 0.3984375 0.034375 0.0265625
2 0.203125 0.37734375 0.034375 0.025
2 0.1828125 0.3921875 0.0375 0.028125
2 0.2125 0.4 0.0328125 0.028125
2 0.240625 0.40703125 0.034375 0.025
2 0.190625 0.4140625 0.0375 0.028125
2 0.16171875 0.40546875 0.0390625 0.03125
2 0.14296875 0.42578125 0.034375 0.0265625
2 0.17265625 0.4328125 0.034375 0.028125
2 0.20390625 0.440625 0.03125 0.028125
2 0.22109375 0.42265625 0.03125 0.025
2 0.24609375 0.4328125 0.03125 0.0234375
2 0.153125 0.45 0.0359375 0.025
2 0.18125 0.4578125 0.0390625 0.028125
2 0.1609375 0.47578125 0.03125 0.0265625
2 0.1890625 0.4828125 0.0359375 0.025
2 0.2078125 0.4671875 0.0296875 0.03125
2 0.2234375 0.4875 0.0359375 0.028125
2 0.19453125 0.50390625 0.03125 0.028125
2 0.1984375 0.525 0.034375 0.03125
2 0.22578125 0.5109375 0.0375 0.0265625
2 0.24765625 0.525 0.034375 0.028125
2 0.22109375 0.53671875 0.03125 0.025
2 0.27578125 0.53359375 0.03125 0.028125
2 0.296875 0.54609375 0.03125 0.0265625
2 0.25 0.54921875 0.0359375 0.025
2 0.2734375 0.55859375 0.0359375 0.028125
2 0.21953125 0.55859375 0.034375 0.025
2 0.21796875 0.58046875 0.034375 0.025
2 0.246875 0.571875 0.03125 0.021875
2 0.26875 0.5828125 0.0359375 0.025
2 0.2984375 0.56875 0.028125 0.025
2 0.240625 0.5953125 0.0328125 0.0265625
2 0.26875 0.60390625 0.03125 0.025
2 0.29921875 0.590625 0.034375 0.025
2 0.32890625 0.5984375 0.03125 0.025
2 0.3328125 0.61953125 0.03125 0.025
2 0.30390625 0.61171875 0.0375 0.025
2 0.275 0.62421875 0.034375 0.0234375
2 0.30703125 0.63203125 0.034375 0.025
2 0.27734375 0.6453125 0.0421875 0.025
2 0.31796875 0.65078125 0.03125 0.025
2 0.290625 0.66640625 0.0359375 0.025
2 0.30703125 0.6828125 0.0359375 0.028125
2 0.33515625 0.69296875 0.034375 0.025
2 0.33515625 0.66953125 0.03125 0.025
2 0.36484375 0.7015625 0.03125 0.0265625