0 0.46953125 0.62265625 0.0296875 0.040625
0 0.44296875 0.6140625 0.0328125 0.0375
0 0.4671875 0.5875 0.028125 0.0375
0 0.47109375 0.55546875 0.028125 0.0421875
0 0.48515625 0.5234375 0.03125 0.0375
0 0.44296875 0.5796875 0.028125 0.040625
0 0.4453125 0.55 0.028125 0.040625
0 0.41796875 0.57890625 0.0296875 0.04375
2 0.40234375 0.74453125 0.034375 0.0375
2 0.375 0.7390625 0.028125 0.04375
2 0.42265625 0.7296875 0.0265625 0.034375
2 0.39921875 0.709375 0.028125 0.0375
2 0.3828125 0.671875 0.0265625 0.0359375
2 0.42578125 0.46171875 0.025 0.034375
2 0.38125 0.57421875 0.025 0.034375
2 0.48984375 0.671875 0.025 0.0375
2 0.40859375 0.4875 0.025 0.034375
2 0.37890625 0.63828125 0.025 0.0359375
2 0.34765625 0.6390625 0.025 0.034375
2 0.353125 0.675 0.028125 0.034375
2 0.5078125 0.6453125 0.025 0.0375
2 0.3640625 0.6015625 0.025 0.0375
2 0.37265625 0.7015625 0.025 0.034375
2 0.4140625 0.5203125 0.028125 0.0359375
2 0.39765625 0.546875 0.0265625 0.0359375
2 0.43046875 0.6921875 0.028125 0.040625
2 0.44375 0.4359375 0.025 0.0328125
2 0.390625 0.6078125 0.025 0.0375
2 0.49140625 0.446875 0.025 0.0328125
2 0.453125 0.67578125 0.025 0.0375
2 0.3734375 0.53671875 0.025 0.034375
2 0.46640625 0.4421875 0.0265625 0.034375
2 0.5046875 0.61015625 0.025 0.0375
2 0.49921875 0.57578125 0.025 0.034375
2 0.45703125 0.4984375 0.025 0.0359375
2 0.390625 0.51171875 0.025 0.0328125
2 0.52265625 0.4859375 0.0265625 0.0359375
2 0.51484375 0.54609375 0.028125 0.0375
2 0.4734375 0.47265625 0.028125 0.0375
2 0.51640625 0.45390625 0.0265625 0.034375
2 0.5046875 0.5125 0.025 0.0375
2 0.3390625 0.596875 0.025 0.034375
2 0.415625 0.61015625 0.0265625 0.0375
2 0.4859375 0.634375 0.025 0.0375
2 0.43125 0.4921875 0.0265625 0.0359375
2 0.48671875 0.3 0.0265625 0.034375
2 0.51640625 0.41171875 0.0265625 0.0359375
2 0.4859375 0.403125 0.0265625 0.0328125
2 0.50703125 0.28671875 0.025 0.034375
2 0.44921875 0.46875 0.028125 0.0375
2 0.43046875 0.653125 0.03125 0.04375
2 0.49921875 0.47890625 0.028125 0.0375
2 0.54609375 0.52734375 0.0265625 0.034375
2 0.440625 0.52734375 0.03125 0.040625
2 0.45859375 0.29140625 0.025 0.0328125
2 0.425 0.55390625 0.028125 0.034375
2 0.5640625 0.43671875 0.0265625 0.0359375
0 0.478125 0.6 0.025 0.034375
2 0.4625 0.53125 0.0265625 0.03125
2 0.40703125 0.64453125 0.028125 0.040625
2 0.4078125 0.678125 0.025 0.034375