2 0.9203125 0.6109375 0.040625 0.0421875
2 0.92421875 0.56171875 0.0390625 0.046875
2 0.92421875 0.5140625 0.0390625 0.04375
2 0.8875 0.5828125 0.0375 0.0484375
2 0.89375 0.6421875 0.034375 0.0515625
2 0.86171875 0.6171875 0.0375 0.040625
2 0.84453125 0.65703125 0.0375 0.0484375
2 0.88984375 0.5359375 0.0375 0.046875
2 0.89375 0.49296875 0.04375 0.05
2 0.86171875 0.51875 0.0375 0.0484375
2 0.85390625 0.56953125 0.0375 0.053125
2 0.82890625 0.6078125 0.0359375 0.053125
2 0.80859375 0.64609375 0.0375 0.05
2 0.76640625 0.65 0.0390625 0.0515625
2 0.8609375 0.46953125 0.0375 0.0453125
2 0.83046875 0.5453125 0.0359375 0.046875
2 0.82734375 0.5 0.0359375 0.046875
2 0.834375 0.45 0.034375 0.0453125
2 0.80390625 0.47421875 0.0328125 0.040625
2 0.8046875 0.5765625 0.040625 0.046875
2 0.784375 0.60546875 0.03125 0.0421875
2 0.77578125 0.5671875 0.0328125 0.0453125
2 0.79609375 0.53203125 0.03125 0.04375
2 0.7796875 0.50546875 0.0328125 0.0421875
2 0.7578125 0.53046875 0.034375 0.04375
2 0.75078125 0.49140625 0.028125 0.04375
2 0.80546875 0.43046875 0.0390625 0.0484375
2 0.775 0.45859375 0.034375 0.046875
2 0.77734375 0.41015625 0.0375 0.0515625
2 0.74765625 0.44296875 0.034375 0.0453125
2 0.746875 0.39453125 0.034375 0.046875
2 0.753125 0.60390625 0.034375 0.0515625
2 0.740625 0.56640625 0.034375 0.0484375
2 0.728125 0.53046875 0.034375 0.05
2 0.721875 0.48828125 0.0328125 0.046875
2 0.73203125 0.63984375 0.0328125 0.04375
2 0.71953125 0.59921875 0.034375 0.0484375
2 0.69921875 0.634375 0.034375 0.0484375
2 0.72265625 0.42109375 0.0328125 0.0453125
2 0.72421875 0.37890625 0.0375 0.05
2 0.696875 0.40703125 0.03125 0.046875
2 0.6953125 0.36875 0.034375 0.04375
2 0.68984375 0.44453125 0.0375 0.046875
2 0.69453125 0.48671875 0.03125 0.053125
2 0.69609375 0.52578125 0.0328125 0.05
2 0.70703125 0.565625 0.03125 0.04375
2 0.6890625 0.59609375 0.0328125 0.0453125
2 0.6671875 0.62734375 0.0328125 0.0484375
2 0.6375 0.62265625 0.034375 0.04375
2 0.60703125 0.615625 0.0328125 0.0484375
2 0.6546875 0.5890625 0.034375 0.046875
2 0.625 0.57890625 0.034375 0.04375
2 0.60234375 0.56875 0.03125 0.0375
2 0.67421875 0.5609375 0.03125 0.04375
2 0.66953125 0.515625 0.034375 0.0453125
2 0.6640625 0.475 0.034375 0.0375
2 0.64140625 0.50859375 0.0328125 0.0453125
2 0.646875 0.55 0.03125 0.040625
2 0.62265625 0.5359375 0.034375 0.040625
2 0.59296875 0.53671875 0.03125 0.0375
2 0.60703125 0.5078125 0.0328125 0.0390625
2 0.62890625 0.4796875 0.0359375 0.040625
2 0.64375 0.44921875 0.0328125 0.040625
2 0.6625 0.42421875 0.03125 0.046875
2 0.640625 0.40703125 0.028125 0.04375
2 0.6609375 0.38125 0.0375 0.04375
2 0.678125 0.3390625 0.0328125 0.0453125
2 0.65078125 0.3078125 0.0359375 0.0421875
2 0.6453125 0.3453125 0.03125 0.040625
2 0.61953125 0.3359375 0.028125 0.0421875
2 0.62734375 0.29765625 0.03125 0.046875
2 0.62578125 0.37578125 0.028125 0.040625
2 0.60390625 0.3640625 0.028125 0.040625
2 0.609375 0.40078125 0.0328125 0.046875
2 0.6171875 0.4390625 0.03125 0.04375
2 0.59765625 0.46953125 0.03125 0.04375
2 0.58984375 0.43125 0.028125 0.0375
2 0.5796875 0.50390625 0.0328125 0.04375
2 0.57421875 0.465625 0.0328125 0.040625
2 0.55625 0.48984375 0.03125 0.0453125
2 0.5609375 0.53125 0.0375 0.046875