0 0.31171875 0.653125 0.015625 0.0140625
0 0.30703125 0.66484375 0.0171875 0.0109375
0 0.3203125 0.65859375 0.015625 0.0125
0 0.3203125 0.66875 0.015625 0.0125
0 0.31015625 0.67578125 0.0171875 0.0125
2 0.296875 0.6203125 0.021875 0.015625
2 0.28125 0.6234375 0.021875 0.0140625
2 0.27734375 0.63203125 0.01875 0.0125
2 0.284375 0.64296875 0.01875 0.0125
2 0.2640625 0.6453125 0.01875 0.0125
2 0.25703125 0.65546875 0.021875 0.0140625
2 0.2734375 0.6515625 0.0140625 0.0125
2 0.28203125 0.659375 0.01875 0.0125
2 0.290625 0.653125 0.015625 0.009375
2 0.29296875 0.63359375 0.01875 0.0125
2 0.29765625 0.64375 0.015625 0.0125
2 0.30859375 0.6359375 0.0140625 0.0109375
2 0.32109375 0.63828125 0.015625 0.0125
2 0.33515625 0.63828125 0.015625 0.0109375
2 0.32890625 0.6484375 0.0140625 0.0125
2 0.3421875 0.64765625 0.01875 0.0125
2 0.3328125 0.6578125 0.015625 0.0125
2 0.34765625 0.6578125 0.01875 0.0109375
2 0.33828125 0.66875 0.0171875 0.0125
2 0.35546875 0.66640625 0.015625 0.009375
2 0.28515625 0.67109375 0.01875 0.0125
2 0.28359375 0.68125 0.015625 0.0125
2 0.296875 0.67578125 0.01875 0.0109375
2 0.30234375 0.68359375 0.015625 0.0125
2 0.30625 0.69453125 0.015625 0.0109375
2 0.31015625 0.70625 0.015625 0.0125
2 0.31875 0.6859375 0.015625 0.0125
2 0.32109375 0.69765625 0.01875 0.0125
2 0.32890625 0.70859375 0.021875 0.0140625
2 0.33203125 0.690625 0.01875 0.0125
2 0.3390625 0.69921875 0.021875 0.0109375
2 0.340625 0.68125 0.01875 0.0125
2 0.34921875 0.68984375 0.0171875 0.0125
2 0.35703125 0.67734375 0.015625 0.0125
2 0.375 0.675 0.01875 0.0125
2 0.38046875 0.68359375 0.01875 0.0109375
2 0.3828125 0.69140625 0.0203125 0.009375
2 0.365625 0.6921875 0.01875 0.0125
2 0.35625 0.7046875 0.01875 0.0140625
2 0.37265625 0.70234375 0.021875 0.0125