2 0.7015625 0.71796875 0.0671875 0.05
2 0.45703125 0.38046875 0.04453125 0.0296875
2 0.484375 0.3875 0.0328125 0.028125
2 0.47734375 0.4046875 0.0375 0.02890625
2 0.45859375 0.49140625 0.03984375 0.028125
2 0.4796875 0.50859375 0.03984375 0.02578125
2 0.45234375 0.51796875 0.03984375 0.0234375
2 0.43125 0.534375 0.040625 0.0265625
2 0.44296875 0.5546875 0.0375 0.028125
2 0.428125 0.57890625 0.03671875 0.02734375
2 0.41484375 0.6046875 0.04140625 0.03125
2 0.39375 0.5875 0.03984375 0.03125
2 0.3578125 0.58984375 0.04140625 0.0265625
2 0.3296875 0.57265625 0.04140625 0.025
2 0.32265625 0.596875 0.0375 0.0296875
2 0.29140625 0.60859375 0.046875 0.03203125
2 0.29375 0.5875 0.03671875 0.02734375
2 0.2703125 0.56328125 0.04296875 0.02734375
2 0.3015625 0.56328125 0.040625 0.02578125
2 0.2921875 0.54765625 0.03359375 0.02890625
2 0.27578125 0.5328125 0.04375 0.028125
2 0.2609375 0.51015625 0.04296875 0.03046875
2 0.290625 0.49296875 0.03671875 0.0265625
2 0.3015625 0.51171875 0.03828125 0.0328125
2 0.328125 0.5265625 0.03515625 0.03203125
2 0.35078125 0.54140625 0.03984375 0.028125
2 0.36484375 0.56171875 0.04375 0.0296875
2 0.40234375 0.56015625 0.04296875 0.03359375
2 0.38671875 0.53984375 0.034375 0.0265625
2 0.365625 0.525 0.04296875 0.02578125
2 0.34140625 0.5078125 0.03984375 0.0234375
2 0.3265625 0.4859375 0.0328125 0.028125
2 0.3546875 0.46875 0.0375 0.02578125
2 0.384375 0.47578125 0.03359375 0.02734375
2 0.41484375 0.48125 0.02734375 0.0265625
2 0.4296875 0.50234375 0.03671875 0.02421875
0 0.39765625 0.5 0.03984375 0.02890625
0 0.3609375 0.49296875 0.03515625 0.02421875