2 0.4828125 0.6875 0.034375 0.04375
2 0.51640625 0.6796875 0.034375 0.0421875
2 0.5359375 0.63046875 0.028125 0.040625
2 0.55078125 0.6671875 0.0328125 0.04375
2 0.5828125 0.65859375 0.0296875 0.0375
2 0.553125 0.58359375 0.0359375 0.040625
2 0.56953125 0.61953125 0.034375 0.040625
2 0.60703125 0.62265625 0.0328125 0.0453125
2 0.64140625 0.646875 0.034375 0.0453125
2 0.61875 0.58203125 0.0328125 0.0421875
2 0.61484375 0.53359375 0.034375 0.05
2 0.640625 0.60390625 0.0328125 0.0453125
2 0.64453125 0.55546875 0.03125 0.0484375
2 0.66875 0.58125 0.034375 0.0375
2 0.67578125 0.61875 0.0375 0.05
2 0.68671875 0.54765625 0.028125 0.0421875
2 0.66875 0.5171875 0.0328125 0.04375