0 0.54296875 0.55078125 0.028125 0.025
2 0.5609375 0.54140625 0.028125 0.021875
2 0.58828125 0.54921875 0.028125 0.025
2 0.59296875 0.56796875 0.034375 0.025
2 0.56484375 0.5640625 0.03125 0.021875
2 0.4984375 0.5890625 0.034375 0.028125
2 0.52265625 0.60234375 0.03125 0.025
2 0.5515625 0.59375 0.0328125 0.025
2 0.5515625 0.615625 0.034375 0.025
2 0.54765625 0.6390625 0.034375 0.028125
2 0.575 0.640625 0.034375 0.028125
2 0.52109375 0.62734375 0.0328125 0.025
2 0.52109375 0.6484375 0.0328125 0.021875
2 0.49453125 0.6328125 0.03125 0.021875
2 0.3484375 0.60859375 0.0328125 0.025
2 0.35625 0.584375 0.034375 0.025
2 0.3765625 0.56796875 0.0375 0.025
2 0.40078125 0.57890625 0.03125 0.025
2 0.47109375 0.59921875 0.0328125 0.028125
0 0.43125 0.59375 0.034375 0.025
0 0.3828125 0.5890625 0.0328125 0.021875
0 0.4046875 0.60703125 0.040625 0.028125
0 0.4546875 0.6125 0.03125 0.025
0 0.46171875 0.634375 0.040625 0.025
0 0.4828125 0.6515625 0.0390625 0.025
0 0.45234375 0.65859375 0.0359375 0.0265625
0 0.4265625 0.64296875 0.040625 0.025
0 0.39921875 0.6625 0.040625 0.028125
0 0.42734375 0.665625 0.04375 0.025
1 0.41875 0.684375 0.0375 0.025
1 0.42578125 0.73984375 0.0375 0.028125
1 0.44453125 0.75546875 0.0328125 0.025
1 0.47421875 0.7484375 0.0375 0.028125
1 0.45234375 0.73203125 0.0375 0.025
1 0.528125 0.7625 0.040625 0.028125
1 0.459375 0.7984375 0.040625 0.028125
1 0.42578125 0.8015625 0.040625 0.028125
1 0.39296875 0.7859375 0.0375 0.03125
0 0.3828125 0.6984375 0.040625 0.028125
0 0.446875 0.68828125 0.034375 0.0234375
0 0.44765625 0.71015625 0.04375 0.021875
0 0.42109375 0.71875 0.040625 0.025
0 0.48125 0.71953125 0.034375 0.028125
0 0.51796875 0.73671875 0.040625 0.028125
0 0.53828125 0.7875 0.04375 0.0265625
0 0.50234375 0.78046875 0.040625 0.0234375
0 0.51328125 0.8046875 0.040625 0.028125
0 0.54375 0.8109375 0.04375 0.028125
0 0.51796875 0.83671875 0.034375 0.03125
0 0.54765625 0.84296875 0.040625 0.0359375
2 0.50234375 0.8921875 0.040625 0.03125
2 0.46875 0.88203125 0.03125 0.028125
2 0.4390625 0.87265625 0.0390625 0.03125
2 0.4359375 0.84921875 0.0375 0.03125
2 0.46328125 0.85859375 0.0375 0.028125
2 0.4609375 0.83828125 0.034375 0.028125
2 0.48984375 0.84609375 0.04375 0.028125
2 0.4953125 0.86796875 0.046875 0.03125
2 0.53203125 0.8796875 0.046875 0.03125
2 0.5765625 0.84765625 0.03125 0.03125
2 0.59375 0.82890625 0.0421875 0.0296875
2 0.58203125 0.803125 0.0390625 0.028125
2 0.575 0.77890625 0.0359375 0.0296875
2 0.603125 0.7796875 0.03125 0.03125
2 0.61953125 0.75625 0.0375 0.03125
2 0.5640625 0.76015625 0.0375 0.0296875
2 0.58984375 0.75703125 0.0375 0.028125
2 0.57578125 0.7359375 0.0375 0.028125
2 0.553125 0.73671875 0.034375 0.021875
2 0.3859375 0.8234375 0.0328125 0.03125
2 0.40390625 0.84765625 0.0375 0.028125
0 0.4203125 0.82734375 0.040625 0.03125
0 0.44765625 0.81953125 0.0359375 0.028125
0 0.375 0.76484375 0.0328125 0.025
2 0.34375 0.7265625 0.0390625 0.0328125
2 0.3734375 0.7265625 0.0359375 0.025
2 0.32578125 0.70546875 0.0453125 0.028125
2 0.3359375 0.68359375 0.0359375 0.025
2 0.35625 0.7015625 0.0328125 0.025
2 0.359375 0.68046875 0.034375 0.025
2 0.47109375 0.684375 0.03125 0.028125
2 0.48125 0.703125 0.0375 0.021875
2 0.5078125 0.6984375 0.040625 0.025
2 0.49296875 0.67578125 0.034375 0.028125
2 0.325 0.64140625 0.040625 0.03125
2 0.35078125 0.6609375 0.040625 0.028125
2 0.3640625 0.64296875 0.034375 0.028125
0 0.39375 0.6390625 0.0359375 0.028125
2 0.37109375 0.62421875 0.0390625 0.021875
2 0.36875 0.6078125 0.040625 0.0296875