0 0.2890625 0.503125 0.0234375 0.0375
0 0.30859375 0.4921875 0.025 0.0375
0 0.25859375 0.46328125 0.0296875 0.0375
0 0.2828125 0.453125 0.025 0.03125
0 0.2859375 0.425 0.025 0.0375
0 0.29921875 0.44375 0.0234375 0.03125
0 0.30234375 0.409375 0.025 0.040625
0 0.33046875 0.4796875 0.025 0.0328125
0 0.34765625 0.490625 0.021875 0.034375
0 0.36640625 0.50546875 0.0265625 0.034375
0 0.4140625 0.5453125 0.021875 0.028125
0 0.47734375 0.51328125 0.025 0.03125
0 0.4953125 0.52109375 0.0265625 0.028125
0 0.5125 0.534375 0.025 0.03125
1 0.3421875 0.3796875 0.025 0.0296875
1 0.321875 0.421875 0.025 0.0296875
1 0.409375 0.45625 0.021875 0.0296875
1 0.42265625 0.40390625 0.021875 0.03125
1 0.4578125 0.41796875 0.025 0.0265625
1 0.4421875 0.4375 0.0234375 0.0265625
1 0.44921875 0.471875 0.021875 0.025
1 0.43828125 0.52421875 0.0265625 0.03125
2 0.2421875 0.440625 0.025 0.034375
2 0.2578125 0.42109375 0.025 0.034375
2 0.2375 0.478125 0.025 0.034375
2 0.2578125 0.4921875 0.0265625 0.034375
2 0.28359375 0.5296875 0.028125 0.034375
2 0.30234375 0.54140625 0.025 0.0359375
2 0.32265625 0.51796875 0.028125 0.034375
2 0.32421875 0.55078125 0.0296875 0.0375
2 0.3421875 0.534375 0.0265625 0.034375
2 0.3625 0.54296875 0.0265625 0.03125
2 0.34921875 0.5734375 0.0265625 0.0375
2 0.36953125 0.5703125 0.025 0.0359375
2 0.38359375 0.55859375 0.0265625 0.034375
2 0.38984375 0.584375 0.0265625 0.0296875
2 0.37734375 0.6140625 0.025 0.0328125
2 0.39765625 0.61171875 0.0265625 0.0359375
2 0.4171875 0.59921875 0.025 0.034375
2 0.41953125 0.62890625 0.028125 0.034375
2 0.4359375 0.6109375 0.025 0.0375
2 0.409375 0.57265625 0.025 0.0296875
2 0.3890625 0.3359375 0.025 0.03125
2 0.403125 0.3546875 0.0234375 0.03125
2 0.425 0.35234375 0.025 0.0328125
2 0.4515625 0.553125 0.0234375 0.0328125
2 0.471875 0.54140625 0.025 0.0328125
2 0.4890625 0.5515625 0.025 0.0328125
2 0.509375 0.56328125 0.0265625 0.0328125
2 0.5296875 0.571875 0.021875 0.03125
2 0.5484375 0.578125 0.0265625 0.034375
2 0.54140625 0.55703125 0.028125 0.034375
2 0.5640625 0.56328125 0.025 0.028125
2 0.51484375 0.3796875 0.028125 0.034375
2 0.44296875 0.3671875 0.021875 0.0296875
2 0.47109375 0.36953125 0.025 0.0296875
2 0.5953125 0.55078125 0.028125 0.034375
2 0.61328125 0.53515625 0.025 0.0296875
2 0.64140625 0.47421875 0.01875 0.03125
2 0.6375 0.4265625 0.021875 0.0265625
2 0.6171875 0.409375 0.025 0.0296875
2 0.6078125 0.4359375 0.0203125 0.025
2 0.5875 0.41328125 0.028125 0.0296875
2 0.56640625 0.40390625 0.021875 0.03125