0 0.37734375 0.5765625 0.034375 0.05
0 0.33125 0.54609375 0.034375 0.046875
0 0.35703125 0.51953125 0.0359375 0.05
0 0.35546875 0.4734375 0.034375 0.046875
0 0.378125 0.44609375 0.034375 0.046875
0 0.34453125 0.4375 0.04375 0.053125
0 0.3203125 0.4625 0.0359375 0.053125
0 0.32578125 0.50546875 0.0390625 0.046875
0 0.29765625 0.528125 0.034375 0.04375
0 0.2921875 0.4875 0.0359375 0.05
2 0.48125 0.75859375 0.040625 0.046875
2 0.4703125 0.72265625 0.0375 0.04375
2 0.446875 0.75703125 0.034375 0.046875
2 0.4375 0.7125 0.0375 0.04375
2 0.4203125 0.74375 0.0328125 0.0421875
2 0.4640625 0.6890625 0.0375 0.046875
2 0.45 0.6609375 0.0328125 0.0421875
2 0.42421875 0.684375 0.0390625 0.0421875
2 0.40078125 0.71484375 0.0375 0.046875
2 0.39609375 0.6640625 0.025 0.0375
2 0.42109375 0.64140625 0.040625 0.05
2 0.45 0.61875 0.0375 0.053125
2 0.37421875 0.69375 0.0375 0.05
2 0.35546875 0.66640625 0.040625 0.0453125
2 0.34453125 0.628125 0.034375 0.05
2 0.3328125 0.6046875 0.0359375 0.053125
2 0.37890625 0.6375 0.0359375 0.040625
2 0.4046875 0.615625 0.040625 0.05
2 0.4296875 0.58984375 0.040625 0.053125
2 0.42578125 0.55390625 0.0390625 0.046875
2 0.4015625 0.57890625 0.0328125 0.046875
2 0.38046875 0.54375 0.0390625 0.0390625
2 0.40859375 0.5203125 0.0390625 0.05
2 0.378125 0.5078125 0.03125 0.0453125
2 0.40703125 0.48203125 0.040625 0.046875
2 0.4078125 0.440625 0.0359375 0.05625
2 0.4359375 0.42421875 0.0375 0.05625
2 0.4109375 0.39765625 0.0375 0.046875
2 0.3765625 0.378125 0.0359375 0.05
2 0.34296875 0.36484375 0.034375 0.053125
2 0.34921875 0.403125 0.040625 0.05
2 0.3109375 0.3890625 0.0390625 0.053125
2 0.28515625 0.41875 0.0375 0.05625
2 0.25078125 0.40078125 0.040625 0.053125
2 0.225 0.43046875 0.0375 0.05625
2 0.25703125 0.44921875 0.034375 0.053125
2 0.23203125 0.46875 0.040625 0.05625
2 0.26484375 0.48671875 0.0328125 0.046875
2 0.2390625 0.51796875 0.04375 0.05625
2 0.271875 0.5265625 0.034375 0.053125
2 0.24921875 0.5515625 0.040625 0.05
2 0.2796875 0.559375 0.0375 0.05
2 0.29453125 0.596875 0.040625 0.05625
2 0.30625 0.63515625 0.034375 0.0421875
2 0.31796875 0.6640625 0.040625 0.053125
2 0.28671875 0.66953125 0.0359375 0.046875
2 0.27421875 0.63125 0.0421875 0.05625
2 0.2421875 0.6265625 0.0375 0.053125
2 0.25703125 0.59609375 0.028125 0.05
2 0.23203125 0.5828125 0.040625 0.05625
2 0.209375 0.609375 0.0375 0.059375