1 0.3734375 0.63203125 0.02734375 0.02265625
1 0.3625 0.65703125 0.0296875 0.021875
1 0.4296875 0.51796875 0.02734375 0.021875
0 0.45078125 0.49609375 0.02890625 0.02578125
0 0.41015625 0.49765625 0.0296875 0.02109375
0 0.3890625 0.50859375 0.02734375 0.0234375
0 0.33125 0.52265625 0.03203125 0.02265625
0 0.3828125 0.53046875 0.02734375 0.021875
0 0.4078125 0.5296875 0.02734375 0.01875
0 0.39453125 0.54609375 0.03125 0.02109375
0 0.365625 0.55390625 0.03125 0.021875
0 0.37890625 0.5640625 0.0265625 0.021875
0 0.3921875 0.58046875 0.0234375 0.02109375
0 0.415625 0.57734375 0.0296875 0.02421875
0 0.40390625 0.5625 0.0265625 0.0203125
0 0.425 0.55859375 0.0296875 0.01796875
0 0.4359375 0.571875 0.03125 0.02109375
0 0.42109375 0.54296875 0.0328125 0.021875
0 0.371875 0.5859375 0.02890625 0.02109375
0 0.3796875 0.6015625 0.03046875 0.021875
0 0.3953125 0.615625 0.02734375 0.021875
0 0.34921875 0.6015625 0.03203125 0.02421875
0 0.365625 0.6125 0.0296875 0.01953125
0 0.334375 0.61640625 0.03125 0.02109375
0 0.33046875 0.634375 0.03125 0.02265625
0 0.35390625 0.628125 0.02421875 0.021875
0 0.34921875 0.646875 0.02734375 0.02421875
0 0.321875 0.65546875 0.0328125 0.0203125
0 0.3390625 0.66953125 0.02890625 0.02265625
0 0.3953125 0.6453125 0.02734375 0.02578125
2 0.28359375 0.6546875 0.0296875 0.02890625
2 0.29765625 0.6671875 0.028125 0.021875
2 0.296875 0.68515625 0.03046875 0.021875
2 0.31796875 0.68515625 0.03203125 0.02265625
2 0.3109375 0.7015625 0.03046875 0.02265625
2 0.30625 0.71875 0.03203125 0.021875
2 0.33046875 0.7140625 0.03203125 0.025
2 0.34140625 0.6984375 0.0296875 0.021875
2 0.29765625 0.6296875 0.03203125 0.02734375
2 0.3046875 0.60859375 0.03203125 0.02421875
2 0.31328125 0.59375 0.034375 0.02578125
2 0.31953125 0.57578125 0.03828125 0.02421875
2 0.31953125 0.55703125 0.0328125 0.025
2 0.2890625 0.5546875 0.03046875 0.0234375
2 0.27109375 0.54375 0.03203125 0.02578125
2 0.28359375 0.52890625 0.03125 0.0234375
2 0.30390625 0.5421875 0.03203125 0.021875
2 0.3140625 0.528125 0.02734375 0.02578125
2 0.33984375 0.5484375 0.0234375 0.02109375
2 0.3453125 0.56796875 0.02890625 0.021875
2 0.4171875 0.61640625 0.02734375 0.021875
2 0.4203125 0.634375 0.03359375 0.0234375
2 0.41875 0.59140625 0.0296875 0.0234375
2 0.44140625 0.5890625 0.0328125 0.025
2 0.465625 0.5859375 0.03046875 0.02578125
2 0.45625 0.56015625 0.03046875 0.021875
2 0.440625 0.5453125 0.03203125 0.01953125
2 0.52421875 0.5171875 0.03203125 0.025
2 0.4828125 0.50859375 0.034375 0.02421875
2 0.42734375 0.47109375 0.03203125 0.0234375
2 0.3828125 0.48828125 0.0328125 0.02578125
2 0.4078125 0.48203125 0.02890625 0.02109375
2 0.3578125 0.49609375 0.0265625 0.02109375
2 0.353125 0.5125 0.02890625 0.021875
2 0.36875 0.52421875 0.03125 0.01796875
2 0.3328125 0.4921875 0.03046875 0.0234375
2 0.31796875 0.50625 0.03359375 0.0234375
2 0.3046875 0.4921875 0.03203125 0.02265625
2 0.29609375 0.51328125 0.034375 0.021875