0 0.3125 0.6734375 0.028125 0.034375
0 0.29453125 0.6546875 0.034375 0.04375
0 0.3015625 0.6234375 0.0328125 0.034375
0 0.325 0.634375 0.034375 0.0375
0 0.3421875 0.61015625 0.03125 0.0375
0 0.33515625 0.584375 0.03125 0.0359375
0 0.3109375 0.59140625 0.03125 0.0375
0 0.28515625 0.5921875 0.03125 0.0390625
0 0.303125 0.565625 0.03125 0.0375
0 0.325 0.55625 0.028125 0.034375
0 0.35390625 0.5625 0.03125 0.0359375
0 0.37734375 0.56328125 0.0328125 0.0375
0 0.3703125 0.5328125 0.03125 0.04375
0 0.35390625 0.50859375 0.03125 0.0359375
0 0.3390625 0.48203125 0.03125 0.0375
0 0.34375 0.53515625 0.03125 0.034375
0 0.32890625 0.5140625 0.03125 0.0390625
0 0.31171875 0.53046875 0.03125 0.0390625
2 0.4828125 0.525 0.0328125 0.0359375
2 0.4796875 0.4796875 0.0328125 0.0421875
2 0.46484375 0.5015625 0.0328125 0.04375
2 0.453125 0.47109375 0.028125 0.0375
2 0.446875 0.4453125 0.028125 0.034375
2 0.46015625 0.421875 0.03125 0.0390625
2 0.45078125 0.521875 0.03125 0.0375
2 0.446875 0.55546875 0.0296875 0.034375
2 0.43828125 0.49609375 0.0265625 0.034375
2 0.428125 0.5203125 0.0265625 0.034375
2 0.42890625 0.465625 0.028125 0.0359375
2 0.4203125 0.4328125 0.028125 0.04375
2 0.415625 0.4921875 0.0265625 0.03125
2 0.4046875 0.46484375 0.028125 0.040625
2 0.3953125 0.428125 0.0265625 0.0375
2 0.39296875 0.39453125 0.034375 0.0375
2 0.3953125 0.2921875 0.03125 0.0421875
2 0.39296875 0.49765625 0.028125 0.040625
2 0.37421875 0.47421875 0.028125 0.034375
2 0.38203125 0.44296875 0.0265625 0.0375
2 0.40546875 0.528125 0.028125 0.04375
2 0.421875 0.553125 0.03125 0.040625
2 0.42421875 0.58125 0.028125 0.0375
2 0.4 0.584375 0.025 0.0390625
2 0.3953125 0.55390625 0.025 0.03125
2 0.4140625 0.61171875 0.028125 0.0375
2 0.40234375 0.63984375 0.03125 0.040625
2 0.38671875 0.61015625 0.028125 0.0375
2 0.36484375 0.62421875 0.028125 0.0359375
2 0.37890625 0.65078125 0.028125 0.04375
2 0.396875 0.6734375 0.0296875 0.0390625
2 0.38828125 0.70703125 0.03125 0.040625
2 0.3703125 0.678125 0.03125 0.0375
2 0.3671875 0.72265625 0.028125 0.04375
2 0.3515625 0.70390625 0.0296875 0.040625
2 0.33046875 0.721875 0.034375 0.046875
2 0.35703125 0.65625 0.028125 0.040625
2 0.3375 0.65625 0.025 0.034375
2 0.3296875 0.68359375 0.025 0.0359375
2 0.30859375 0.70390625 0.028125 0.03125
2 0.28828125 0.68125 0.025 0.034375
2 0.265625 0.6921875 0.0328125 0.040625
2 0.24921875 0.6703125 0.034375 0.040625
2 0.271875 0.65390625 0.0296875 0.04375
2 0.25390625 0.634375 0.034375 0.04375
2 0.2703125 0.61171875 0.03125 0.0375
2 0.26796875 0.58046875 0.03125 0.040625
2 0.28125 0.55078125 0.0328125 0.040625
2 0.29140625 0.521875 0.03125 0.0390625
2 0.30234375 0.496875 0.034375 0.0390625
2 0.31875 0.47578125 0.0265625 0.034375
2 0.32734375 0.446875 0.034375 0.0421875
2 0.35625 0.4421875 0.03125 0.0375
2 0.33984375 0.4171875 0.034375 0.04375