0 0.2796875 0.69765625 0.034375 0.025
0 0.33203125 0.69609375 0.0375 0.025
0 0.3046875 0.7125 0.0421875 0.03125
0 0.275 0.72578125 0.040625 0.03125
0 0.31875 0.73515625 0.04375 0.028125
0 0.3484375 0.71796875 0.040625 0.028125
0 0.34140625 0.75859375 0.04375 0.0328125
0 0.31328125 0.7703125 0.04375 0.03125
0 0.28828125 0.78984375 0.04375 0.03125
0 0.30703125 0.809375 0.0421875 0.028125
0 0.3328125 0.79296875 0.0375 0.028125
0 0.365625 0.78125 0.0421875 0.0296875
2 0.22734375 0.72421875 0.046875 0.0328125
2 0.240625 0.74921875 0.0421875 0.034375
2 0.27578125 0.76015625 0.04375 0.028125
2 0.2203125 0.78828125 0.046875 0.034375
2 0.25546875 0.78515625 0.034375 0.034375
2 0.2640625 0.83203125 0.0421875 0.034375
2 0.3 0.8328125 0.04375 0.028125
2 0.3390625 0.82421875 0.04375 0.034375
2 0.40546875 0.8 0.05 0.028125
2 0.3703125 0.8046875 0.0453125 0.03125
2 0.40234375 0.77734375 0.0453125 0.03125
2 0.4390625 0.76796875 0.046875 0.03125
2 0.43125 0.740625 0.0375 0.034375
2 0.40234375 0.74921875 0.0453125 0.0328125
2 0.37890625 0.72265625 0.0375 0.028125
2 0.3640625 0.7515625 0.0375 0.034375
2 0.25234375 0.6984375 0.040625 0.034375