2 0.3890625 0.6640625 0.0265625 0.034375
2 0.36953125 0.6703125 0.025 0.0359375
2 0.3484375 0.66953125 0.025 0.034375
2 0.3671875 0.64375 0.021875 0.034375
2 0.38515625 0.63515625 0.0234375 0.028125
0 0.37421875 0.6078125 0.021875 0.0328125
2 0.38984375 0.60703125 0.021875 0.0328125
2 0.3578125 0.6203125 0.0203125 0.028125
2 0.34609375 0.6421875 0.0234375 0.0375
2 0.340625 0.60625 0.021875 0.0296875
2 0.3546875 0.590625 0.0234375 0.028125
2 0.35546875 0.56796875 0.021875 0.03125
2 0.33828125 0.57265625 0.0234375 0.03125
2 0.32265625 0.58515625 0.0234375 0.0328125
0 0.32265625 0.546875 0.025 0.034375
2 0.3421875 0.54375 0.025 0.0328125