0 0.67421875 0.48515625 0.0296875 0.0375
0 0.6921875 0.4796875 0.0265625 0.040625
0 0.68125 0.515625 0.028125 0.0375
0 0.68203125 0.4453125 0.03125 0.04375
0 0.67109375 0.40625 0.0296875 0.040625
0 0.65625 0.375 0.03125 0.04375
2 0.6 0.30234375 0.034375 0.04375
2 0.621875 0.2859375 0.0296875 0.0421875
2 0.6359375 0.31796875 0.03125 0.04375
2 0.61484375 0.34140625 0.028125 0.04375
2 0.61171875 0.375 0.03125 0.040625
2 0.63828125 0.3671875 0.0296875 0.040625
2 0.63046875 0.40234375 0.028125 0.0375
2 0.65546875 0.34140625 0.03125 0.040625
2 0.70703125 0.36953125 0.034375 0.04375
2 0.72109375 0.40859375 0.034375 0.0375
2 0.728125 0.43828125 0.03125 0.0328125
2 0.74375 0.46796875 0.034375 0.040625
2 0.72421875 0.48359375 0.028125 0.0390625
2 0.69765625 0.42421875 0.03125 0.04375
2 0.64453125 0.4296875 0.0328125 0.0390625
2 0.6359375 0.465625 0.0296875 0.0375
2 0.64921875 0.49921875 0.03125 0.04375
2 0.72265625 0.525 0.03125 0.0484375
2 0.7140625 0.5609375 0.0328125 0.04375
2 0.68671875 0.56640625 0.0328125 0.0453125