0 0.63125 0.3625 0.0375 0.05
0 0.6328125 0.4046875 0.034375 0.046875
0 0.61953125 0.446875 0.0375 0.05
0 0.59375 0.4703125 0.0375 0.05
0 0.63046875 0.48203125 0.04375 0.0453125
0 0.61484375 0.52578125 0.040625 0.053125
0 0.646875 0.51640625 0.0390625 0.0484375
0 0.67265625 0.540625 0.0421875 0.05625
0 0.7046875 0.5359375 0.034375 0.059375
0 0.68125 0.5078125 0.0375 0.046875
0 0.66015625 0.47421875 0.0375 0.046875
0 0.6546875 0.44140625 0.0375 0.05
0 0.68671875 0.428125 0.040625 0.0578125
0 0.696875 0.46328125 0.0375 0.0484375
0 0.71171875 0.49921875 0.034375 0.053125
2 0.56015625 0.29453125 0.040625 0.05625
2 0.57421875 0.3359375 0.040625 0.059375
2 0.58984375 0.2953125 0.0359375 0.0546875
2 0.60078125 0.353125 0.034375 0.0625
2 0.62109375 0.3203125 0.0359375 0.046875
2 0.65625 0.31875 0.0375 0.053125
2 0.66640625 0.3625 0.0375 0.053125
2 0.68984375 0.33828125 0.034375 0.0453125
2 0.7078125 0.36875 0.040625 0.05625
2 0.57421875 0.390625 0.0375 0.053125
2 0.596875 0.42421875 0.034375 0.053125
2 0.5765625 0.49375 0.0421875 0.046875
2 0.559375 0.5234375 0.034375 0.05
2 0.59140625 0.52734375 0.0359375 0.0484375
2 0.58671875 0.56640625 0.040625 0.053125
2 0.61875 0.55625 0.040625 0.0421875
2 0.64921875 0.57890625 0.0375 0.0578125
2 0.678125 0.59296875 0.040625 0.0546875
2 0.70625 0.5703125 0.040625 0.05
2 0.74140625 0.5015625 0.034375 0.05
2 0.734375 0.54296875 0.040625 0.05
2 0.74140625 0.58359375 0.040625 0.05
2 0.71796875 0.61171875 0.04375 0.0484375
2 0.7734375 0.5125 0.0421875 0.053125
2 0.77109375 0.55625 0.034375 0.053125
2 0.7796875 0.60625 0.0421875 0.053125
2 0.75234375 0.6265625 0.0390625 0.05
2 0.83203125 0.53359375 0.05 0.05625
2 0.80625 0.5796875 0.0421875 0.059375
2 0.83984375 0.5921875 0.0421875 0.0546875
2 0.81640625 0.6265625 0.046875 0.05625
2 0.7890625 0.65 0.0484375 0.053125
2 0.759375 0.675 0.0484375 0.0625
2 0.80234375 0.69296875 0.0421875 0.0546875
2 0.8265625 0.67265625 0.040625 0.05
2 0.8546875 0.634375 0.0421875 0.0578125
2 0.8640625 0.6828125 0.04375 0.059375
2 0.834375 0.7140625 0.0453125 0.046875
2 0.8078125 0.7484375 0.04375 0.05625
2 0.85234375 0.75625 0.046875 0.0578125