0 0.3265625 0.321875 0.025 0.034375
0 0.328125 0.37265625 0.0234375 0.034375
0 0.3125 0.34609375 0.03125 0.040625
0 0.29921875 0.3171875 0.03125 0.0390625
0 0.28984375 0.36015625 0.028125 0.0421875
0 0.30703125 0.3890625 0.028125 0.040625
0 0.2671875 0.38203125 0.03125 0.0421875
0 0.25546875 0.3546875 0.03125 0.04375
0 0.23671875 0.33046875 0.03125 0.04375
0 0.2171875 0.3484375 0.028125 0.040625
0 0.23359375 0.3734375 0.0265625 0.0375
0 0.2453125 0.40546875 0.028125 0.040625
2 0.30078125 0.27109375 0.03125 0.0453125
2 0.27578125 0.28359375 0.034375 0.040625
2 0.265625 0.31875 0.028125 0.04375
2 0.23828125 0.2640625 0.0328125 0.046875
2 0.240625 0.29765625 0.0328125 0.034375
2 0.1953125 0.30625 0.034375 0.040625
2 0.19453125 0.34140625 0.028125 0.0421875
2 0.203125 0.3796875 0.0328125 0.04375
2 0.2265625 0.44453125 0.028125 0.0484375
2 0.221875 0.41015625 0.03125 0.04375
2 0.24921875 0.44140625 0.0296875 0.04375
2 0.2578125 0.47734375 0.03125 0.0453125
2 0.28515625 0.46953125 0.034375 0.0375
2 0.27578125 0.44140625 0.03125 0.04375
2 0.30234375 0.41875 0.028125 0.0375
2 0.27421875 0.40390625 0.0328125 0.0375
2 0.32578125 0.2953125 0.0328125 0.040625
2 0.34140625 0.0109375 0.028125 0.021875