0 0.27890625 0.58203125 0.04453125 0.03359375
0 0.30703125 0.56484375 0.0453125 0.034375
0 0.3453125 0.55625 0.04453125 0.0390625
0 0.37734375 0.54140625 0.04609375 0.0359375
0 0.38359375 0.57109375 0.04765625 0.0328125
0 0.33671875 0.58203125 0.04609375 0.03203125
0 0.31171875 0.6 0.04375 0.03515625
0 0.3421875 0.61640625 0.03984375 0.03046875
0 0.3703125 0.59375 0.040625 0.03046875
0 0.4140625 0.55 0.04140625 0.02890625
0 0.421875 0.57578125 0.0453125 0.03203125
0 0.4515625 0.55703125 0.0453125 0.0375
0 0.46328125 0.58515625 0.046875 0.034375
0 0.4875 0.56796875 0.0421875 0.0328125
0 0.453125 0.6078125 0.0453125 0.034375
0 0.40859375 0.5984375 0.04609375 0.0296875
0 0.3828125 0.61953125 0.04765625 0.03203125
0 0.421875 0.62421875 0.0453125 0.03359375
0 0.3578125 0.640625 0.04453125 0.02734375
0 0.31953125 0.640625 0.0453125 0.0328125
0 0.284375 0.6296875 0.0453125 0.03359375
0 0.28046875 0.65625 0.05234375 0.02890625
0 0.303125 0.6796875 0.04375 0.03359375
0 0.33515625 0.66796875 0.04140625 0.0296875
0 0.371875 0.66640625 0.04140625 0.0328125
0 0.40234375 0.64921875 0.0453125 0.03671875
0 0.4875 0.61640625 0.04453125 0.03046875
0 0.50390625 0.590625 0.03828125 0.03203125
0 0.54296875 0.59375 0.04375 0.03125
0 0.52578125 0.61875 0.0453125 0.0296875
0 0.503125 0.6421875 0.04921875 0.0296875
0 0.51796875 0.66875 0.0421875 0.0328125
0 0.48203125 0.6671875 0.04765625 0.0328125
0 0.453125 0.68671875 0.0484375 0.03515625
0 0.490625 0.69375 0.0453125 0.0328125
2 0.24765625 0.48203125 0.05234375 0.034375
2 0.21953125 0.503125 0.04765625 0.03515625
2 0.26015625 0.5109375 0.0390625 0.02890625
2 0.23359375 0.5328125 0.04375 0.03515625
2 0.271875 0.5359375 0.040625 0.03203125
2 0.28671875 0.48671875 0.0421875 0.03359375
2 0.30234375 0.46484375 0.04140625 0.0296875
2 0.32734375 0.4890625 0.04140625 0.0296875
2 0.35 0.471875 0.0484375 0.0359375
2 0.3390625 0.51484375 0.0421875 0.0296875
2 0.29453125 0.5109375 0.04453125 0.02578125
2 0.3078125 0.53515625 0.04140625 0.03125
2 0.2375 0.56015625 0.0421875 0.0296875
2 0.25 0.58828125 0.03984375 0.0328125
2 0.2671875 0.61328125 0.0390625 0.028125
2 0.22578125 0.61953125 0.03828125 0.028125
2 0.25078125 0.6390625 0.04609375 0.03515625
2 0.23203125 0.6609375 0.0453125 0.0375
2 0.23203125 0.69296875 0.046875 0.034375
2 0.26875 0.68671875 0.03828125 0.03203125
2 0.265625 0.7140625 0.040625 0.03203125
2 0.30625 0.72109375 0.0515625 0.0375
2 0.340625 0.703125 0.0390625 0.03125
2 0.37421875 0.71171875 0.04375 0.0296875
2 0.39765625 0.69296875 0.0421875 0.0328125
2 0.43515625 0.7046875 0.04140625 0.028125
2 0.475 0.7109375 0.040625 0.0328125
2 0.51171875 0.72890625 0.0390625 0.0296875
2 0.553125 0.73515625 0.0453125 0.0375
2 0.5578125 0.70703125 0.0484375 0.0390625
2 0.5796875 0.68125 0.04375 0.0359375
2 0.56953125 0.6546875 0.040625 0.034375
2 0.60703125 0.659375 0.040625 0.0390625
2 0.571875 0.62890625 0.0421875 0.03671875
2 0.61484375 0.6328125 0.0453125 0.03515625
2 0.59921875 0.60625 0.04453125 0.0296875
2 0.58984375 0.58046875 0.04453125 0.03359375
2 0.55078125 0.54609375 0.04140625 0.03125
2 0.51796875 0.53671875 0.03828125 0.03359375
2 0.55703125 0.57421875 0.0390625 0.0328125
2 0.52890625 0.56953125 0.0359375 0.0328125
2 0.48046875 0.5296875 0.04453125 0.0328125
2 0.46953125 0.5015625 0.0453125 0.0328125
2 0.39296875 0.48125 0.04453125 0.034375
2 0.42890625 0.490625 0.03828125 0.0296875
2 0.40390625 0.50859375 0.04140625 0.03046875
2 0.43984375 0.5203125 0.0421875 0.03125
2 0.36328125 0.4984375 0.04375 0.03203125
2 0.4328125 0.64765625 0.034375 0.03046875