2 0.41484375 0.171875 0.03125 0.0390625
2 0.43203125 0.2078125 0.034375 0.040625
2 0.43046875 0.24296875 0.028125 0.0375
2 0.4046875 0.20625 0.028125 0.040625
2 0.40390625 0.24140625 0.028125 0.034375
2 0.41015625 0.275 0.03125 0.0375
2 0.37578125 0.2078125 0.03125 0.040625
2 0.375 0.24375 0.028125 0.0375
2 0.3796875 0.27890625 0.028125 0.0390625
2 0.3953125 0.31015625 0.0296875 0.034375
2 0.34453125 0.2234375 0.03125 0.0359375
2 0.353125 0.26796875 0.0265625 0.0375
2 0.328125 0.25234375 0.028125 0.034375
2 0.33046875 0.2890625 0.028125 0.0359375
2 0.3546875 0.3015625 0.028125 0.034375
2 0.36015625 0.33671875 0.03125 0.034375
2 0.36875 0.371875 0.03125 0.03125
2 0.33125 0.32734375 0.028125 0.040625
2 0.30703125 0.31640625 0.025 0.0390625
2 0.30078125 0.28046875 0.03125 0.040625
2 0.27734375 0.3078125 0.028125 0.0375
2 0.2578125 0.340625 0.028125 0.0375
2 0.2859375 0.346875 0.028125 0.034375
2 0.3140625 0.35703125 0.028125 0.040625
2 0.3390625 0.3640625 0.028125 0.040625
2 0.35625 0.40234375 0.03125 0.0359375
2 0.32734375 0.3953125 0.025 0.0375
2 0.3 0.3890625 0.028125 0.0375
2 0.271875 0.37421875 0.028125 0.0375
2 0.24140625 0.36640625 0.025 0.034375
2 0.25234375 0.39921875 0.028125 0.0359375
2 0.27890625 0.41171875 0.025 0.034375
2 0.3046875 0.42265625 0.025 0.0328125
2 0.33046875 0.4296875 0.03125 0.0375
2 0.36171875 0.434375 0.03125 0.040625
2 0.36953125 0.46953125 0.028125 0.040625
2 0.3421875 0.465625 0.0328125 0.0359375
2 0.31484375 0.4578125 0.028125 0.0375
2 0.2859375 0.45 0.028125 0.0375
2 0.25546875 0.4328125 0.03125 0.0390625
2 0.22265625 0.39453125 0.03125 0.0375
2 0.228125 0.42734375 0.03125 0.040625
2 0.196875 0.41953125 0.0359375 0.0421875
2 0.2046875 0.45546875 0.03125 0.0375
2 0.21171875 0.490625 0.0375 0.0421875
2 0.2328125 0.465625 0.028125 0.040625
2 0.26171875 0.46875 0.03125 0.0375
2 0.26875 0.5046875 0.03125 0.0375
2 0.240625 0.50390625 0.03125 0.040625
2 0.2421875 0.53671875 0.034375 0.040625
2 0.271875 0.5375 0.0296875 0.040625
2 0.26875 0.575 0.034375 0.0375
2 0.19453125 0.628125 0.034375 0.04375
2 0.29375 0.48203125 0.03125 0.0375
2 0.29609375 0.51796875 0.03125 0.0390625
2 0.296875 0.5546875 0.03125 0.034375
2 0.29609375 0.5859375 0.028125 0.0375
2 0.32265625 0.59375 0.028125 0.034375
2 0.32265625 0.5625 0.028125 0.0328125
2 0.32109375 0.52734375 0.025 0.040625
2 0.321875 0.49140625 0.028125 0.0375
2 0.34765625 0.50234375 0.0296875 0.0375
2 0.35 0.53828125 0.034375 0.0390625