1 0.36484375 0.634375 0.034375 0.025
1 0.3875 0.6203125 0.03125 0.0234375
1 0.41015625 0.609375 0.0328125 0.021875
1 0.43359375 0.59921875 0.03125 0.025
1 0.4125 0.6296875 0.0375 0.025
1 0.434375 0.61796875 0.03125 0.021875
1 0.3890625 0.6421875 0.025 0.0203125
1 0.415625 0.65 0.03125 0.0203125
1 0.39140625 0.66171875 0.028125 0.0234375
1 0.41328125 0.66875 0.0296875 0.021875
1 0.43515625 0.640625 0.0265625 0.025
1 0.4546875 0.63125 0.03125 0.021875
1 0.4578125 0.60859375 0.0265625 0.025
1 0.48125 0.6171875 0.03125 0.021875
1 0.4796875 0.6375 0.03125 0.0234375
1 0.5 0.6265625 0.0359375 0.021875
1 0.4578125 0.65 0.034375 0.021875
1 0.434375 0.678125 0.03125 0.021875
1 0.45390625 0.66875 0.0296875 0.021875
1 0.475 0.66875 0.0265625 0.01875
1 0.48984375 0.659375 0.03125 0.021875
1 0.5203125 0.63984375 0.028125 0.025
1 0.52578125 0.6578125 0.03125 0.025
1 0.55 0.6671875 0.028125 0.025
1 0.56640625 0.67890625 0.034375 0.021875
1 0.565625 0.69921875 0.0375 0.028125
1 0.54453125 0.68984375 0.03125 0.021875
1 0.52578125 0.67734375 0.0359375 0.025
1 0.49765625 0.6796875 0.0375 0.021875
1 0.453125 0.690625 0.0375 0.028125
1 0.47890625 0.69921875 0.0328125 0.025
1 0.4953125 0.7125 0.034375 0.025
1 0.5171875 0.7015625 0.0296875 0.025
1 0.54296875 0.71015625 0.0328125 0.028125
1 0.51484375 0.7203125 0.0359375 0.0296875
1 0.540625 0.72890625 0.03125 0.03125
1 0.565625 0.7203125 0.03125 0.028125
1 0.559375 0.74921875 0.0375 0.025
1 0.58046875 0.73828125 0.0375 0.025
1 0.58515625 0.7109375 0.0359375 0.028125
1 0.6109375 0.7015625 0.0328125 0.0296875
1 0.628125 0.7109375 0.0375 0.028125
1 0.60390625 0.725 0.03125 0.028125
1 0.6265625 0.73515625 0.034375 0.025
1 0.5984375 0.7484375 0.0375 0.028125
1 0.62421875 0.759375 0.034375 0.025
1 0.5765625 0.75859375 0.0421875 0.025
0 0.3390625 0.584375 0.034375 0.0265625
0 0.35703125 0.5921875 0.03125 0.025
0 0.37890625 0.5984375 0.034375 0.0265625
0 0.37890625 0.578125 0.03125 0.0234375
0 0.40390625 0.5859375 0.034375 0.025
0 0.4046875 0.56640625 0.0328125 0.025
0 0.42578125 0.575 0.03125 0.025
0 0.45078125 0.58515625 0.03125 0.028125
0 0.471875 0.596875 0.0328125 0.028125
0 0.49765625 0.6046875 0.028125 0.028125
0 0.5171875 0.615625 0.03125 0.028125
0 0.540625 0.625 0.0296875 0.028125
0 0.33359375 0.6078125 0.0328125 0.021875
0 0.3609375 0.61328125 0.0328125 0.025
0 0.33828125 0.6296875 0.0296875 0.025
0 0.35703125 0.6640625 0.034375 0.03125
0 0.3796875 0.66484375 0.028125 0.028125
0 0.40234375 0.68984375 0.0328125 0.028125
0 0.4234375 0.7015625 0.0296875 0.028125
0 0.44296875 0.7125 0.03125 0.028125
0 0.5625 0.653125 0.025 0.025
0 0.57890625 0.6640625 0.0328125 0.025
0 0.6046875 0.6765625 0.03125 0.028125
0 0.628125 0.6890625 0.0296875 0.025
0 0.46640625 0.721875 0.03125 0.0265625
0 0.4875 0.734375 0.0296875 0.021875
0 0.5140625 0.7421875 0.0328125 0.025
0 0.5328125 0.753125 0.034375 0.0265625
0 0.5625 0.77890625 0.034375 0.028125
0 0.584375 0.790625 0.0328125 0.0265625
0 0.60859375 0.77890625 0.034375 0.025
0 0.61171875 0.796875 0.034375 0.025
0 0.63203125 0.7875 0.028125 0.021875
0 0.65625 0.74453125 0.028125 0.025
0 0.65703125 0.7234375 0.03125 0.01875
0 0.6578125 0.70234375 0.03125 0.0265625
2 0.5078125 0.7640625 0.0328125 0.021875
2 0.5171875 0.78203125 0.03125 0.025
2 0.48203125 0.7515625 0.034375 0.025
2 0.4640625 0.740625 0.034375 0.025
2 0.43984375 0.7328125 0.028125 0.021875
2 0.37109375 0.68984375 0.03125 0.021875
2 0.3921875 0.70390625 0.028125 0.021875
2 0.415625 0.7171875 0.03125 0.025
2 0.34921875 0.68046875 0.0328125 0.0265625
2 0.32421875 0.67265625 0.0375 0.028125
2 0.32734375 0.646875 0.034375 0.025
2 0.64453125 0.8203125 0.0296875 0.028125
2 0.665625 0.765625 0.03125 0.028125
2 0.4296875 0.55 0.028125 0.025
2 0.44921875 0.5640625 0.0265625 0.021875
2 0.475 0.575 0.0296875 0.0265625
2 0.4953125 0.58515625 0.028125 0.025
2 0.51953125 0.59453125 0.0296875 0.025
2 0.5390625 0.60625 0.0296875 0.021875