2 0.43828125 0.36796875 0.034375 0.0515625
2 0.43203125 0.27890625 0.046875 0.065625
2 0.41484375 0.33046875 0.04375 0.0625
2 0.38984375 0.28671875 0.0390625 0.05625
2 0.36796875 0.24375 0.053125 0.05
2 0.4546875 0.4546875 0.04375 0.05
2 0.4359375 0.41484375 0.0390625 0.04375
2 0.37734375 0.33671875 0.04375 0.0515625
2 0.35078125 0.290625 0.0359375 0.05
2 0.33828125 0.33828125 0.0390625 0.053125
2 0.365625 0.3828125 0.040625 0.053125
2 0.39296875 0.4203125 0.0375 0.0546875
2 0.41640625 0.46328125 0.0390625 0.046875
2 0.4359375 0.503125 0.040625 0.046875
2 0.4734375 0.49375 0.04375 0.053125
2 0.49296875 0.5296875 0.046875 0.05625
2 0.45234375 0.53984375 0.04375 0.0453125
2 0.47421875 0.57734375 0.040625 0.046875
2 0.51171875 0.575 0.04375 0.0515625
2 0.5203125 0.6171875 0.04375 0.0484375
2 0.48125 0.62265625 0.04375 0.05
2 0.43515625 0.584375 0.04375 0.0484375
2 0.4140625 0.54453125 0.04375 0.053125
2 0.3953125 0.50390625 0.0375 0.0484375
2 0.37578125 0.465625 0.0390625 0.0515625
2 0.35859375 0.42578125 0.040625 0.0515625
2 0.35625 0.50859375 0.040625 0.053125
2 0.43671875 0.71640625 0.040625 0.053125
2 0.4390625 0.628125 0.0375 0.0515625
2 0.3078125 0.43125 0.0421875 0.05625
2 0.3375 0.46953125 0.040625 0.053125
2 0.353125 0.59140625 0.0421875 0.053125
2 0.33203125 0.55078125 0.04375 0.05625
2 0.34453125 0.728125 0.04375 0.0578125
2 0.4015625 0.634375 0.040625 0.05625
2 0.49609375 0.7484375 0.0375 0.05
2 0.28359375 0.39453125 0.04375 0.059375
2 0.48046875 0.79296875 0.040625 0.053125
2 0.41875 0.678125 0.0390625 0.053125
2 0.28671875 0.55703125 0.04375 0.05625
2 0.3890625 0.71640625 0.040625 0.053125
2 0.4078125 0.75390625 0.0375 0.05
2 0.3359375 0.68203125 0.04375 0.05625
2 0.38515625 0.80625 0.0421875 0.0546875
2 0.359375 0.63671875 0.0421875 0.053125
2 0.40859375 0.84375 0.0375 0.05
2 0.42734375 0.7953125 0.04375 0.05625
2 0.45859375 0.665625 0.04375 0.059375
2 0.45234375 0.82578125 0.0375 0.053125
2 0.3171875 0.63984375 0.04375 0.05625
2 0.36328125 0.76640625 0.04375 0.05625
2 0.49765625 0.665625 0.0375 0.05
2 0.3078125 0.59609375 0.040625 0.0546875
2 0.47578125 0.7078125 0.0359375 0.05
2 0.38125 0.8890625 0.040625 0.053125
2 0.47578125 0.97265625 0.040625 0.053125
2 0.2765625 0.64921875 0.040625 0.053125
2 0.4453125 0.94140625 0.04375 0.0609375
2 0.2484375 0.68984375 0.040625 0.05625
2 0.51953125 0.79453125 0.0390625 0.0515625
2 0.28125 0.77734375 0.04375 0.05625
2 0.296875 0.34375 0.0375 0.0546875
2 0.27265625 0.51875 0.040625 0.053125
2 0.51640625 0.88046875 0.040625 0.053125
2 0.51796875 0.7015625 0.0375 0.05
2 0.2453125 0.56328125 0.040625 0.053125
2 0.425 0.88828125 0.0359375 0.05
2 0.234375 0.646875 0.0375 0.053125
2 0.5359375 0.7453125 0.0390625 0.0546875
2 0.29453125 0.81953125 0.04375 0.0546875
2 0.25703125 0.34375 0.04375 0.059375
2 0.31171875 0.29453125 0.04375 0.0578125
2 0.43203125 0.978125 0.040625 0.04375
2 0.37734375 0.55 0.040625 0.053125
2 0.4890625 0.91796875 0.0390625 0.05
2 0.39140625 0.97578125 0.040625 0.0484375
2 0.5359375 0.8359375 0.04375 0.05625
2 0.36796875 0.94453125 0.040625 0.053125
2 0.378125 0.67734375 0.040625 0.053125
2 0.309375 0.51171875 0.04375 0.05625
2 0.3609375 0.853125 0.04375 0.05625
2 0.54140625 0.659375 0.0375 0.053125
2 0.34140625 0.8140625 0.0390625 0.05
2 0.24765625 0.39453125 0.040625 0.05625
2 0.46484375 0.87890625 0.04375 0.05625
2 0.32421875 0.7703125 0.0390625 0.05
2 0.5203125 0.6484375 0.0453125 0.0625
2 0.2609375 0.825 0.0421875 0.053125
2 0.34453125 0.90625 0.040625 0.0515625
2 0.26171875 0.73046875 0.04375 0.05625
2 0.459375 0.75703125 0.0421875 0.05625
2 0.26171875 0.60546875 0.040625 0.053125
2 0.2390625 0.78046875 0.0390625 0.05
2 0.29140625 0.4734375 0.0421875 0.05
2 0.28828125 0.68671875 0.040625 0.05625
2 0.2171875 0.60703125 0.040625 0.05625
2 0.2015625 0.6921875 0.040625 0.05
2 0.32421875 0.86484375 0.040625 0.0546875
2 0.2734375 0.43515625 0.0421875 0.05625
2 0.21796875 0.734375 0.0390625 0.0515625
2 0.18984375 0.6421875 0.040625 0.053125
2 0.20390625 0.55703125 0.040625 0.053125
2 0.39296875 0.58828125 0.0390625 0.05
2 0.2125 0.34921875 0.05 0.065625
2 0.4953125 0.83984375 0.040625 0.05
2 0.18125 0.59453125 0.0390625 0.05625
2 0.40546875 0.93125 0.028125 0.0390625
2 0.32421875 0.3875 0.0375 0.0515625
2 0.203125 0.3875 0.046875 0.059375
2 0.19609375 0.51015625 0.034375 0.0515625