0 0.409375 0.55 0.028125 0.021875
0 0.4375 0.55078125 0.025 0.025
0 0.45546875 0.5484375 0.025 0.01875
0 0.4609375 0.56328125 0.03125 0.021875
0 0.43828125 0.5703125 0.03125 0.021875
2 0.353125 0.53515625 0.03125 0.021875
2 0.36015625 0.55703125 0.028125 0.025
2 0.38046875 0.534375 0.028125 0.021875
2 0.38671875 0.55390625 0.028125 0.021875
2 0.39140625 0.57109375 0.028125 0.01875
2 0.3734375 0.58671875 0.025 0.025
2 0.3984375 0.58984375 0.025 0.01875
2 0.4046875 0.60625 0.0296875 0.021875
2 0.4140625 0.625 0.028125 0.0234375
2 0.43125 0.6109375 0.025 0.021875
2 0.4203125 0.590625 0.028125 0.025
2 0.415625 0.57265625 0.025 0.01875
2 0.40078125 0.51953125 0.03125 0.021875
2 0.40625 0.5375 0.0328125 0.021875
2 0.41953125 0.5046875 0.0265625 0.0203125
2 0.428125 0.52421875 0.025 0.025
2 0.44609375 0.50859375 0.03125 0.025
2 0.45546875 0.525 0.0265625 0.021875
2 0.471875 0.51015625 0.028125 0.021875
2 0.4796875 0.52734375 0.025 0.0234375
2 0.4984375 0.5125 0.0265625 0.0234375
2 0.52421875 0.51796875 0.028125 0.021875
2 0.546875 0.5265625 0.025 0.0203125
2 0.52734375 0.53984375 0.03125 0.021875
2 0.50546875 0.53125 0.028125 0.021875
2 0.4984375 0.55 0.0296875 0.0203125
2 0.52109375 0.5578125 0.028125 0.0234375
2 0.54140625 0.5671875 0.028125 0.0203125
2 0.5203125 0.57890625 0.03125 0.0203125
2 0.496875 0.5703125 0.03125 0.0234375
2 0.4984375 0.58828125 0.0296875 0.021875
2 0.471875 0.5828125 0.03125 0.01875
2 0.45078125 0.59609375 0.0265625 0.021875
2 0.4765625 0.60078125 0.0296875 0.0203125
2 0.45546875 0.6171875 0.03125 0.021875
2 0.43828125 0.63125 0.028125 0.025
2 0.46171875 0.63671875 0.034375 0.021875
2 0.48359375 0.62109375 0.028125 0.0203125
2 0.49140625 0.63828125 0.034375 0.025