2 0.6625 0.51640625 0.046875 0.03125
2 0.74296875 0.521875 0.059375 0.0421875
2 0.69609375 0.5375 0.05625 0.040625
2 0.7359375 0.56015625 0.053125 0.034375
2 0.775 0.58046875 0.04375 0.05
2 0.58359375 0.50078125 0.0453125 0.0390625
2 0.61953125 0.51875 0.040625 0.034375
2 0.690625 0.57109375 0.046875 0.040625
2 0.73203125 0.59609375 0.0453125 0.0328125
2 0.6890625 0.60703125 0.0484375 0.034375
2 0.6484375 0.58203125 0.0484375 0.0375
2 0.61484375 0.55703125 0.05 0.034375
2 0.57578125 0.5359375 0.04375 0.034375
2 0.5390625 0.51796875 0.040625 0.0375
2 0.5484375 0.48359375 0.046875 0.040625
2 0.515625 0.46640625 0.05 0.0421875
2 0.50625 0.503125 0.040625 0.040625
2 0.47265625 0.48359375 0.040625 0.0359375
2 0.47421875 0.44921875 0.046875 0.040625
2 0.4359375 0.4421875 0.04375 0.040625
2 0.43125 0.47734375 0.0453125 0.040625
2 0.46640625 0.51875 0.04375 0.040625
2 0.5015625 0.53828125 0.0484375 0.040625
2 0.53828125 0.5546875 0.04375 0.034375
2 0.5734375 0.57265625 0.046875 0.034375
2 0.609375 0.5890625 0.046875 0.0375
2 0.534375 0.590625 0.046875 0.0375
2 0.34609375 0.5171875 0.0484375 0.0359375
2 0.4265625 0.515625 0.046875 0.034375
2 0.6046875 0.634375 0.05 0.0375
2 0.56953125 0.6078125 0.0484375 0.0375
2 0.459375 0.59296875 0.0484375 0.0375
2 0.49609375 0.6125 0.05 0.0390625
2 0.3359375 0.60078125 0.053125 0.040625
2 0.42109375 0.54921875 0.05 0.0375
2 0.3171875 0.46328125 0.0453125 0.034375
2 0.63828125 0.65625 0.053125 0.0390625
2 0.2765625 0.47734375 0.0484375 0.0375
2 0.38046875 0.53359375 0.0484375 0.0359375
2 0.490625 0.65390625 0.05 0.0390625
2 0.34609375 0.56015625 0.0484375 0.0359375
2 0.31171875 0.54375 0.0453125 0.034375
2 0.37734375 0.609375 0.05 0.040625
2 0.2640625 0.56484375 0.05 0.0375
2 0.41875 0.5875 0.05 0.0375
2 0.23046875 0.54296875 0.0453125 0.034375
2 0.27421875 0.52578125 0.0515625 0.0390625
2 0.3921875 0.49765625 0.053125 0.040625
2 0.246875 0.503125 0.046875 0.034375
2 0.415625 0.62578125 0.0515625 0.040625
2 0.30078125 0.584375 0.0515625 0.0390625
2 0.3921875 0.46171875 0.046875 0.0328125
2 0.4546875 0.634375 0.05 0.0375
2 0.35390625 0.48203125 0.04375 0.0328125
2 0.1890625 0.56796875 0.05 0.0375
2 0.11171875 0.4828125 0.0515625 0.0375
2 0.40703125 0.66328125 0.05 0.0375
2 0.1421875 0.509375 0.05625 0.040625
2 0.36953125 0.68828125 0.05 0.0375
2 0.275 0.4421875 0.046875 0.034375
2 0.290625 0.65859375 0.0515625 0.0390625
2 0.68359375 0.64453125 0.05 0.034375
2 0.52578125 0.66640625 0.05 0.0375
2 0.19765625 0.4453125 0.046875 0.0375
2 0.359375 0.44375 0.0453125 0.034375
2 0.48515625 0.69140625 0.046875 0.0359375
2 0.18984375 0.528125 0.04375 0.0328125
2 0.40859375 0.70078125 0.046875 0.034375
2 0.31953125 0.42734375 0.05 0.034375
2 0.25234375 0.646875 0.05 0.0390625
2 0.684375 0.68046875 0.0546875 0.0390625
2 0.72890625 0.63125 0.053125 0.0390625
2 0.103125 0.521875 0.05 0.0375
2 0.496875 0.57109375 0.046875 0.0359375
2 0.16328125 0.4703125 0.046875 0.034375
2 0.109375 0.55859375 0.046875 0.0359375
2 0.2375 0.42734375 0.05 0.0390625
2 0.1390625 0.5796875 0.0484375 0.0375
2 0.38203125 0.5703125 0.0484375 0.0375
2 0.53203125 0.6328125 0.05 0.0390625
2 0.221875 0.58671875 0.0515625 0.0390625
2 0.39765625 0.421875 0.0484375 0.034375
2 0.2578125 0.60390625 0.0453125 0.034375
2 0.63828125 0.6890625 0.05 0.0375
2 0.1984375 0.4921875 0.05 0.0390625
2 0.296875 0.61953125 0.0453125 0.0359375
2 0.4078125 0.4421875 0.0578125 0.040625
2 0.24765625 0.6765625 0.0484375 0.0375
2 0.1734375 0.60078125 0.046875 0.0359375
2 0.33359375 0.6765625 0.0515625 0.0390625
2 0.309375 0.496875 0.05 0.0375
2 0.446875 0.6765625 0.05 0.0375
2 0.28828125 0.696875 0.0453125 0.034375
2 0.56640625 0.64921875 0.0453125 0.0375
2 0.3734375 0.65234375 0.05 0.0375
2 0.4453125 0.71640625 0.05 0.0375
2 0.36796875 0.73125 0.046875 0.0359375
2 0.2109375 0.61953125 0.05 0.0375
2 0.60078125 0.665625 0.05 0.0375
2 0.3296875 0.71640625 0.046875 0.0359375
2 0.41328125 0.7421875 0.046875 0.0375
2 0.490625 0.728125 0.0484375 0.0375
2 0.4625 0.55703125 0.0453125 0.0359375
2 0.6796875 0.72109375 0.059375 0.046875
2 0.234375 0.4640625 0.0453125 0.0375
2 0.45625 0.74921875 0.05 0.034375
2 0.15078125 0.5453125 0.034375 0.025
2 0.64453125 0.61953125 0.046875 0.034375
2 0.64375 0.7296875 0.0546875 0.0421875
2 0.53359375 0.7359375 0.046875 0.03125