0 0.525 0.41171875 0.05 0.0328125
0 0.51875 0.4390625 0.046875 0.0296875
0 0.484375 0.425 0.0453125 0.034375
0 0.4625 0.44609375 0.046875 0.034375
0 0.41953125 0.44609375 0.0453125 0.0359375
0 0.49140625 0.4609375 0.0421875 0.03125
0 0.56171875 0.44765625 0.046875 0.03125
0 0.596875 0.45625 0.0375 0.03125
0 0.56640625 0.47265625 0.046875 0.034375
0 0.5328125 0.46640625 0.0453125 0.034375
0 0.57734375 0.496875 0.04375 0.034375
0 0.53984375 0.49140625 0.05 0.034375
0 0.496875 0.484375 0.04375 0.034375
0 0.45703125 0.47265625 0.046875 0.034375
0 0.46171875 0.50078125 0.05 0.0375
0 0.41640625 0.496875 0.04375 0.034375
0 0.5265625 0.51953125 0.0453125 0.0296875
0 0.48828125 0.51015625 0.05 0.028125
0 0.5625 0.52578125 0.04375 0.03125
0 0.5625 0.55390625 0.0484375 0.0296875
0 0.5265625 0.54453125 0.05 0.034375
0 0.4703125 0.53203125 0.046875 0.03125
0 0.43203125 0.52265625 0.05 0.034375
0 0.39375 0.52265625 0.05 0.0328125
0 0.3765625 0.54765625 0.05 0.034375
0 0.42265625 0.54921875 0.05 0.03125
0 0.48671875 0.5546875 0.05 0.0296875
0 0.45390625 0.56796875 0.046875 0.03125
0 0.42109375 0.58359375 0.046875 0.0328125
0 0.39375 0.57109375 0.05 0.0296875
0 0.36796875 0.5953125 0.046875 0.0375
0 0.5953125 0.5859375 0.040625 0.034375
0 0.5625 0.58125 0.04375 0.034375
0 0.56875 0.60625 0.0390625 0.034375
0 0.5234375 0.5703125 0.04375 0.03125
0 0.52109375 0.596875 0.0421875 0.034375
0 0.484375 0.58203125 0.04375 0.03125
0 0.4875 0.60703125 0.04375 0.034375
0 0.45390625 0.59609375 0.0390625 0.0328125
0 0.44765625 0.6234375 0.0375 0.034375
0 0.415625 0.609375 0.04375 0.03125
0 0.4125 0.63828125 0.04375 0.03125
0 0.3796875 0.62265625 0.04375 0.034375
0 0.3453125 0.63984375 0.04375 0.0328125
0 0.3796875 0.653125 0.046875 0.03125
0 0.41015625 0.66640625 0.05 0.0296875
0 0.4515625 0.65078125 0.0484375 0.03125
0 0.4859375 0.63828125 0.0484375 0.0296875
0 0.5296875 0.62265625 0.046875 0.034375
0 0.5578125 0.646875 0.040625 0.034375
0 0.521875 0.6484375 0.04375 0.03125
0 0.5625 0.67421875 0.05 0.0328125
0 0.52578125 0.67265625 0.046875 0.034375
0 0.534375 0.69609375 0.046875 0.034375
0 0.4828125 0.6671875 0.046875 0.03125
0 0.48984375 0.69296875 0.046875 0.028125
0 0.446875 0.67734375 0.040625 0.034375
0 0.45703125 0.7046875 0.05 0.03125
0 0.4890625 0.71640625 0.0453125 0.03125
0 0.46015625 0.72890625 0.05 0.0328125
0 0.42109375 0.7203125 0.0484375 0.03125
0 0.4140625 0.6953125 0.04375 0.034375
0 0.38671875 0.68203125 0.04375 0.0296875
0 0.35 0.67109375 0.05 0.0375
0 0.38828125 0.71015625 0.05 0.0375
0 0.3515625 0.70234375 0.04375 0.0328125
2 0.58984375 0.38671875 0.046875 0.034375
2 0.55390625 0.37734375 0.04375 0.0328125
2 0.58828125 0.41796875 0.053125 0.0359375
2 0.62265625 0.4265625 0.04375 0.028125
2 0.6640625 0.42890625 0.046875 0.0359375
2 0.659375 0.45546875 0.04375 0.0328125
2 0.62578125 0.45390625 0.040625 0.034375
2 0.63203125 0.4796875 0.05 0.03125
2 0.6359375 0.50234375 0.04375 0.03125
2 0.64765625 0.53203125 0.0375 0.0359375
2 0.61015625 0.5265625 0.04375 0.0328125
2 0.6125 0.54921875 0.0421875 0.03125
2 0.66015625 0.55703125 0.05 0.03125
2 0.65859375 0.5890625 0.04375 0.0375
2 0.62734375 0.60625 0.04375 0.03125
2 0.6234375 0.57890625 0.040625 0.028125
2 0.64296875 0.63203125 0.046875 0.03125
2 0.603125 0.6296875 0.040625 0.034375
2 0.6171875 0.65390625 0.046875 0.034375
2 0.6203125 0.68359375 0.0546875 0.0375
2 0.59375 0.70078125 0.040625 0.03125
2 0.59765625 0.7265625 0.0515625 0.0375
2 0.56015625 0.71953125 0.0375 0.034375
2 0.5328125 0.7359375 0.05 0.034375
2 0.3453125 0.72578125 0.04375 0.034375
2 0.309375 0.72109375 0.040625 0.0328125
2 0.31640625 0.74609375 0.040625 0.03125
2 0.2765625 0.7546875 0.0578125 0.034375
2 0.2984375 0.6984375 0.05 0.034375
2 0.2921875 0.6609375 0.046875 0.0375
2 0.32578125 0.61953125 0.04375 0.03125
2 0.30390625 0.59609375 0.046875 0.0359375
2 0.3328125 0.5796875 0.046875 0.034375
2 0.434375 0.4109375 0.04375 0.0328125
2 0.39296875 0.42890625 0.0375 0.0375
2 0.375 0.478125 0.040625 0.028125
2 0.35 0.49609375 0.05625 0.0328125
2 0.359375 0.51875 0.04375 0.03125
2 0.34453125 0.5453125 0.046875 0.0328125
2 0.4703125 0.409375 0.04375 0.0375