2 0.753125 0.58828125 0.01953125 0.0140625
2 0.76875 0.5875 0.0171875 0.0140625
2 0.7734375 0.575 0.01796875 0.015625
2 0.78984375 0.57734375 0.01875 0.0140625
2 0.7796875 0.56484375 0.01875 0.01484375
2 0.79609375 0.56484375 0.01796875 0.0140625
2 0.7859375 0.553125 0.01796875 0.01328125
2 0.8015625 0.5515625 0.01796875 0.0140625
2 0.81796875 0.55234375 0.021875 0.01484375
2 0.7796875 0.54296875 0.01796875 0.01171875
2 0.76171875 0.5421875 0.01953125 0.0125
2 0.7703125 0.55234375 0.0171875 0.01328125
2 0.76328125 0.5640625 0.0171875 0.01171875
2 0.75859375 0.57421875 0.01875 0.0140625
2 0.74296875 0.575 0.01796875 0.0140625
2 0.74765625 0.56328125 0.0171875 0.01328125
2 0.7546875 0.55234375 0.01796875 0.01171875
2 0.7390625 0.5515625 0.0171875 0.01328125
2 0.7328125 0.5625 0.01640625 0.0125
2 0.7265625 0.575 0.01796875 0.0125
2 0.71953125 0.584375 0.02109375 0.01328125
2 0.70234375 0.5859375 0.01875 0.01328125
2 0.6859375 0.58671875 0.0171875 0.01484375
2 0.678125 0.57578125 0.01875 0.0140625
2 0.69609375 0.57421875 0.015625 0.01171875
2 0.7109375 0.57421875 0.0171875 0.0125
2 0.70078125 0.56484375 0.01640625 0.01328125
2 0.71796875 0.5640625 0.0171875 0.0125
2 0.7234375 0.553125 0.01640625 0.01171875
2 0.7171875 0.54375 0.01875 0.01328125
2 0.7 0.5421875 0.0171875 0.01171875
2 0.70625 0.55234375 0.01875 0.01328125
2 0.69375 0.553125 0.0171875 0.01171875
2 0.68828125 0.56328125 0.015625 0.01328125
2 0.67734375 0.553125 0.01796875 0.0125
2 0.6859375 0.54375 0.015625 0.01328125
2 0.67109375 0.565625 0.01640625 0.0125
2 0.66171875 0.5578125 0.01875 0.0140625
2 0.65703125 0.56953125 0.01796875 0.01328125
2 0.65625 0.54609375 0.0171875 0.0140625
2 0.64140625 0.54453125 0.01640625 0.0125
2 0.646875 0.55546875 0.015625 0.01171875
2 0.64140625 0.56640625 0.01640625 0.01328125
2 0.625 0.5671875 0.015625 0.0125
2 0.628125 0.54453125 0.015625 0.01171875
2 0.6328125 0.5546875 0.015625 0.0140625
2 0.609375 0.56796875 0.01953125 0.01484375
2 0.59296875 0.56640625 0.0171875 0.01328125
2 0.578125 0.56796875 0.01953125 0.01328125
0 0.59453125 0.55 0.015625 0.01328125
0 0.6109375 0.55 0.01640625 0.01328125
0 0.56875 0.55078125 0.01796875 0.0125
0 0.553125 0.5515625 0.01796875 0.01171875
2 0.55546875 0.56875 0.021875 0.015625
2 0.5390625 0.56796875 0.015625 0.015625
2 0.52421875 0.56796875 0.01796875 0.0140625
2 0.52421875 0.54609375 0.01640625 0.0125
2 0.53671875 0.5453125 0.01484375 0.01328125
2 0.51640625 0.55703125 0.01328125 0.01328125
2 0.52890625 0.55703125 0.01796875 0.0140625
2 0.6171875 0.55703125 0.01484375 0.01328125
2 0.5875 0.5546875 0.01640625 0.01328125
2 0.50234375 0.55859375 0.01796875 0.01484375
2 0.48203125 0.5484375 0.01796875 0.01171875
2 0.48828125 0.559375 0.0171875 0.015625
2 0.47265625 0.559375 0.01796875 0.0140625
2 0.46875 0.5484375 0.01796875 0.01328125
2 0.4515625 0.54765625 0.0171875 0.0125
2 0.4578125 0.55859375 0.0171875 0.01328125
2 0.4375 0.546875 0.01875 0.0140625
2 0.44296875 0.5578125 0.015625 0.0125
2 0.4265625 0.5578125 0.01796875 0.01484375
2 0.4140625 0.5625 0.0171875 0.0140625
0 0.40078125 0.55234375 0.01875 0.0125
2 0.3765625 0.5453125 0.01796875 0.01328125
2 0.37109375 0.55703125 0.01484375 0.01328125
2 0.38515625 0.5578125 0.01484375 0.01328125
2 0.39296875 0.56953125 0.0171875 0.0140625
2 0.375 0.56953125 0.01796875 0.0140625
2 0.36015625 0.5671875 0.01875 0.01484375
2 0.3984375 0.56015625 0.0171875 0.0109375
2 0.35703125 0.5546875 0.01796875 0.015625
2 0.340625 0.55703125 0.01875 0.0140625
2 0.34765625 0.5734375 0.01796875 0.01328125
2 0.33125 0.56796875 0.01875 0.015625
2 0.33125 0.546875 0.01953125 0.01484375
2 0.31171875 0.54921875 0.021875 0.01328125
2 0.32265625 0.5578125 0.02109375 0.01328125
2 0.315625 0.56875 0.02109375 0.01328125
2 0.30546875 0.5609375 0.0203125 0.01484375
2 0.2890625 0.5578125 0.01953125 0.0140625
2 0.27421875 0.56171875 0.01640625 0.01484375
2 0.2578125 0.56328125 0.01796875 0.01640625
2 0.26015625 0.5765625 0.01875 0.01328125
2 0.253125 0.5515625 0.01875 0.0140625
2 0.2359375 0.55078125 0.01640625 0.01484375
2 0.2421875 0.5625 0.01953125 0.01484375
2 0.23203125 0.571875 0.01796875 0.01484375
2 0.2453125 0.57890625 0.01796875 0.01328125
2 0.22578125 0.58515625 0.0203125 0.0140625
2 0.225 0.559375 0.01875 0.01484375
2 0.20859375 0.559375 0.015625 0.0140625
2 0.21796875 0.5703125 0.01875 0.015625
2 0.209375 0.5828125 0.01796875 0.01484375
2 0.19921875 0.57109375 0.01953125 0.0140625
2 0.1921875 0.55859375 0.02109375 0.0140625
2 0.17421875 0.56015625 0.01796875 0.0140625
2 0.18515625 0.5703125 0.0171875 0.01484375
2 0.19453125 0.5828125 0.0171875 0.01328125
2 0.1765625 0.5828125 0.01875 0.01484375
2 0.1671875 0.571875 0.01640625 0.0125
2 0.1578125 0.5609375 0.01953125 0.0140625
2 0.1515625 0.571875 0.01875 0.01328125
2 0.15546875 0.58359375 0.0203125 0.0140625
2 0.1265625 0.5515625 0.0203125 0.0140625
2 0.1359375 0.56328125 0.01953125 0.0140625
2 0.1359375 0.57734375 0.01796875 0.01328125
2 0.12265625 0.5703125 0.01796875 0.01484375
2 0.10390625 0.56875 0.02265625 0.01484375