1 0.48515625 0.7078125 0.025 0.034375
0 0.41875 0.7375 0.021875 0.0328125
0 0.43203125 0.76484375 0.025 0.034375
0 0.4390625 0.73828125 0.025 0.034375
0 0.42890625 0.71484375 0.0234375 0.03125
0 0.44375 0.69296875 0.025 0.0359375
0 0.4515625 0.7171875 0.0234375 0.034375
0 0.46015625 0.74140625 0.021875 0.034375
0 0.453125 0.76484375 0.0234375 0.034375
0 0.47578125 0.771875 0.0234375 0.034375
0 0.47890625 0.74375 0.0234375 0.0296875
0 0.46875 0.7171875 0.021875 0.03125
0 0.46171875 0.68671875 0.0234375 0.034375
0 0.475 0.67109375 0.021875 0.0359375
0 0.47265625 0.640625 0.0234375 0.034375
0 0.49453125 0.67890625 0.025 0.0296875
0 0.503125 0.70703125 0.021875 0.0328125
0 0.515625 0.6875 0.021875 0.03125
0 0.51015625 0.66171875 0.0234375 0.028125
0 0.52890625 0.671875 0.01875 0.0359375
0 0.4921875 0.653125 0.025 0.0328125
0 0.48828125 0.628125 0.021875 0.034375
0 0.50703125 0.63359375 0.021875 0.0328125
0 0.52734375 0.6375 0.025 0.0375
0 0.54609375 0.64609375 0.021875 0.0328125
0 0.5265625 0.71328125 0.021875 0.03125
0 0.52734375 0.740625 0.0234375 0.0328125
0 0.53984375 0.72109375 0.015625 0.0328125
1 0.5546875 0.72421875 0.0203125 0.0328125
0 0.5703125 0.7625 0.025 0.034375
0 0.590625 0.6921875 0.025 0.03125
0 0.58515625 0.66328125 0.0234375 0.034375
0 0.56328125 0.659375 0.021875 0.03125
0 0.6015625 0.64921875 0.025 0.0375
0 0.58359375 0.634375 0.025 0.03125
0 0.5640625 0.62734375 0.0234375 0.034375
0 0.54609375 0.6203125 0.025 0.0296875
0 0.525 0.60859375 0.025 0.034375
0 0.50546875 0.60234375 0.0234375 0.034375
0 0.51953125 0.58046875 0.021875 0.0328125
0 0.53984375 0.5953125 0.025 0.0359375
0 0.5609375 0.60078125 0.021875 0.034375
0 0.58203125 0.60859375 0.025 0.028125
0 0.6046875 0.61640625 0.025 0.0359375
0 0.59453125 0.590625 0.025 0.0328125
0 0.57421875 0.58125 0.021875 0.0359375
0 0.5546875 0.571875 0.025 0.03125
0 0.5328125 0.56640625 0.025 0.0328125
0 0.51015625 0.55234375 0.0203125 0.0328125
0 0.50859375 0.51796875 0.021875 0.034375
0 0.5265625 0.52890625 0.025 0.034375
0 0.52421875 0.50546875 0.025 0.03125
0 0.5875 0.56328125 0.021875 0.03125
0 0.5671875 0.55390625 0.025 0.03125
0 0.546875 0.5421875 0.0265625 0.034375
0 0.56171875 0.52578125 0.021875 0.03125
0 0.54609375 0.51171875 0.0234375 0.0328125
0 0.53828125 0.48515625 0.025 0.0328125
0 0.5203125 0.47578125 0.0265625 0.034375
0 0.540625 0.45859375 0.021875 0.03125
0 0.5578125 0.47265625 0.0234375 0.034375
0 0.5640625 0.49921875 0.0265625 0.034375
0 0.5796875 0.48046875 0.025 0.034375
0 0.58203125 0.53671875 0.025 0.0328125
0 0.5890625 0.509375 0.025 0.03125
0 0.6015625 0.55078125 0.025 0.034375
0 0.60859375 0.51015625 0.025 0.0328125
0 0.60234375 0.484375 0.0265625 0.0265625
2 0.37890625 0.7625 0.025 0.034375
2 0.396875 0.77265625 0.025 0.03125
2 0.39140625 0.74453125 0.025 0.0328125
2 0.4125 0.75625 0.0234375 0.0296875
2 0.403125 0.7984375 0.025 0.034375
2 0.41796875 0.7828125 0.025 0.0328125
2 0.42109375 0.81171875 0.025 0.034375
2 0.43671875 0.79375 0.0234375 0.03125
2 0.44375 0.8234375 0.025 0.0328125
2 0.4578125 0.80390625 0.0234375 0.03125
2 0.46484375 0.83515625 0.025 0.0375
2 0.47734375 0.815625 0.021875 0.0328125
2 0.4890625 0.80078125 0.025 0.034375
2 0.4 0.6984375 0.025 0.0328125
2 0.41328125 0.67890625 0.025 0.03125
2 0.4296875 0.66484375 0.0234375 0.0296875
2 0.44453125 0.65078125 0.025 0.0359375
2 0.50703125 0.7859375 0.025 0.03125
2 0.5171875 0.76328125 0.025 0.03125
2 0.4984375 0.75234375 0.025 0.03125
2 0.5125 0.7328125 0.0234375 0.03125
2 0.51171875 0.81484375 0.0234375 0.0359375
2 0.52578125 0.79921875 0.025 0.0359375
2 0.5375 0.82578125 0.025 0.034375
2 0.5515625 0.80703125 0.028125 0.0375
2 0.5640625 0.7875 0.0234375 0.0328125
2 0.5390625 0.77890625 0.025 0.03125
2 0.55234375 0.7578125 0.0234375 0.03125
2 0.5875 0.75546875 0.021875 0.034375
2 0.6015625 0.74140625 0.025 0.0375
2 0.61640625 0.7234375 0.025 0.0375
2 0.58203125 0.725 0.025 0.034375
2 0.59765625 0.7125 0.025 0.028125
2 0.61328125 0.6921875 0.025 0.0328125
2 0.62734375 0.6765625 0.0265625 0.040625
2 0.6453125 0.6640625 0.025 0.0359375
2 0.6265625 0.64921875 0.025 0.0359375
2 0.64453125 0.63515625 0.0265625 0.0359375
2 0.621875 0.61953125 0.021875 0.034375
2 0.63671875 0.60703125 0.025 0.0359375
2 0.65 0.584375 0.0265625 0.03125
2 0.63046875 0.5796875 0.0234375 0.03125
2 0.6140625 0.59140625 0.021875 0.0328125
2 0.628125 0.553125 0.025 0.040625
2 0.6484375 0.55703125 0.025 0.0375
2 0.64296875 0.5296875 0.028125 0.03125
2 0.63515625 0.5046875 0.025 0.0359375
2 0.628125 0.4765625 0.028125 0.0375
2 0.61796875 0.44765625 0.025 0.0359375
2 0.6015625 0.4671875 0.025 0.03125
2 0.596875 0.43359375 0.025 0.040625
2 0.58203125 0.45390625 0.025 0.034375
2 0.5640625 0.43828125 0.0265625 0.03125
2 0.53203125 0.43984375 0.028125 0.034375
2 0.4984375 0.44453125 0.025 0.034375
2 0.47734375 0.43828125 0.025 0.034375
2 0.4796875 0.4671875 0.0265625 0.0375
2 0.5 0.47265625 0.021875 0.0328125
2 0.4859375 0.4953125 0.03125 0.0359375
2 0.48984375 0.52265625 0.0234375 0.0328125
2 0.47734375 0.5390625 0.025 0.034375
2 0.484375 0.56484375 0.025 0.034375
2 0.50234375 0.575 0.0234375 0.0328125
2 0.49609375 0.55234375 0.0203125 0.0328125
2 0.48984375 0.596875 0.025 0.034375
2 0.559375 0.6828125 0.021875 0.0328125
2 0.471875 0.5890625 0.021875 0.0328125
2 0.46640625 0.56015625 0.025 0.034375
2 0.4515625 0.57578125 0.025 0.034375
2 0.4578125 0.6046875 0.021875 0.0375