2 0.35625 0.696875 0.046875 0.0375
2 0.43203125 0.69453125 0.040625 0.0296875
2 0.56640625 0.75546875 0.0421875 0.034375
2 0.5734375 0.84921875 0.04375 0.034375
2 0.45625 0.778125 0.040625 0.03125
2 0.5875 0.88515625 0.04375 0.0375
2 0.49375 0.8515625 0.04375 0.0328125
2 0.39765625 0.82578125 0.040625 0.0328125
2 0.5265625 0.76640625 0.0453125 0.034375
2 0.47734375 0.80390625 0.040625 0.03125
2 0.43515625 0.75078125 0.0375 0.028125
2 0.55078125 0.8203125 0.04375 0.0328125
2 0.42578125 0.84921875 0.0453125 0.034375
2 0.46328125 0.88125 0.040625 0.034375
2 0.475 0.74453125 0.0359375 0.03125
2 0.38203125 0.72421875 0.0375 0.03125
2 0.396875 0.6984375 0.0375 0.03125
2 0.3796875 0.79140625 0.0375 0.03125
2 0.3984375 0.75 0.0375 0.028125
2 0.5015625 0.890625 0.04375 0.0375
2 0.45390625 0.7203125 0.034375 0.03125
2 0.51640625 0.79453125 0.040625 0.03125
2 0.41328125 0.7765625 0.0375 0.0296875
2 0.4171875 0.72421875 0.0359375 0.0296875
2 0.54453125 0.89140625 0.0421875 0.0375
2 0.4359375 0.80546875 0.0375 0.0328125
2 0.53515625 0.85546875 0.040625 0.03125
2 0.509375 0.82578125 0.040625 0.03125
2 0.48984375 0.77265625 0.03125 0.03125