0 0.40859375 0.21875 0.03125 0.04375
0 0.39921875 0.24609375 0.0296875 0.0359375
0 0.4171875 0.27265625 0.0296875 0.040625
0 0.396875 0.2875 0.028125 0.0375
0 0.4140625 0.3078125 0.028125 0.04375
0 0.36953125 0.3109375 0.028125 0.04375
0 0.3796875 0.33671875 0.028125 0.0375
0 0.35546875 0.346875 0.028125 0.0375
0 0.37421875 0.23125 0.034375 0.05
0 0.3703125 0.26484375 0.028125 0.040625
0 0.353125 0.284375 0.025 0.0421875
2 0.434375 0.15859375 0.0328125 0.040625
2 0.41015625 0.1328125 0.03125 0.046875
2 0.40859375 0.1703125 0.025 0.0375
2 0.384375 0.14296875 0.03125 0.040625
2 0.38515625 0.17578125 0.025 0.0375
2 0.3609375 0.17578125 0.028125 0.040625
2 0.33671875 0.21875 0.0296875 0.0484375
2 0.4421875 0.24609375 0.0296875 0.040625
2 0.34921875 0.25 0.0296875 0.03125
2 0.27734375 0.3078125 0.034375 0.04375
2 0.28984375 0.33671875 0.0296875 0.04375
2 0.26875 0.36640625 0.0296875 0.040625
2 0.3078125 0.45703125 0.034375 0.053125
2 0.3578125 0.5765625 0.0375 0.05
2 0.39921875 0.65234375 0.0390625 0.040625
2 0.3890625 0.6859375 0.0328125 0.0375
2 0.40234375 0.4875 0.03125 0.04375
2 0.4203125 0.47421875 0.025 0.0421875
2 0.4296875 0.44453125 0.03125 0.040625
2 0.42734375 0.4109375 0.03125 0.0421875
2 0.38359375 0.3875 0.03125 0.0421875
2 0.39609375 0.3671875 0.0265625 0.0375
2 0.41640625 0.34765625 0.025 0.0375
2 0.396875 0.328125 0.03125 0.0375
2 0.45234375 0.3078125 0.0296875 0.0375
2 0.4734375 0.32578125 0.0296875 0.040625
2 0.471875 0.36484375 0.028125 0.0375
2 0.44609375 0.3515625 0.034375 0.0375
2 0.43046875 0.37578125 0.0296875 0.0375
2 0.44609375 0.38671875 0.028125 0.0375
2 0.459375 0.409375 0.03125 0.0375
2 0.4765625 0.39296875 0.025 0.040625
2 0.49609375 0.375 0.0296875 0.040625
2 0.49921875 0.41171875 0.03125 0.0375
2 0.48125 0.43203125 0.028125 0.046875
2 0.46171875 0.4484375 0.0296875 0.040625
2 0.34375 0.31875 0.028125 0.034375
2 0.1640625 0.33828125 0.0375 0.046875