2 0.42578125 0.24765625 0.0296875 0.01875
2 0.38515625 0.26796875 0.025 0.01875
2 0.40546875 0.2765625 0.025 0.0203125
2 0.41875 0.29140625 0.0265625 0.01875
2 0.39453125 0.29765625 0.021875 0.01875
2 0.3828125 0.284375 0.01875 0.01875
2 0.36796875 0.27421875 0.028125 0.0234375
2 0.34921875 0.28515625 0.025 0.015625
2 0.36640625 0.29296875 0.025 0.015625
2 0.37109375 0.31015625 0.0296875 0.01875
2 0.34921875 0.3046875 0.025 0.01875
2 0.3296875 0.29296875 0.025 0.021875
2 0.3046875 0.2859375 0.025 0.01875
2 0.3078125 0.30546875 0.0296875 0.01875
2 0.32734375 0.31640625 0.0265625 0.01875
2 0.28828125 0.3140625 0.0265625 0.01875
2 0.30625 0.3265625 0.0296875 0.01875
2 0.26796875 0.32265625 0.0265625 0.021875
2 0.2875 0.3578125 0.025 0.021875
2 0.25078125 0.3375 0.0234375 0.0171875
2 0.2828125 0.3359375 0.025 0.01875
2 0.2640625 0.3484375 0.0265625 0.015625
2 0.26015625 0.365625 0.03125 0.0203125
2 0.4125 0.3109375 0.0296875 0.021875
2 0.38984375 0.32265625 0.0234375 0.01875
2 0.36484375 0.32890625 0.025 0.021875
2 0.3453125 0.32578125 0.021875 0.01875
2 0.328125 0.33671875 0.025 0.01875
2 0.3125 0.35 0.025 0.01875
2 0.34921875 0.3421875 0.021875 0.01875
2 0.371875 0.34609375 0.025 0.015625
2 0.39453125 0.33984375 0.0234375 0.01875
2 0.4171875 0.328125 0.025 0.0171875
2 0.421875 0.34375 0.028125 0.015625
2 0.39921875 0.35625 0.025 0.015625
2 0.36015625 0.3609375 0.028125 0.0171875
2 0.3359375 0.35546875 0.021875 0.015625
2 0.3421875 0.37265625 0.021875 0.015625
2 0.31484375 0.36796875 0.025 0.015625
2 0.321875 0.38203125 0.025 0.0171875
2 0.2953125 0.375 0.0265625 0.01875
2 0.2875 0.359375 0.025 0.0203125
2 0.42734375 0.3609375 0.03125 0.01875
2 0.4046875 0.3734375 0.025 0.01875
2 0.38125 0.36640625 0.021875 0.015625
2 0.38515625 0.3828125 0.021875 0.015625
2 0.36484375 0.3796875 0.025 0.0171875
2 0.34296875 0.390625 0.025 0.015625
2 0.36796875 0.39609375 0.025 0.0171875
2 0.4296875 0.37734375 0.0296875 0.01875
2 0.45625 0.38359375 0.025 0.021875
2 0.4359375 0.39296875 0.025 0.01875
2 0.41015625 0.3875 0.021875 0.015625
2 0.3921875 0.4 0.025 0.015625
2 0.41640625 0.40390625 0.025 0.01875
2 0.37421875 0.41015625 0.025 0.01875
2 0.34765625 0.40390625 0.025 0.021875
2 0.3578125 0.421875 0.03125 0.01875
2 0.39765625 0.41796875 0.025 0.01875
2 0.4546875 0.40234375 0.025 0.01875
2 0.4375 0.41328125 0.025 0.0171875
2 0.42109375 0.42578125 0.025 0.01875
2 0.4671875 0.41875 0.025 0.01875
2 0.446875 0.428125 0.025 0.01875
2 0.43515625 0.43984375 0.03125 0.021875
2 0.40390625 0.43515625 0.025 0.021875
2 0.38046875 0.4265625 0.01875 0.0171875
2 0.3609375 0.43984375 0.028125 0.01875
2 0.384375 0.446875 0.028125 0.015625
2 0.41328125 0.4515625 0.03125 0.015625
2 0.3921875 0.46171875 0.028125 0.0171875
2 0.475 0.43515625 0.03125 0.0203125
2 0.45546875 0.44609375 0.025 0.01875
2 0.48515625 0.45078125 0.028125 0.0203125
2 0.465625 0.4625 0.025 0.015625
2 0.43671875 0.4578125 0.0265625 0.01875
2 0.44375 0.47265625 0.028125 0.0203125
2 0.41875 0.4671875 0.028125 0.01875
2 0.3953125 0.48125 0.025 0.0171875
2 0.4234375 0.4828125 0.0296875 0.0203125
2 0.40234375 0.49609375 0.0265625 0.01875
2 0.409375 0.5125 0.03125 0.021875
2 0.4140625 0.528125 0.03125 0.01875
2 0.41796875 0.5453125 0.03125 0.01875
2 0.4296875 0.50078125 0.03125 0.01875
2 0.4359375 0.51640625 0.028125 0.015625
2 0.43984375 0.534375 0.028125 0.01875
2 0.44296875 0.553125 0.028125 0.01875
2 0.446875 0.490625 0.0265625 0.021875
2 0.4671875 0.478125 0.025 0.01875
2 0.48828125 0.4703125 0.0328125 0.015625
2 0.51171875 0.46328125 0.03125 0.01875
2 0.45546875 0.5046875 0.028125 0.0203125
2 0.475 0.49453125 0.028125 0.01875
2 0.4953125 0.48515625 0.034375 0.021875
2 0.521875 0.4796875 0.0296875 0.0203125
2 0.459375 0.521875 0.028125 0.021875
2 0.478125 0.5125 0.028125 0.0203125
2 0.4984375 0.503125 0.028125 0.0171875
2 0.5203125 0.49765625 0.0296875 0.01875
2 0.46328125 0.5421875 0.025 0.021875
2 0.4828125 0.53125 0.0265625 0.01875
2 0.5015625 0.52109375 0.028125 0.01875
2 0.521875 0.51484375 0.025 0.01875
2 0.54765625 0.50625 0.03125 0.01875
2 0.56796875 0.5203125 0.028125 0.0203125
2 0.54453125 0.52421875 0.025 0.01875
2 0.52109375 0.53046875 0.0265625 0.021875
2 0.5015625 0.53984375 0.025 0.01875
2 0.48359375 0.5484375 0.028125 0.021875
2 0.4671875 0.5609375 0.0265625 0.01875
2 0.44609375 0.57421875 0.025 0.01875
2 0.56015625 0.5375 0.025 0.01875
2 0.5375 0.54296875 0.025 0.01875
2 0.51875 0.5515625 0.0234375 0.0171875
2 0.5 0.5625 0.028125 0.01875
2 0.48203125 0.57421875 0.025 0.01875
2 0.4640625 0.58671875 0.028125 0.0234375
2 0.5765625 0.55 0.028125 0.0203125
2 0.553125 0.5546875 0.0234375 0.0203125
2 0.53203125 0.56484375 0.025 0.01875
2 0.5125 0.57734375 0.028125 0.01875
2 0.49453125 0.58828125 0.0265625 0.01875
2 0.47890625 0.60390625 0.021875 0.01875
2 0.57421875 0.56796875 0.028125 0.01875
2 0.553125 0.5765625 0.025 0.01875
2 0.53203125 0.58515625 0.025 0.021875
2 0.51171875 0.596875 0.0296875 0.01875
2 0.57578125 0.58671875 0.0296875 0.01875
2 0.55390625 0.59453125 0.0265625 0.01875
2 0.53203125 0.60546875 0.025 0.01875
2 0.57578125 0.60390625 0.0265625 0.01875
2 0.55625 0.61328125 0.025 0.01875
2 0.5328125 0.62421875 0.021875 0.01875
2 0.5109375 0.61484375 0.025 0.01875
2 0.4859375 0.62109375 0.025 0.01875
2 0.50859375 0.6328125 0.028125 0.01875
2 0.48359375 0.6390625 0.025 0.01875
2 0.578125 0.62265625 0.025 0.0203125
2 0.60390625 0.628125 0.028125 0.0234375
2 0.5578125 0.63203125 0.025 0.01875
2 0.58203125 0.63984375 0.028125 0.01875
2 0.53671875 0.640625 0.025 0.01875
2 0.5609375 0.64921875 0.028125 0.015625
2 0.5140625 0.6484375 0.03125 0.01875
2 0.5234375 0.6625 0.03125 0.01875
2 0.5515625 0.66640625 0.03125 0.0203125
2 0.58203125 0.6578125 0.0265625 0.01875
2 0.60625 0.65 0.0265625 0.021875
2 0.58203125 0.675 0.025 0.01875
2 0.609375 0.675 0.025 0.01875
2 0.5609375 0.684375 0.0265625 0.01875
2 0.53515625 0.678125 0.0265625 0.01875
2 0.5234375 0.696875 0.0265625 0.021875
2 0.546875 0.69921875 0.0265625 0.01875
2 0.5875 0.690625 0.025 0.021875
2 0.6140625 0.69453125 0.028125 0.0203125
2 0.6390625 0.70625 0.03125 0.021875
2 0.60625 0.71171875 0.025 0.01875
2 0.57421875 0.70625 0.028125 0.0171875
2 0.58828125 0.72265625 0.0234375 0.021875
2 0.5640625 0.72265625 0.028125 0.021875
2 0.53671875 0.7140625 0.025 0.01875
2 0.54296875 0.7328125 0.028125 0.021875
2 0.6234375 0.7234375 0.03125 0.01875
2 0.60546875 0.734375 0.021875 0.01875
2 0.57890625 0.740625 0.025 0.01875
2 0.55625 0.74765625 0.0265625 0.0203125
2 0.64453125 0.75078125 0.0296875 0.021875
2 0.61796875 0.7546875 0.021875 0.0203125
2 0.59140625 0.7546875 0.025 0.021875
2 0.571875 0.76484375 0.028125 0.01875
2 0.546875 0.7671875 0.03125 0.021875
2 0.65859375 0.76875 0.03125 0.01875
2 0.63359375 0.771875 0.03125 0.0203125
2 0.60546875 0.77265625 0.025 0.01875
2 0.584375 0.78125 0.025 0.01875
2 0.5578125 0.7859375 0.0265625 0.0203125
2 0.65625 0.7859375 0.028125 0.0203125
2 0.62890625 0.78828125 0.03125 0.0203125
2 0.60390625 0.7921875 0.025 0.0203125
2 0.5796875 0.7984375 0.025 0.021875
2 0.55703125 0.80625 0.0296875 0.021875
2 0.66640625 0.8046875 0.03125 0.01875
2 0.640625 0.80703125 0.0265625 0.01875
2 0.615625 0.81015625 0.025 0.021875
2 0.59296875 0.81796875 0.0234375 0.0203125
2 0.5703125 0.82421875 0.025 0.01875
2 0.65859375 0.82578125 0.0265625 0.01875
2 0.6328125 0.82578125 0.025 0.0203125
2 0.60625 0.83203125 0.025 0.0234375
2 0.5828125 0.83984375 0.025 0.01875
2 0.6734375 0.84140625 0.028125 0.0234375
2 0.64765625 0.8421875 0.025 0.01875
2 0.6234375 0.84765625 0.0234375 0.021875
2 0.603125 0.85234375 0.03125 0.01875
2 0.57109375 0.853125 0.034375 0.025
2 0.684375 0.8625 0.025 0.01875
2 0.6546875 0.8609375 0.0265625 0.0203125
2 0.628125 0.8640625 0.021875 0.021875
2 0.60703125 0.8734375 0.028125 0.0203125
2 0.58203125 0.87265625 0.0296875 0.0203125
2 0.6796875 0.884375 0.028125 0.021875
2 0.65234375 0.88046875 0.025 0.021875
2 0.63203125 0.8859375 0.028125 0.021875
2 0.603125 0.89140625 0.0296875 0.021875
2 0.5765625 0.89140625 0.028125 0.021875
2 0.6625 0.90078125 0.0234375 0.01875
2 0.63984375 0.90390625 0.0265625 0.01875
2 0.61484375 0.90859375 0.03125 0.021875
2 0.5875 0.91171875 0.03125 0.01875
2 0.66875 0.92109375 0.03125 0.01875
2 0.64375 0.9234375 0.025 0.01875
2 0.6171875 0.92734375 0.028125 0.0203125
2 0.5859375 0.93046875 0.0328125 0.01875
2 0.6625 0.94140625 0.03125 0.021875
2 0.6359375 0.94140625 0.0265625 0.021875
2 0.60703125 0.94453125 0.0296875 0.021875
2 0.58046875 0.9484375 0.03125 0.0234375
2 0.6546875 0.95859375 0.0328125 0.021875
2 0.625 0.9609375 0.0234375 0.01875
2 0.6015625 0.965625 0.025 0.0171875
2 0.5765625 0.96953125 0.0359375 0.0234375
2 0.6703125 0.97734375 0.028125 0.021875
2 0.640625 0.9765625 0.0265625 0.01875
2 0.6140625 0.98203125 0.028125 0.021875
2 0.58828125 0.9890625 0.03125 0.021875