0 0.25859375 0.6796875 0.06875 0.05625
0 0.30625 0.64921875 0.06640625 0.05234375
0 0.3 0.60234375 0.06328125 0.0578125
0 0.32890625 0.69609375 0.07109375 0.05625
0 0.36171875 0.6578125 0.0578125 0.04921875
0 0.3953125 0.69375 0.075 0.06015625
0 0.35234375 0.61171875 0.0609375 0.0484375
0 0.39921875 0.62734375 0.059375 0.053125
0 0.44609375 0.640625 0.06171875 0.04765625
0 0.34375 0.571875 0.0578125 0.04453125
0 0.340625 0.53359375 0.05546875 0.04765625
0 0.38046875 0.5078125 0.0578125 0.04140625
0 0.425 0.4828125 0.05390625 0.04296875
0 0.390625 0.54453125 0.05703125 0.04140625
0 0.403125 0.5875 0.053125 0.0484375
0 0.44609375 0.5609375 0.06328125 0.04453125
0 0.44140625 0.5203125 0.05703125 0.04765625
0 0.45390625 0.60078125 0.059375 0.0484375
2 0.39453125 0.4203125 0.059375 0.04765625
2 0.45 0.42109375 0.05390625 0.04453125
2 0.39296875 0.4609375 0.059375 0.0453125
2 0.446875 0.4625 0.06484375 0.04765625
2 0.48671875 0.43671875 0.05703125 0.0453125
2 0.5359375 0.4265625 0.053125 0.0453125
2 0.49765625 0.48125 0.0578125 0.04140625
2 0.54375 0.46328125 0.05703125 0.0515625
2 0.584375 0.43671875 0.059375 0.05078125
2 0.63515625 0.43203125 0.0578125 0.04765625
2 0.59453125 0.47734375 0.0578125 0.03984375
2 0.653125 0.4703125 0.06171875 0.040625
2 0.51015625 0.5171875 0.05390625 0.04453125
2 0.55859375 0.50703125 0.05 0.04140625
2 0.60859375 0.5203125 0.0578125 0.04140625
2 0.659375 0.50859375 0.06171875 0.04453125
2 0.66953125 0.55 0.05546875 0.04453125
2 0.61328125 0.55703125 0.06484375 0.04765625
2 0.56875 0.54453125 0.06484375 0.04375
2 0.5140625 0.55546875 0.0578125 0.04375
2 0.5203125 0.59609375 0.0578125 0.05078125
2 0.57265625 0.58515625 0.06484375 0.04765625
2 0.578125 0.63046875 0.07109375 0.04296875
2 0.62109375 0.59765625 0.053125 0.053125
2 0.671875 0.59453125 0.0609375 0.05234375
2 0.73046875 0.5890625 0.06875 0.05078125
2 0.71484375 0.6328125 0.07421875 0.05078125
2 0.64453125 0.63359375 0.06328125 0.05234375
2 0.69375 0.67890625 0.07109375 0.059375
2 0.63984375 0.69609375 0.075 0.05546875
2 0.6015625 0.66484375 0.0671875 0.046875
2 0.54765625 0.67890625 0.0671875 0.05078125
2 0.58515625 0.709375 0.06875 0.0515625
2 0.5265625 0.63671875 0.05703125 0.0484375
2 0.4796875 0.6609375 0.0609375 0.03828125
2 0.490625 0.69609375 0.075 0.053125
2 0.53046875 0.7296875 0.059375 0.04375
2 0.47578125 0.74375 0.06484375 0.0515625
2 0.41875 0.76953125 0.07421875 0.05234375
2 0.37109375 0.7921875 0.07421875 0.05625
2 0.33984375 0.7609375 0.05703125 0.05234375
2 0.28359375 0.7640625 0.0765625 0.0546875
2 0.2375 0.75 0.07109375 0.05546875
2 0.2859375 0.71640625 0.05703125 0.05234375
2 0.17890625 0.734375 0.078125 0.0515625
2 0.17421875 0.69140625 0.07109375 0.053125
2 0.1703125 0.6390625 0.06875 0.05859375
2 0.23046875 0.659375 0.05703125 0.0453125
2 0.2296875 0.61875 0.07109375 0.05078125
2 0.26796875 0.54296875 0.06640625 0.0484375