0 0.41640625 0.55546875 0.02421875 0.01875
0 0.3984375 0.56875 0.025 0.02265625
0 0.43046875 0.56484375 0.02421875 0.01953125
0 0.41328125 0.5796875 0.0296875 0.0171875
2 0.3640625 0.546875 0.028125 0.01484375
2 0.3609375 0.5640625 0.03203125 0.01953125
2 0.38671875 0.5515625 0.02421875 0.01640625
2 0.4046875 0.54296875 0.02109375 0.01484375
2 0.44375 0.53984375 0.02734375 0.021875
2 0.465625 0.54375 0.025 0.02109375
2 0.4609375 0.55859375 0.021875 0.021875
2 0.45625 0.575 0.025 0.0203125
2 0.44296875 0.5859375 0.021875 0.01640625
2 0.4265625 0.5890625 0.025 0.015625
2 0.4015625 0.59140625 0.01953125 0.01640625
2 0.41875 0.60546875 0.03046875 0.01875
2 0.38515625 0.59765625 0.02578125 0.01953125
2 0.38359375 0.5859375 0.028125 0.0171875
2 0.37109375 0.5921875 0.0296875 0.015625
2 0.365625 0.5796875 0.03046875 0.0171875