0 0.3296875 0.28515625 0.0296875 0.034375
0 0.31171875 0.3046875 0.034375 0.04375
0 0.31875 0.3375 0.034375 0.034375
0 0.34296875 0.32578125 0.034375 0.0390625
0 0.36015625 0.35078125 0.034375 0.0390625
0 0.353125 0.37734375 0.03125 0.0375
0 0.328125 0.3703125 0.03125 0.0390625
0 0.3015625 0.36875 0.03125 0.040625
0 0.31953125 0.396875 0.03125 0.0375
0 0.34296875 0.40625 0.0296875 0.034375
0 0.371875 0.4 0.03125 0.0375
0 0.396875 0.39921875 0.034375 0.0390625
0 0.38984375 0.43125 0.034375 0.0453125
0 0.37265625 0.45625 0.03125 0.0375
0 0.35703125 0.48359375 0.034375 0.0375
0 0.3625 0.428125 0.034375 0.0359375
0 0.346875 0.45078125 0.03125 0.040625
0 0.32890625 0.43359375 0.0328125 0.040625
2 0.50625 0.4390625 0.034375 0.0375
2 0.50234375 0.48515625 0.034375 0.04375
2 0.48671875 0.4625 0.034375 0.0453125
2 0.47578125 0.49453125 0.028125 0.0375
2 0.46875 0.521875 0.028125 0.0359375
2 0.48203125 0.5453125 0.0328125 0.040625
2 0.47265625 0.4421875 0.03125 0.0375
2 0.46875 0.40703125 0.03125 0.034375
2 0.46015625 0.46875 0.028125 0.034375
2 0.45 0.44375 0.028125 0.0359375
2 0.45 0.5 0.028125 0.0375
2 0.44140625 0.534375 0.028125 0.0453125
2 0.43671875 0.4734375 0.028125 0.034375
2 0.425 0.50078125 0.028125 0.040625
2 0.415625 0.5390625 0.028125 0.0390625
2 0.41328125 0.5734375 0.034375 0.0390625
2 0.415625 0.6796875 0.034375 0.04375
2 0.41328125 0.4671875 0.0296875 0.0421875
2 0.39375 0.49140625 0.0296875 0.0359375
2 0.4015625 0.5234375 0.028125 0.040625
2 0.42578125 0.4359375 0.028125 0.04375
2 0.44296875 0.41015625 0.03125 0.0421875
2 0.4453125 0.38046875 0.028125 0.040625
2 0.4203125 0.37734375 0.025 0.040625
2 0.415625 0.40859375 0.0265625 0.034375
2 0.43515625 0.34921875 0.028125 0.0390625
2 0.42265625 0.31953125 0.03125 0.040625
2 0.40625 0.35078125 0.028125 0.040625
2 0.38359375 0.33671875 0.028125 0.0375
2 0.3984375 0.30859375 0.028125 0.0453125
2 0.41640625 0.2859375 0.03125 0.040625
2 0.4078125 0.25078125 0.0328125 0.040625
2 0.38984375 0.28046875 0.03125 0.0375
2 0.38671875 0.234375 0.028125 0.04375
2 0.3703125 0.25390625 0.03125 0.0421875
2 0.3484375 0.23515625 0.034375 0.046875
2 0.37578125 0.303125 0.028125 0.040625
2 0.35546875 0.303125 0.025 0.034375
2 0.34765625 0.275 0.025 0.0375
2 0.32578125 0.25390625 0.028125 0.0328125
2 0.3046875 0.27734375 0.025 0.034375
2 0.28125 0.265625 0.034375 0.0421875
2 0.2640625 0.28828125 0.034375 0.0421875
2 0.2875 0.30546875 0.03125 0.0453125
2 0.26953125 0.32578125 0.0359375 0.0453125
2 0.2859375 0.34921875 0.0328125 0.0390625
2 0.2828125 0.38125 0.03125 0.040625
2 0.29765625 0.4125 0.034375 0.0421875
2 0.3078125 0.4421875 0.03125 0.040625
2 0.31953125 0.46796875 0.034375 0.040625
2 0.3359375 0.48984375 0.028125 0.034375
2 0.3453125 0.51953125 0.034375 0.04375
2 0.37421875 0.52421875 0.034375 0.040625
2 0.35859375 0.55078125 0.0359375 0.0453125