0 0.6921875 0.8328125 0.065625 0.078125
0 0.65703125 0.778125 0.059375 0.075
0 0.603125 0.7859375 0.065625 0.071875
0 0.71015625 0.75234375 0.065625 0.08125
0 0.66640625 0.7140625 0.05625 0.0671875
0 0.7078125 0.67578125 0.06875 0.0875
0 0.61328125 0.725 0.05625 0.06875
0 0.63125 0.67109375 0.0625 0.06875
0 0.646875 0.61796875 0.0546875 0.071875
0 0.56796875 0.73515625 0.05 0.0671875
0 0.52421875 0.73828125 0.0546875 0.0640625
0 0.49453125 0.69296875 0.046875 0.0671875
0 0.465625 0.6421875 0.05 0.0625
0 0.53671875 0.68125 0.046875 0.065625
0 0.5859375 0.6671875 0.05625 0.0609375
0 0.55546875 0.6171875 0.05 0.071875
0 0.50859375 0.62265625 0.0546875 0.065625
0 0.60078125 0.60859375 0.05625 0.06875
2 0.39375 0.67734375 0.0546875 0.06875
2 0.3953125 0.61328125 0.05 0.0625
2 0.43984375 0.678125 0.053125 0.06875
2 0.4421875 0.61640625 0.0546875 0.075
2 0.41328125 0.5703125 0.053125 0.065625
2 0.4015625 0.5140625 0.053125 0.0609375
2 0.4640625 0.5578125 0.046875 0.0671875
2 0.44375 0.50546875 0.059375 0.065625
2 0.4125 0.45859375 0.0578125 0.06875
2 0.40703125 0.4 0.0546875 0.0671875
2 0.459375 0.446875 0.0453125 0.0671875
2 0.45078125 0.3796875 0.046875 0.071875
2 0.50546875 0.54375 0.05 0.0625
2 0.49375 0.48828125 0.046875 0.0578125
2 0.50859375 0.43046875 0.046875 0.0671875
2 0.4953125 0.371875 0.05 0.071875
2 0.54296875 0.36015625 0.05 0.0640625
2 0.55078125 0.425 0.0546875 0.075
2 0.53671875 0.4765625 0.05 0.075
2 0.54921875 0.53984375 0.05 0.0671875
2 0.5953125 0.53203125 0.0578125 0.0671875
2 0.58359375 0.471875 0.0546875 0.075
2 0.63515625 0.46484375 0.05 0.08125
2 0.596875 0.41640625 0.0625 0.0609375
2 0.59453125 0.35703125 0.059375 0.06875
2 0.5875 0.290625 0.0578125 0.078125
2 0.6375 0.30859375 0.0578125 0.084375
2 0.63828125 0.3890625 0.059375 0.071875
2 0.690625 0.3328125 0.06875 0.08125
2 0.7109375 0.39453125 0.0640625 0.0875
2 0.675 0.43828125 0.053125 0.078125
2 0.690625 0.50078125 0.0578125 0.078125
2 0.72578125 0.4578125 0.059375 0.078125
2 0.6421875 0.525 0.05625 0.065625
2 0.6703125 0.57890625 0.04375 0.06875
2 0.7109375 0.56640625 0.0625 0.0875
2 0.74921875 0.5203125 0.05 0.06875
2 0.765625 0.5828125 0.059375 0.075
2 0.79453125 0.64921875 0.059375 0.084375
2 0.8203125 0.70390625 0.065625 0.084375
2 0.78515625 0.7390625 0.059375 0.065625
2 0.7890625 0.80390625 0.0625 0.0875
2 0.771875 0.85703125 0.0640625 0.08125
2 0.734375 0.8015625 0.059375 0.065625
2 0.75390625 0.92421875 0.059375 0.090625
2 0.70546875 0.9296875 0.0625 0.0828125
2 0.6453125 0.934375 0.0671875 0.078125
2 0.66875 0.865625 0.053125 0.065625
2 0.621875 0.86640625 0.0578125 0.08125
2 0.53515625 0.821875 0.05625 0.075