0 0.6375 0.48984375 0.0484375 0.0375
0 0.59375 0.4859375 0.046875 0.0375
0 0.5546875 0.490625 0.0421875 0.0390625
0 0.53203125 0.5125 0.046875 0.0390625
0 0.5703125 0.51640625 0.05 0.0359375
0 0.61328125 0.51484375 0.053125 0.0328125
0 0.6359375 0.53828125 0.05 0.034375
0 0.5984375 0.54453125 0.0484375 0.0359375
0 0.553125 0.55078125 0.05 0.0375
0 0.62890625 0.56796875 0.053125 0.0359375
0 0.58515625 0.5796875 0.05 0.0375
0 0.6234375 0.60234375 0.053125 0.034375
0 0.6453125 0.63203125 0.046875 0.040625
0 0.61015625 0.63359375 0.046875 0.040625
0 0.634375 0.6609375 0.0453125 0.0296875
0 0.56796875 0.64453125 0.05 0.0359375
0 0.56953125 0.615625 0.053125 0.040625
0 0.55 0.5859375 0.05 0.040625
0 0.50703125 0.59140625 0.05 0.0375
0 0.5125 0.559375 0.05 0.04375
0 0.46953125 0.56484375 0.053125 0.040625
0 0.48125 0.52578125 0.0484375 0.034375
0 0.471875 0.49765625 0.046875 0.0375
0 0.44140625 0.4703125 0.05625 0.034375
0 0.43046875 0.503125 0.0421875 0.040625
0 0.390625 0.51640625 0.053125 0.034375
0 0.38359375 0.48671875 0.05 0.034375
0 0.378125 0.55078125 0.05 0.0359375
0 0.43984375 0.53671875 0.05 0.0375
0 0.4234375 0.565625 0.053125 0.0375
0 0.46640625 0.603125 0.05625 0.040625
0 0.41875 0.60625 0.053125 0.040625
0 0.3828125 0.61640625 0.053125 0.0375
0 0.33828125 0.6078125 0.046875 0.034375
0 0.38515625 0.57890625 0.0578125 0.0421875
0 0.34375 0.571875 0.0578125 0.0375
0 0.52421875 0.62578125 0.0421875 0.034375
0 0.4875 0.634375 0.0484375 0.0375
0 0.446875 0.63984375 0.046875 0.040625
0 0.40234375 0.6515625 0.05 0.0375
2 0.64765625 0.425 0.0484375 0.0375
2 0.60703125 0.43125 0.046875 0.034375
2 0.56015625 0.434375 0.0484375 0.0375
2 0.68125 0.4515625 0.05625 0.0390625
2 0.6359375 0.45390625 0.05 0.0375
2 0.59453125 0.45859375 0.0484375 0.0375
2 0.55078125 0.46640625 0.05625 0.034375
2 0.5125 0.47109375 0.04375 0.034375
2 0.478125 0.44609375 0.046875 0.0296875
2 0.39921875 0.43671875 0.053125 0.0375
2 0.35859375 0.459375 0.0484375 0.0375
2 0.3546875 0.49453125 0.040625 0.0375
2 0.31953125 0.5203125 0.05625 0.0375
2 0.70390625 0.48203125 0.05625 0.040625
2 0.6828125 0.51328125 0.04375 0.0375
2 0.6640625 0.553125 0.0375 0.0328125
2 0.6921875 0.58671875 0.0484375 0.0375
2 0.6484375 0.5875 0.040625 0.0359375
2 0.6765625 0.62109375 0.046875 0.0375
2 0.703125 0.65234375 0.05 0.0375
2 0.7359375 0.67734375 0.0625 0.0421875
2 0.72265625 0.7125 0.05625 0.04375
2 0.68828125 0.690625 0.046875 0.040625
2 0.64453125 0.70078125 0.05 0.040625
2 0.596875 0.709375 0.05 0.040625
2 0.57890625 0.6796875 0.046875 0.0375
2 0.5359375 0.6890625 0.05625 0.04375
2 0.553125 0.71875 0.053125 0.034375
2 0.57578125 0.7484375 0.059375 0.040625
2 0.490625 0.690625 0.053125 0.034375
2 0.51796875 0.653125 0.046875 0.0359375
2 0.446875 0.6953125 0.05 0.040625
2 0.4234375 0.72265625 0.0625 0.04375
2 0.40546875 0.6875 0.05625 0.034375
2 0.3484375 0.671875 0.0625 0.0375
2 0.31875 0.63671875 0.0578125 0.0375
2 0.2953125 0.6078125 0.053125 0.034375
2 0.32109375 0.55390625 0.0625 0.0359375