2 0.4578125 0.46796875 0.03828125 0.0328125
2 0.48984375 0.4734375 0.03203125 0.02734375
2 0.384375 0.50078125 0.034375 0.02578125
2 0.5109375 0.5078125 0.034375 0.0265625
2 0.42265625 0.49453125 0.0328125 0.02578125
2 0.50390625 0.59609375 0.034375 0.0265625
2 0.384375 0.53359375 0.034375 0.02578125
2 0.4546875 0.49140625 0.0328125 0.0265625
2 0.4828125 0.49765625 0.03125 0.02421875
2 0.52578125 0.62109375 0.0328125 0.02734375
2 0.52734375 0.5484375 0.03359375 0.02578125
2 0.38046875 0.565625 0.03125 0.02578125
2 0.503125 0.534375 0.0328125 0.025
2 0.49296875 0.6265625 0.03359375 0.02734375
2 0.4765625 0.52265625 0.03125 0.02421875
2 0.5125 0.65078125 0.03359375 0.02734375
2 0.47109375 0.60546875 0.03203125 0.025
2 0.41484375 0.6046875 0.0328125 0.02578125
2 0.48515625 0.5578125 0.03359375 0.02734375
2 0.44453125 0.6203125 0.03203125 0.02734375
2 0.45703125 0.5421875 0.03359375 0.02578125
2 0.47890625 0.665625 0.03359375 0.02890625
2 0.4109375 0.634375 0.03515625 0.02421875
2 0.38203125 0.59296875 0.03203125 0.02734375
2 0.41171875 0.54921875 0.0328125 0.02421875
2 0.38828125 0.61875 0.03046875 0.0265625
2 0.41171875 0.578125 0.034375 0.02578125
2 0.43359375 0.528125 0.0296875 0.02421875
2 0.41171875 0.51484375 0.03203125 0.02421875
2 0.4375 0.565625 0.03046875 0.025
2 0.44140625 0.59140625 0.0296875 0.0234375
2 0.4703125 0.63828125 0.03203125 0.02421875
2 0.45078125 0.5140625 0.03359375 0.021875