2 0.53203125 0.41796875 0.0203125 0.03125
2 0.51640625 0.4359375 0.021875 0.03125
2 0.4765625 0.52890625 0.025 0.0328125
2 0.325 0.63984375 0.0234375 0.03125
2 0.48125 0.496875 0.021875 0.03125
2 0.32890625 0.61171875 0.025 0.03125
2 0.3359375 0.54296875 0.0234375 0.03125
2 0.509375 0.409375 0.021875 0.03125
2 0.46015625 0.5078125 0.025 0.0328125
2 0.3390625 0.51015625 0.025 0.03125
2 0.40703125 0.446875 0.025 0.03125
2 0.4296875 0.43125 0.025 0.03125
2 0.4390625 0.4890625 0.0234375 0.0265625
2 0.45546875 0.53828125 0.025 0.03125
2 0.43515625 0.55 0.025 0.0328125
2 0.50234375 0.46171875 0.025 0.0296875
2 0.48203125 0.4671875 0.0234375 0.034375
2 0.4953125 0.43359375 0.0234375 0.03125
2 0.48671875 0.40546875 0.025 0.0328125
2 0.47421875 0.43046875 0.025 0.0328125
2 0.46484375 0.40234375 0.028125 0.0375
2 0.45078125 0.4234375 0.025 0.034375
2 0.4625 0.44921875 0.025 0.034375
2 0.4609375 0.4796875 0.025 0.03125
2 0.4421875 0.4578125 0.0234375 0.0375
2 0.4234375 0.46875 0.025 0.034375
2 0.43671875 0.51875 0.0234375 0.03125
2 0.415625 0.52890625 0.0234375 0.034375
2 0.4140625 0.5625 0.0234375 0.034375
2 0.41953125 0.49921875 0.025 0.03125
2 0.4 0.50859375 0.021875 0.034375
2 0.40234375 0.475 0.025 0.0328125
2 0.3953125 0.54140625 0.021875 0.0359375
2 0.3953125 0.575 0.025 0.0296875
2 0.37734375 0.55546875 0.021875 0.03125
2 0.38046875 0.52109375 0.028125 0.034375
2 0.3828125 0.4890625 0.028125 0.034375
2 0.3859375 0.4546875 0.025 0.0375
2 0.36484375 0.4640625 0.021875 0.034375
2 0.36015625 0.5 0.021875 0.03125
2 0.34296875 0.47578125 0.025 0.0375
2 0.35859375 0.5328125 0.0234375 0.034375
2 0.35390625 0.56328125 0.025 0.0328125
2 0.37109375 0.5859375 0.025 0.034375
2 0.38671875 0.60703125 0.021875 0.0328125
2 0.3671875 0.6171875 0.025 0.0359375
2 0.34609375 0.6265625 0.028125 0.040625
2 0.35078125 0.59609375 0.021875 0.0296875
2 0.33125 0.578125 0.0234375 0.034375