0 0.3328125 0.22734375 0.0609375 0.0734375
0 0.365625 0.278125 0.05625 0.071875
0 0.41640625 0.27109375 0.0625 0.06875
0 0.315625 0.30234375 0.0609375 0.0765625
0 0.35703125 0.3375 0.053125 0.0625
0 0.31796875 0.37421875 0.065625 0.08125
0 0.40625 0.328125 0.053125 0.065625
0 0.38984375 0.378125 0.05625 0.0640625
0 0.375 0.428125 0.05 0.065625
0 0.44921875 0.31796875 0.046875 0.0625
0 0.48984375 0.31484375 0.05 0.059375
0 0.5171875 0.3578125 0.04375 0.0625
0 0.54453125 0.40546875 0.046875 0.0578125
0 0.478125 0.36796875 0.04375 0.0609375
0 0.43203125 0.38203125 0.053125 0.05625
0 0.4609375 0.42890625 0.046875 0.06875
0 0.5046875 0.4234375 0.05 0.0609375
0 0.41796875 0.43671875 0.053125 0.0640625
2 0.61171875 0.37265625 0.05 0.0640625
2 0.61015625 0.43203125 0.046875 0.0578125
2 0.56875 0.37109375 0.05 0.0640625
2 0.56640625 0.42890625 0.05 0.06875
2 0.59375 0.471875 0.05 0.0609375
2 0.6046875 0.525 0.05 0.05625
2 0.54609375 0.48359375 0.04375 0.0625
2 0.565625 0.5328125 0.05625 0.0609375
2 0.59453125 0.5765625 0.053125 0.0640625
2 0.59921875 0.63125 0.05 0.0625
2 0.55078125 0.5875 0.0421875 0.0625
2 0.55859375 0.65 0.04375 0.065625
2 0.50703125 0.496875 0.046875 0.0578125
2 0.51875 0.54921875 0.04375 0.053125
2 0.5046875 0.603125 0.04375 0.0625
2 0.5171875 0.65703125 0.046875 0.065625
2 0.47265625 0.66796875 0.046875 0.059375
2 0.465625 0.6078125 0.05 0.06875
2 0.478125 0.559375 0.046875 0.06875
2 0.46640625 0.50078125 0.046875 0.0625
2 0.4234375 0.5078125 0.053125 0.0625
2 0.434375 0.5640625 0.05 0.06875
2 0.3859375 0.5703125 0.046875 0.0765625
2 0.421875 0.615625 0.05625 0.05625
2 0.42421875 0.67109375 0.05625 0.065625
2 0.43046875 0.7328125 0.053125 0.0734375
2 0.384375 0.71640625 0.053125 0.0796875
2 0.3828125 0.64140625 0.05625 0.06875
2 0.334375 0.69375 0.0640625 0.0765625
2 0.315625 0.6359375 0.059375 0.08125
2 0.34921875 0.5953125 0.05 0.071875
2 0.334375 0.53671875 0.053125 0.071875
2 0.3015625 0.57734375 0.05625 0.0734375
2 0.3796875 0.5140625 0.053125 0.0609375
2 0.353125 0.4640625 0.040625 0.065625
2 0.315625 0.47578125 0.05625 0.08125
2 0.2796875 0.51875 0.046875 0.0640625
2 0.2640625 0.46015625 0.05625 0.06875
2 0.2375 0.3984375 0.05625 0.0796875
2 0.2125 0.34765625 0.0609375 0.0796875
2 0.24609375 0.31484375 0.05625 0.0609375
2 0.24296875 0.2546875 0.059375 0.08125
2 0.2578125 0.2046875 0.059375 0.0765625
2 0.29375 0.25625 0.05625 0.0609375
2 0.275 0.14140625 0.05625 0.084375
2 0.32109375 0.13671875 0.05625 0.0765625
2 0.3765625 0.1328125 0.0625 0.0734375
2 0.3546875 0.196875 0.05 0.0609375
2 0.39921875 0.19609375 0.053125 0.0765625
2 0.4796875 0.2375 0.053125 0.071875