2 0.77578125 0.35234375 0.028125 0.0375
2 0.7765625 0.32109375 0.025 0.0265625
2 0.76328125 0.30390625 0.021875 0.028125
2 0.7453125 0.3125 0.021875 0.025
2 0.75859375 0.33125 0.01875 0.025
2 0.73828125 0.33828125 0.021875 0.028125
2 0.75234375 0.35390625 0.0203125 0.028125
2 0.76796875 0.3734375 0.021875 0.028125
2 0.75078125 0.384375 0.0265625 0.0296875
2 0.7546875 0.4109375 0.021875 0.03125
2 0.7375 0.40546875 0.021875 0.0296875
2 0.7375 0.36796875 0.021875 0.028125
2 0.7203125 0.3484375 0.021875 0.0265625
2 0.725 0.321875 0.0265625 0.028125
2 0.728125 0.29921875 0.028125 0.028125
2 0.70703125 0.303125 0.025 0.03125
2 0.70625 0.33046875 0.021875 0.025
2 0.6890625 0.315625 0.021875 0.028125
2 0.740625 0.43203125 0.025 0.028125
2 0.7265625 0.45078125 0.021875 0.028125
2 0.70859375 0.45859375 0.021875 0.025
2 0.57265625 0.28203125 0.0234375 0.034375
2 0.58046875 0.3859375 0.0203125 0.025
2 0.5953125 0.42421875 0.01875 0.025
2 0.5984375 0.39765625 0.0171875 0.025
2 0.596875 0.37265625 0.021875 0.0296875
2 0.59765625 0.346875 0.021875 0.0296875
2 0.61796875 0.33203125 0.0203125 0.0296875
2 0.640625 0.3203125 0.0234375 0.03125
2 0.66640625 0.3125 0.021875 0.028125
2 0.61015625 0.459375 0.01875 0.028125
2 0.61328125 0.43671875 0.021875 0.03125
2 0.62578125 0.4796875 0.021875 0.028125
2 0.62421875 0.5078125 0.025 0.028125
2 0.6421875 0.5 0.0203125 0.028125
2 0.64140625 0.471875 0.01875 0.025
2 0.65859375 0.4921875 0.01875 0.025
2 0.67265625 0.47265625 0.01875 0.0296875
2 0.68828125 0.4671875 0.0171875 0.028125
2 0.59453125 0.4484375 0.0265625 0.025
0 0.5890625 0.46796875 0.021875 0.028125
0 0.61953125 0.396875 0.01875 0.0296875
0 0.6203125 0.36875 0.0203125 0.0296875
0 0.6390625 0.3578125 0.0203125 0.028125
0 0.6359375 0.38359375 0.01875 0.028125
0 0.63359375 0.4109375 0.0234375 0.03125
0 0.63125 0.43828125 0.021875 0.028125
0 0.64765625 0.43046875 0.0171875 0.0265625
0 0.65 0.40234375 0.0171875 0.028125
0 0.6546875 0.37578125 0.01875 0.025
0 0.6578125 0.35 0.0171875 0.03125
0 0.67734375 0.3421875 0.0234375 0.03125
0 0.67265625 0.3640625 0.021875 0.0265625
0 0.684375 0.38359375 0.01875 0.03125
0 0.6671875 0.39296875 0.01875 0.021875
0 0.6640625 0.4171875 0.021875 0.028125
0 0.66171875 0.4453125 0.021875 0.028125
0 0.67734375 0.43671875 0.01875 0.03125
0 0.68046875 0.4109375 0.0171875 0.0296875
0 0.69375 0.42890625 0.01875 0.025
0 0.69765625 0.403125 0.01875 0.028125
0 0.69375 0.35390625 0.01875 0.0296875
0 0.70234375 0.3765625 0.01875 0.0265625
0 0.7171875 0.3703125 0.025 0.03125
0 0.71484375 0.396875 0.021875 0.028125
0 0.71328125 0.41953125 0.025 0.03125