0 0.34140625 0.3296875 0.015625 0.015625
0 0.3296875 0.32578125 0.0125 0.01875
0 0.33671875 0.3390625 0.0125 0.015625
0 0.32578125 0.33828125 0.0140625 0.0171875
0 0.31875 0.328125 0.0125 0.01875
2 0.37578125 0.31484375 0.015625 0.021875
2 0.3734375 0.2984375 0.015625 0.021875
2 0.3640625 0.29375 0.0125 0.01875
2 0.35234375 0.3015625 0.0140625 0.01875
2 0.35 0.28046875 0.0140625 0.01875
2 0.3390625 0.2734375 0.015625 0.021875
2 0.34375 0.28984375 0.0125 0.015625
2 0.33515625 0.29921875 0.0140625 0.01875
2 0.3421875 0.30859375 0.0109375 0.015625
2 0.3625 0.31015625 0.0125 0.01875
2 0.3515625 0.315625 0.0125 0.015625
2 0.36015625 0.3265625 0.0109375 0.015625
2 0.3578125 0.33984375 0.0125 0.015625
2 0.35703125 0.3546875 0.0109375 0.015625
2 0.346875 0.34765625 0.0125 0.015625
2 0.34765625 0.36171875 0.0125 0.0203125
2 0.33671875 0.3515625 0.0125 0.0171875
2 0.3375 0.3671875 0.0125 0.01875
2 0.32578125 0.35703125 0.0125 0.01875
2 0.328125 0.375 0.009375 0.015625
2 0.32265625 0.30234375 0.0125 0.01875
2 0.3125 0.30078125 0.0125 0.015625
2 0.31796875 0.31484375 0.0125 0.01875
2 0.31015625 0.31953125 0.0140625 0.015625
2 0.2984375 0.325 0.0109375 0.0171875
2 0.28671875 0.328125 0.0125 0.015625
2 0.30703125 0.33671875 0.0125 0.015625
2 0.2953125 0.33984375 0.0125 0.01875
2 0.284375 0.34765625 0.015625 0.021875
2 0.303125 0.3515625 0.0140625 0.01875
2 0.29375 0.3578125 0.0109375 0.021875
2 0.3125 0.36015625 0.0125 0.01875
2 0.30390625 0.36875 0.0125 0.01875
2 0.31640625 0.37734375 0.0140625 0.015625
2 0.31875 0.3953125 0.0125 0.01875
2 0.31015625 0.4015625 0.0109375 0.0203125
2 0.30234375 0.40390625 0.009375 0.021875
2 0.3015625 0.3859375 0.0125 0.0203125
2 0.28828125 0.3765625 0.015625 0.0203125
2 0.290625 0.39375 0.0125 0.021875