0 0.56953125 0.39296875 0.03125 0.046875
0 0.6125 0.43984375 0.0328125 0.046875
0 0.63984375 0.42265625 0.0328125 0.040625
0 0.6609375 0.4546875 0.0375 0.04375
2 0.52890625 0.40546875 0.034375 0.04375
2 0.54453125 0.3703125 0.034375 0.05
2 0.5640625 0.32578125 0.0375 0.053125
2 0.59765625 0.3328125 0.0375 0.046875
2 0.62578125 0.31171875 0.0375 0.05
2 0.60703125 0.36796875 0.034375 0.046875
2 0.5453125 0.453125 0.034375 0.040625
2 0.578125 0.453125 0.034375 0.046875
2 0.5859375 0.4125 0.03125 0.0359375
2 0.584375 0.49375 0.0328125 0.040625
2 0.61484375 0.48984375 0.0375 0.05
2 0.6390625 0.51796875 0.0421875 0.046875
2 0.6546875 0.4921875 0.034375 0.04375
2 0.6734375 0.4171875 0.034375 0.04375
2 0.66484375 0.37109375 0.028125 0.0515625
2 0.64296875 0.35625 0.0328125 0.046875
2 0.61875 0.39140625 0.040625 0.046875