0 0.44453125 0.41640625 0.01875 0.025
0 0.43125 0.3984375 0.021875 0.025
0 0.43515625 0.43046875 0.01875 0.025
0 0.4203125 0.41328125 0.0171875 0.0296875
2 0.453125 0.3640625 0.015625 0.028125
2 0.4359375 0.3609375 0.01875 0.03125
2 0.4484375 0.38671875 0.015625 0.025
2 0.45703125 0.4046875 0.015625 0.021875
2 0.46015625 0.44375 0.021875 0.028125
2 0.45625 0.465625 0.021875 0.025
2 0.44140625 0.4609375 0.021875 0.021875
2 0.425 0.45625 0.0203125 0.025
2 0.4140625 0.44296875 0.015625 0.021875
2 0.4109375 0.4265625 0.015625 0.025
2 0.40859375 0.4015625 0.015625 0.01875
2 0.39453125 0.41875 0.01875 0.03125
2 0.40234375 0.38515625 0.01875 0.025
2 0.4140625 0.38359375 0.0171875 0.028125
2 0.4078125 0.37109375 0.015625 0.0296875
2 0.4203125 0.365625 0.0171875 0.03125