2 0.35703125 0.4546875 0.025 0.028125
2 0.35625 0.4265625 0.028125 0.03125
2 0.35625 0.39609375 0.0265625 0.03125
2 0.3734375 0.4125 0.025 0.0296875
2 0.3875 0.39140625 0.028125 0.03125
2 0.4046875 0.40390625 0.025 0.0265625
2 0.3921875 0.421875 0.021875 0.0234375
2 0.37578125 0.43984375 0.0203125 0.021875
2 0.37421875 0.465625 0.021875 0.03125
2 0.3921875 0.45078125 0.0234375 0.0296875
2 0.409375 0.434375 0.021875 0.0265625
2 0.42421875 0.41875 0.025 0.028125
2 0.4375 0.3984375 0.021875 0.0296875
2 0.44140625 0.42734375 0.021875 0.028125
2 0.45546875 0.40859375 0.025 0.0296875
2 0.47109375 0.38984375 0.028125 0.028125
2 0.5 0.38359375 0.028125 0.03125
2 0.48984375 0.40390625 0.021875 0.0234375
2 0.47421875 0.415625 0.025 0.0296875
2 0.4578125 0.43515625 0.025 0.0265625
2 0.4421875 0.4546875 0.01875 0.0234375
2 0.4265625 0.44453125 0.021875 0.028125
2 0.4109375 0.45859375 0.025 0.0296875
2 0.39453125 0.47734375 0.025 0.025
2 0.409375 0.4875 0.028125 0.028125
2 0.4234375 0.50390625 0.025 0.0265625
2 0.42734375 0.471875 0.0265625 0.03125
2 0.43984375 0.48828125 0.025 0.028125
2 0.4390625 0.5171875 0.021875 0.025
2 0.4578125 0.5 0.0265625 0.028125
2 0.4546875 0.47109375 0.021875 0.028125
2 0.46953125 0.45234375 0.025 0.0265625
2 0.484375 0.434375 0.025 0.0265625
2 0.5171875 0.3984375 0.021875 0.0328125
2 0.5359375 0.41171875 0.025 0.0296875
2 0.5484375 0.43359375 0.0265625 0.028125
2 0.54921875 0.46171875 0.0265625 0.028125
2 0.5078125 0.4421875 0.0265625 0.025
2 0.51796875 0.46015625 0.021875 0.025
2 0.54609375 0.4875 0.025 0.025
2 0.51953125 0.48515625 0.021875 0.0265625
2 0.53203125 0.50546875 0.028125 0.025
2 0.51640625 0.528125 0.01875 0.0265625
2 0.5328125 0.5296875 0.021875 0.025
2 0.5359375 0.559375 0.025 0.0265625
2 0.51796875 0.5484375 0.01875 0.025
2 0.50234375 0.50546875 0.021875 0.028125
2 0.5015625 0.47890625 0.0203125 0.028125
2 0.48984375 0.46171875 0.0203125 0.0265625
2 0.47734375 0.47890625 0.0203125 0.0234375
2 0.484375 0.49609375 0.0203125 0.025
2 0.471875 0.5171875 0.021875 0.025
2 0.48984375 0.5265625 0.025 0.025
2 0.50234375 0.54140625 0.021875 0.025
2 0.48671875 0.55234375 0.021875 0.028125
2 0.46875 0.5453125 0.0234375 0.025
2 0.453125 0.5296875 0.0234375 0.0296875
2 0.44765625 0.559375 0.028125 0.028125
2 0.46640625 0.57109375 0.0265625 0.025
2 0.484375 0.58203125 0.021875 0.025
2 0.50390625 0.59453125 0.025 0.025
2 0.521875 0.6015625 0.025 0.025
2 0.5203125 0.5734375 0.021875 0.03125
2 0.50234375 0.56953125 0.021875 0.03125
2 0.503125 0.41328125 0.021875 0.034375
2 0.52109375 0.42890625 0.021875 0.028125