2 0.37890625 0.64453125 0.0625 0.0703125
2 0.44296875 0.640625 0.05 0.0625
2 0.30234375 0.634375 0.053125 0.065625
2 0.34296875 0.59375 0.0578125 0.06875
2 0.3765625 0.35625 0.053125 0.065625
2 0.25234375 0.6375 0.059375 0.071875
2 0.31328125 0.54296875 0.059375 0.071875
2 0.3109375 0.4390625 0.053125 0.071875
2 0.490625 0.61640625 0.0515625 0.0703125
2 0.3984375 0.47890625 0.053125 0.0671875
2 0.54296875 0.59765625 0.05625 0.065625
2 0.36953125 0.5421875 0.053125 0.071875
2 0.4515625 0.57421875 0.0515625 0.06875
2 0.23984375 0.53203125 0.05625 0.075
2 0.5 0.55546875 0.05 0.065625
2 0.578125 0.4828125 0.05625 0.0703125
2 0.51875 0.34921875 0.05 0.0671875
2 0.2140625 0.59296875 0.0546875 0.06875
2 0.56015625 0.38515625 0.05 0.06875
2 0.4234375 0.34296875 0.0546875 0.071875
2 0.58046875 0.62578125 0.05 0.0640625
2 0.27890625 0.484375 0.05 0.0640625
2 0.40625 0.59765625 0.0515625 0.0625
2 0.44296875 0.459375 0.05 0.0640625
2 0.375 0.43515625 0.05625 0.06875
2 0.26796875 0.58125 0.05625 0.0625
2 0.6 0.56484375 0.046875 0.065625
2 0.51328125 0.49453125 0.053125 0.06875
2 0.47109375 0.32734375 0.046875 0.0625
2 0.46796875 0.50859375 0.0515625 0.06875
2 0.4140625 0.40703125 0.05625 0.059375
2 0.4265625 0.5375 0.0515625 0.071875
2 0.54296875 0.43984375 0.053125 0.0609375
2 0.4953125 0.4453125 0.0546875 0.0640625
2 0.54921875 0.53046875 0.04375 0.0625
2 0.46875 0.390625 0.046875 0.065625
2 0.165625 0.6359375 0.0640625 0.0875
2 0.346875 0.4875 0.053125 0.065625