0 0.55859375 0.61953125 0.034375 0.053125
0 0.60546875 0.56796875 0.0359375 0.05
0 0.6359375 0.5875 0.0359375 0.0453125
0 0.659375 0.55234375 0.040625 0.0484375
2 0.5140625 0.60625 0.0375 0.0484375
2 0.53046875 0.6453125 0.0375 0.053125
2 0.55234375 0.69453125 0.040625 0.059375
2 0.5890625 0.6859375 0.040625 0.05
2 0.62109375 0.709375 0.040625 0.053125
2 0.59921875 0.64765625 0.0375 0.053125
2 0.53125 0.55390625 0.0375 0.0453125
2 0.56796875 0.55390625 0.0375 0.05
2 0.57578125 0.5984375 0.034375 0.0390625
2 0.575 0.509375 0.0359375 0.04375
2 0.60859375 0.5125 0.040625 0.053125
2 0.63515625 0.48203125 0.046875 0.05
2 0.6515625 0.5109375 0.0375 0.05
2 0.67265625 0.59296875 0.0375 0.0484375
2 0.66328125 0.64375 0.03125 0.05625
2 0.6390625 0.6609375 0.0359375 0.053125
2 0.6125 0.621875 0.046875 0.05