0 0.4015625 0.8203125 0.046875 0.0375
0 0.3703125 0.7984375 0.04375 0.034375
0 0.434375 0.8109375 0.04375 0.0375
0 0.4109375 0.784375 0.0390625 0.0375
0 0.38125 0.76328125 0.0421875 0.0375
0 0.38515625 0.7375 0.0375 0.04375
0 0.42109375 0.74921875 0.040625 0.0375
0 0.45078125 0.7703125 0.046875 0.040625
0 0.45390625 0.7390625 0.046875 0.040625
0 0.425 0.72578125 0.0484375 0.0375
0 0.3890625 0.70546875 0.040625 0.03125
0 0.38671875 0.67265625 0.0375 0.0390625
0 0.41953125 0.690625 0.046875 0.0390625
0 0.4546875 0.70859375 0.04375 0.040625
0 0.48203125 0.69140625 0.0421875 0.034375
0 0.446875 0.6765625 0.04375 0.0375
0 0.41484375 0.65390625 0.0390625 0.034375
0 0.44296875 0.63984375 0.040625 0.0328125
0 0.47890625 0.6609375 0.0375 0.034375
0 0.48125 0.63203125 0.040625 0.034375
0 0.4578125 0.6109375 0.0484375 0.034375
0 0.41953125 0.621875 0.0484375 0.034375
0 0.40625 0.59609375 0.0515625 0.0375
0 0.403125 0.5640625 0.046875 0.040625
0 0.43984375 0.5828125 0.046875 0.0375
0 0.4796875 0.57109375 0.046875 0.0375
0 0.4890625 0.59609375 0.04375 0.040625
0 0.43984375 0.559375 0.053125 0.0421875
0 0.421875 0.5328125 0.05 0.0375
0 0.45 0.51796875 0.04375 0.028125
0 0.47265625 0.5421875 0.0390625 0.0375
0 0.50625 0.54921875 0.04375 0.0375
0 0.49609375 0.51953125 0.046875 0.0375
0 0.47109375 0.49921875 0.04375 0.034375
0 0.509375 0.4953125 0.0390625 0.034375
0 0.44765625 0.47578125 0.0578125 0.0375
0 0.48203125 0.471875 0.04375 0.034375
0 0.5015625 0.4515625 0.034375 0.028125
0 0.52578125 0.46953125 0.0484375 0.0328125
0 0.4515625 0.44296875 0.059375 0.0375
0 0.48046875 0.4265625 0.046875 0.034375
2 0.26640625 0.44296875 0.04375 0.0375
2 0.253125 0.6421875 0.053125 0.053125
2 0.29765625 0.6546875 0.040625 0.03125
2 0.30703125 0.625 0.04375 0.0328125
2 0.303125 0.59453125 0.046875 0.03125
2 0.3203125 0.5671875 0.04375 0.0328125
2 0.3453125 0.5890625 0.053125 0.034375
2 0.3421875 0.6171875 0.04375 0.034375
2 0.32734375 0.64609375 0.05 0.0375
2 0.36796875 0.63671875 0.0375 0.034375
2 0.3578125 0.56640625 0.0484375 0.0375
2 0.36875 0.53984375 0.040625 0.034375
2 0.3578125 0.50234375 0.046875 0.025
2 0.38671875 0.525 0.0328125 0.0375
2 0.40859375 0.49765625 0.05 0.0296875
2 0.38125 0.471875 0.04375 0.04375
2 0.396875 0.4453125 0.0421875 0.0328125
2 0.421875 0.47109375 0.046875 0.034375
2 0.4046875 0.4203125 0.046875 0.034375
2 0.41484375 0.39765625 0.046875 0.03125
2 0.446875 0.41953125 0.040625 0.0265625
2 0.45234375 0.39375 0.040625 0.028125
2 0.4546875 0.37109375 0.0515625 0.025
2 0.49765625 0.36484375 0.0390625 0.028125
2 0.49453125 0.39140625 0.0375 0.034375
0 0.53359375 0.38359375 0.0515625 0.034375
2 0.5796875 0.3625 0.046875 0.03125
2 0.58125 0.39765625 0.0484375 0.040625
2 0.60703125 0.37890625 0.0375 0.034375
2 0.628125 0.40390625 0.053125 0.034375
2 0.6140625 0.428125 0.04375 0.034375
2 0.58125 0.4375 0.04375 0.03125
2 0.54375 0.43828125 0.05 0.0328125
2 0.55390625 0.4171875 0.046875 0.028125
2 0.5203125 0.41484375 0.046875 0.0328125
2 0.5703125 0.45859375 0.04375 0.034375
2 0.56015625 0.48515625 0.046875 0.03125
2 0.5484375 0.50625 0.046875 0.0296875
2 0.53984375 0.5328125 0.046875 0.03125
2 0.52890625 0.5796875 0.05 0.028125
2 0.5359375 0.55625 0.05 0.0328125
2 0.51484375 0.60390625 0.0421875 0.0296875
2 0.33125 0.68671875 0.046875 0.034375
2 0.31953125 0.71484375 0.04375 0.040625
2 0.3109375 0.73984375 0.05625 0.0375
2 0.30859375 0.77265625 0.0421875 0.0421875
2 0.3015625 0.803125 0.053125 0.0375
2 0.290625 0.82734375 0.0515625 0.03125
2 0.340625 0.82265625 0.046875 0.034375
2 0.34453125 0.853125 0.0484375 0.0390625
2 0.41484375 0.8578125 0.053125 0.0375
2 0.46328125 0.85 0.046875 0.040625
2 0.46796875 0.815625 0.0515625 0.040625
2 0.48359375 0.77578125 0.046875 0.040625
2 0.48828125 0.74921875 0.04375 0.034375
2 0.49609375 0.71953125 0.04375 0.040625
2 0.515625 0.66328125 0.046875 0.034375