0 0.35 0.296875 0.0375 0.0625
0 0.44296875 0.215625 0.0375 0.0484375
0 0.4625 0.1859375 0.040625 0.0546875
0 0.47890625 0.2234375 0.04375 0.05
0 0.490625 0.275 0.040625 0.05625
0 0.46015625 0.2609375 0.0375 0.05
0 0.42578125 0.25546875 0.040625 0.05625
0 0.3921875 0.25234375 0.04375 0.0625
0 0.38359375 0.29140625 0.0375 0.05
0 0.371875 0.33359375 0.0375 0.0546875
0 0.41484375 0.296875 0.0359375 0.053125
0 0.44765625 0.296875 0.04375 0.0546875
0 0.48359375 0.3171875 0.04375 0.05
0 0.4734375 0.36328125 0.040625 0.05
0 0.44140625 0.34453125 0.040625 0.05
0 0.40703125 0.3390625 0.0359375 0.05
0 0.38828125 0.384375 0.0375 0.0609375
0 0.4546875 0.39296875 0.0375 0.05
0 0.415625 0.42578125 0.0359375 0.05
0 0.39609375 0.45546875 0.040625 0.053125
0 0.3984375 0.49609375 0.0390625 0.059375
0 0.36171875 0.51484375 0.0453125 0.05625
0 0.38359375 0.54921875 0.040625 0.05
0 0.35 0.57265625 0.0375 0.053125
0 0.4234375 0.5203125 0.040625 0.05
0 0.46484375 0.5109375 0.040625 0.0609375
0 0.4875 0.48984375 0.0375 0.0625
0 0.51796875 0.471875 0.0359375 0.059375
0 0.4796875 0.4453125 0.0390625 0.0546875
0 0.4515625 0.4421875 0.0375 0.046875
0 0.428125 0.47578125 0.040625 0.0609375
2 0.5421875 0.234375 0.046875 0.05625
2 0.5375 0.28359375 0.040625 0.053125
2 0.4984375 0.17578125 0.04375 0.059375
2 0.509375 0.22109375 0.0359375 0.0546875
2 0.525 0.3265625 0.046875 0.05625
2 0.50859375 0.38984375 0.040625 0.0609375
2 0.5234375 0.4203125 0.0453125 0.053125
2 0.5421875 0.5046875 0.046875 0.0625
2 0.54140625 0.46015625 0.0453125 0.05625
2 0.51953125 0.54296875 0.0375 0.059375
2 0.4859375 0.55546875 0.040625 0.05625
2 0.45234375 0.56328125 0.04375 0.05625
2 0.43359375 0.15546875 0.0375 0.0546875
2 0.46875 0.1578125 0.040625 0.053125
2 0.40078125 0.14140625 0.046875 0.05625
2 0.40859375 0.18515625 0.040625 0.065625
2 0.37109375 0.1828125 0.04375 0.0625
2 0.33515625 0.22578125 0.040625 0.0625
2 0.29921875 0.2140625 0.04375 0.0625
2 0.315625 0.2609375 0.040625 0.0546875
2 0.275 0.2640625 0.040625 0.05625
2 0.3 0.3 0.046875 0.05625
2 0.31484375 0.3359375 0.04375 0.05
2 0.33203125 0.37109375 0.040625 0.059375
2 0.34921875 0.41796875 0.034375 0.05
2 0.35859375 0.4609375 0.034375 0.053125
2 0.28984375 0.37890625 0.04375 0.0625
2 0.3125 0.39765625 0.0375 0.059375
2 0.32421875 0.4453125 0.0375 0.05
2 0.30234375 0.47734375 0.040625 0.053125
2 0.33359375 0.48671875 0.034375 0.05
2 0.31484375 0.5140625 0.040625 0.05625
2 0.278125 0.503125 0.04375 0.065625
2 0.30625 0.5625 0.0375 0.05625
2 0.27109375 0.55 0.0390625 0.06875
2 0.240625 0.5171875 0.046875 0.05625
2 0.23515625 0.5671875 0.04375 0.059375
2 0.38984375 0.60078125 0.046875 0.05625
2 0.39140625 0.64609375 0.046875 0.0546875
2 0.39375 0.7015625 0.04375 0.0734375
2 0.36484375 0.625 0.04375 0.0671875
2 0.3609375 0.68046875 0.040625 0.06875
2 0.3609375 0.725 0.0453125 0.065625
2 0.36484375 0.7765625 0.04375 0.065625
2 0.328125 0.61328125 0.040625 0.0546875
2 0.328125 0.6578125 0.040625 0.05625
2 0.325 0.70078125 0.04375 0.065625
2 0.32890625 0.75703125 0.04375 0.071875
2 0.33046875 0.80859375 0.046875 0.059375
2 0.2921875 0.603125 0.04375 0.059375
2 0.29296875 0.6453125 0.040625 0.05625
2 0.2953125 0.69140625 0.040625 0.0671875
2 0.3 0.7359375 0.04375 0.0625
2 0.3 0.79609375 0.04375 0.0625
2 0.30546875 0.8484375 0.046875 0.0625
2 0.25859375 0.59296875 0.040625 0.05625
2 0.25546875 0.63125 0.040625 0.059375
2 0.25625 0.6796875 0.0390625 0.065625
2 0.26875 0.72109375 0.0375 0.05625
2 0.27109375 0.76953125 0.04375 0.053125
2 0.24140625 0.8 0.04375 0.04375
2 0.23203125 0.84140625 0.046875 0.059375
2 0.265625 0.878125 0.04375 0.059375
2 0.2671875 0.82265625 0.0359375 0.059375
2 0.2359375 0.75390625 0.04375 0.0609375
2 0.228125 0.70390625 0.040625 0.059375
2 0.21875 0.6703125 0.04375 0.059375
2 0.221875 0.61953125 0.040625 0.059375
2 0.18984375 0.70625 0.04375 0.0671875
2 0.19609375 0.759375 0.046875 0.0671875
2 0.20703125 0.80390625 0.0484375 0.071875