2 0.5796875 0.23515625 0.01875 0.0234375
2 0.58984375 0.2515625 0.01875 0.021875
2 0.5921875 0.26875 0.01875 0.025
2 0.57890625 0.2765625 0.01875 0.021875
2 0.57109375 0.259375 0.021875 0.021875
2 0.584375 0.2953125 0.01875 0.0234375
2 0.59375 0.309375 0.0171875 0.0234375
2 0.590625 0.328125 0.0171875 0.025
2 0.584375 0.34375 0.0203125 0.021875
2 0.57578125 0.3296875 0.015625 0.021875
2 0.5796875 0.315625 0.0171875 0.021875
2 0.5703125 0.2984375 0.015625 0.021875
2 0.5640625 0.28125 0.0171875 0.01875
2 0.55703125 0.30078125 0.015625 0.021875
2 0.54453125 0.2796875 0.015625 0.021875
2 0.58515625 0.38125 0.021875 0.01875
2 0.5796875 0.36171875 0.015625 0.01875
2 0.5328125 0.28515625 0.01875 0.021875
2 0.51953125 0.2890625 0.0125 0.021875
2 0.51171875 0.29921875 0.01875 0.021875
2 0.5015625 0.28359375 0.021875 0.025
2 0.49765625 0.30234375 0.015625 0.021875
2 0.48984375 0.3125 0.015625 0.021875
2 0.49921875 0.31953125 0.015625 0.021875
2 0.58125 0.4015625 0.01875 0.01875
2 0.571875 0.3890625 0.015625 0.01875
2 0.56640625 0.36953125 0.015625 0.01875
2 0.58671875 0.42109375 0.0203125 0.0234375
2 0.5453125 0.303125 0.015625 0.01875
1 0.440625 0.63125 0.01875 0.021875
1 0.425 0.63359375 0.01875 0.025
1 0.42109375 0.61328125 0.01875 0.021875
1 0.40546875 0.6890625 0.01875 0.0265625
1 0.390625 0.69140625 0.0171875 0.025
1 0.39609375 0.671875 0.0140625 0.021875
1 0.4 0.7125 0.01875 0.028125
1 0.37734375 0.70078125 0.015625 0.021875
1 0.41640625 0.78203125 0.01875 0.025
1 0.39921875 0.78046875 0.01875 0.025
1 0.38671875 0.79296875 0.0171875 0.025
1 0.36953125 0.77265625 0.0171875 0.025
0 0.56171875 0.33046875 0.0171875 0.01875
0 0.55703125 0.3484375 0.01875 0.01875
0 0.54765625 0.33203125 0.015625 0.0203125
0 0.55390625 0.36484375 0.0171875 0.021875
0 0.5390625 0.36484375 0.015625 0.021875
0 0.54296875 0.34765625 0.015625 0.01875
0 0.52578125 0.365625 0.015625 0.021875
0 0.5265625 0.35 0.015625 0.021875
0 0.5328125 0.3328125 0.0140625 0.0203125
0 0.5328125 0.3171875 0.015625 0.01875
0 0.51328125 0.35 0.015625 0.021875
0 0.5203125 0.33125 0.015625 0.021875
0 0.51171875 0.36640625 0.015625 0.021875
0 0.5578125 0.39921875 0.015625 0.0234375
0 0.54375 0.39609375 0.015625 0.021875
0 0.53515625 0.38125 0.01875 0.01875
0 0.56484375 0.41640625 0.015625 0.021875
0 0.5515625 0.4171875 0.015625 0.0234375
0 0.559375 0.43515625 0.015625 0.021875
0 0.54609375 0.4328125 0.0140625 0.021875
0 0.5375 0.41640625 0.0140625 0.0203125
0 0.52890625 0.4015625 0.0171875 0.021875
0 0.5203125 0.38515625 0.015625 0.0234375
0 0.51484375 0.40078125 0.015625 0.01875
0 0.50625 0.384375 0.015625 0.01875
0 0.53828125 0.44765625 0.015625 0.021875
0 0.53046875 0.43203125 0.015625 0.01875
0 0.52109375 0.41796875 0.015625 0.021875
0 0.50703125 0.41875 0.015625 0.021875
0 0.5 0.403125 0.015625 0.01875
0 0.490625 0.3875 0.015625 0.021875
0 0.4859375 0.403125 0.0140625 0.01875
0 0.478125 0.3875 0.0125 0.01875
0 0.51484375 0.434375 0.015625 0.021875
0 0.52265625 0.4484375 0.015625 0.01875
0 0.5359375 0.46640625 0.015625 0.021875
0 0.53046875 0.48359375 0.015625 0.021875
0 0.52109375 0.465625 0.015625 0.021875
0 0.50859375 0.45 0.015625 0.021875
0 0.50078125 0.43515625 0.015625 0.021875
0 0.49375 0.42109375 0.015625 0.01875
0 0.49453125 0.4515625 0.015625 0.01875
0 0.50390625 0.46484375 0.015625 0.0265625
0 0.51484375 0.48359375 0.015625 0.021875
0 0.4875 0.4359375 0.015625 0.0171875
0 0.478125 0.42109375 0.0171875 0.021875
0 0.47265625 0.40390625 0.0171875 0.01875
0 0.52421875 0.5015625 0.015625 0.0203125
0 0.50859375 0.5015625 0.01875 0.021875
0 0.49609375 0.49921875 0.0125 0.0203125
0 0.50078125 0.48125 0.015625 0.01875
0 0.48515625 0.48359375 0.015625 0.021875
0 0.48828125 0.4671875 0.015625 0.01875
0 0.47890625 0.4515625 0.015625 0.01875
0 0.471875 0.43515625 0.015625 0.01875
0 0.4734375 0.4671875 0.0171875 0.021875
0 0.465625 0.4515625 0.015625 0.01875
0 0.45625 0.43671875 0.015625 0.021875
0 0.4640625 0.4203125 0.015625 0.021875
0 0.47421875 0.49609375 0.015625 0.0234375
0 0.46484375 0.48125 0.0171875 0.021875
0 0.45703125 0.46484375 0.015625 0.021875
0 0.44921875 0.44921875 0.015625 0.021875
0 0.45546875 0.49375 0.015625 0.021875
0 0.46328125 0.50703125 0.0171875 0.021875
0 0.48359375 0.51875 0.0171875 0.021875
0 0.4875 0.53984375 0.01875 0.025
0 0.4703125 0.52578125 0.015625 0.025
0 0.45703125 0.525 0.015625 0.0203125
0 0.4484375 0.509375 0.015625 0.01875
0 0.4484375 0.48125 0.0171875 0.021875
0 0.43984375 0.49453125 0.015625 0.021875
0 0.43203125 0.48046875 0.015625 0.0203125
0 0.42734375 0.49765625 0.015625 0.021875
0 0.41875 0.4828125 0.015625 0.0203125
0 0.4140625 0.50078125 0.0140625 0.021875
0 0.43359375 0.5125 0.015625 0.021875
0 0.44296875 0.52734375 0.015625 0.021875
0 0.42890625 0.5328125 0.015625 0.021875
0 0.42265625 0.515625 0.015625 0.01875
0 0.415625 0.5328125 0.015625 0.021875
0 0.409375 0.51640625 0.015625 0.01875
0 0.49375 0.55859375 0.015625 0.021875
0 0.49921875 0.575 0.015625 0.021875
0 0.484375 0.5765625 0.015625 0.01875
0 0.4796875 0.56171875 0.015625 0.0203125
0 0.47421875 0.5453125 0.015625 0.021875
0 0.48828125 0.59765625 0.0171875 0.021875
0 0.47109375 0.5796875 0.015625 0.021875
0 0.465625 0.5625 0.015625 0.01875
0 0.459375 0.54375 0.015625 0.021875
0 0.44765625 0.54765625 0.015625 0.021875
0 0.434375 0.54921875 0.015625 0.021875
0 0.4515625 0.56328125 0.01875 0.021875
0 0.45546875 0.58125 0.015625 0.021875
0 0.4921875 0.6265625 0.015625 0.021875
0 0.48359375 0.61171875 0.015625 0.021875
1 0.465625 0.61953125 0.01875 0.025
0 0.475 0.59921875 0.015625 0.021875
0 0.4609375 0.59921875 0.015625 0.01875
0 0.44296875 0.58515625 0.0140625 0.01875
0 0.43984375 0.56796875 0.015625 0.01875
0 0.446875 0.59921875 0.015625 0.0234375
0 0.4546875 0.6171875 0.015625 0.025
0 0.434375 0.60625 0.015625 0.021875
0 0.4296875 0.5875 0.015625 0.01875
0 0.4265625 0.5703125 0.015625 0.0234375
0 0.42265625 0.55234375 0.015625 0.01875
0 0.40703125 0.55 0.0171875 0.021875
0 0.40078125 0.53203125 0.015625 0.0234375
0 0.415625 0.58671875 0.015625 0.021875
0 0.41328125 0.56796875 0.0171875 0.021875
0 0.40078125 0.57734375 0.0171875 0.025
0 0.396875 0.55859375 0.015625 0.021875
0 0.39140625 0.58984375 0.0140625 0.025
0 0.40546875 0.59921875 0.015625 0.025
0 0.39609375 0.6109375 0.015625 0.025
0 0.38359375 0.60625 0.0140625 0.025
0 0.384375 0.6234375 0.0171875 0.021875
0 0.39921875 0.62734375 0.0140625 0.021875
0 0.4125 0.62890625 0.015625 0.01875
0 0.40859375 0.64453125 0.015625 0.021875
0 0.3921875 0.64375 0.01875 0.025
0 0.3859375 0.66015625 0.0125 0.021875
0 0.37109375 0.659375 0.015625 0.021875
0 0.37734375 0.64296875 0.0125 0.01875
0 0.37578125 0.67734375 0.015625 0.0234375
0 0.36171875 0.678125 0.015625 0.025
0 0.3578125 0.659375 0.015625 0.021875
0 0.4140625 0.6625 0.015625 0.025
1 0.42734375 0.66015625 0.015625 0.0234375
0 0.43828125 0.675 0.0171875 0.0234375
0 0.44296875 0.6546875 0.0171875 0.0203125
0 0.45859375 0.65390625 0.015625 0.0203125
0 0.45234375 0.6703125 0.01875 0.021875
0 0.453125 0.68984375 0.015625 0.021875
0 0.46875 0.66796875 0.01875 0.021875
0 0.47265625 0.6484375 0.01875 0.01875
0 0.4828125 0.65859375 0.01875 0.0203125
0 0.4859375 0.64140625 0.01875 0.021875
0 0.45703125 0.77734375 0.01875 0.025
0 0.446875 0.7921875 0.01875 0.025
0 0.4390625 0.80703125 0.01875 0.021875
0 0.4296875 0.79296875 0.015625 0.021875
0 0.4328125 0.7734375 0.015625 0.025
0 0.45234375 0.721875 0.015625 0.021875
0 0.44140625 0.70859375 0.0171875 0.021875
0 0.43125 0.69453125 0.015625 0.0203125
0 0.4359375 0.7296875 0.015625 0.021875
0 0.42890625 0.7453125 0.0171875 0.021875
0 0.4234375 0.76171875 0.015625 0.0203125
0 0.4078125 0.7640625 0.015625 0.0234375
0 0.4140625 0.7453125 0.015625 0.021875
0 0.42109375 0.7296875 0.015625 0.021875
0 0.42734375 0.71328125 0.015625 0.021875
0 0.4125 0.71171875 0.015625 0.021875
0 0.4171875 0.6953125 0.015625 0.021875
0 0.4234375 0.6796875 0.015625 0.01875
0 0.40703125 0.73046875 0.015625 0.021875
0 0.4 0.7453125 0.0171875 0.021875
0 0.39375 0.76328125 0.015625 0.021875
0 0.378125 0.7625 0.015625 0.021875
0 0.38359375 0.7453125 0.015625 0.021875
0 0.3921875 0.73046875 0.015625 0.021875
0 0.3765625 0.73046875 0.015625 0.021875
0 0.36328125 0.7296875 0.015625 0.021875
0 0.3703125 0.74765625 0.015625 0.01875
0 0.3578125 0.71171875 0.01875 0.025
0 0.346875 0.70078125 0.015625 0.01875
0 0.35 0.734375 0.015625 0.021875
0 0.35703125 0.75 0.015625 0.0234375
0 0.34921875 0.7671875 0.015625 0.025
0 0.3421875 0.7828125 0.0171875 0.025
0 0.3484375 0.8015625 0.0171875 0.021875
0 0.35546875 0.81875 0.01875 0.0234375
0 0.3546875 0.7828125 0.015625 0.021875
0 0.37421875 0.815625 0.021875 0.025
0 0.36328125 0.80234375 0.01875 0.025
0 0.38828125 0.83359375 0.0171875 0.021875
0 0.39140625 0.8140625 0.01875 0.021875
0 0.40703125 0.81484375 0.01875 0.021875
0 0.40234375 0.79921875 0.01875 0.01875
0 0.42109375 0.8046875 0.0171875 0.021875
0 0.38359375 0.8734375 0.015625 0.021875
0 0.3671875 0.8859375 0.01875 0.021875
0 0.3671875 0.8671875 0.015625 0.021875
0 0.359375 0.853125 0.015625 0.0234375
0 0.34453125 0.8609375 0.015625 0.01875
2 0.5703125 0.44375 0.015625 0.021875
2 0.5609375 0.46328125 0.01875 0.021875
2 0.503125 0.3375 0.015625 0.01875
2 0.49140625 0.33671875 0.015625 0.021875
2 0.47890625 0.3390625 0.0125 0.021875
2 0.49296875 0.35625 0.0140625 0.021875
2 0.48046875 0.3578125 0.015625 0.021875
2 0.46640625 0.35625 0.015625 0.021875
2 0.46875 0.378125 0.0140625 0.0203125
2 0.46328125 0.3890625 0.015625 0.021875
2 0.55390625 0.4796875 0.015625 0.0203125
2 0.54375 0.4953125 0.0171875 0.021875
2 0.5359375 0.5109375 0.015625 0.01875
2 0.5296875 0.52890625 0.015625 0.01875
2 0.52578125 0.54609375 0.015625 0.021875
2 0.521875 0.565625 0.015625 0.021875
2 0.5125 0.55078125 0.015625 0.021875
2 0.50390625 0.53515625 0.015625 0.021875
2 0.515625 0.53046875 0.0140625 0.01875
2 0.49453125 0.515625 0.0125 0.01875
2 0.50546875 0.5890625 0.015625 0.01875
2 0.50546875 0.62109375 0.015625 0.021875
2 0.50859375 0.6390625 0.0140625 0.021875
2 0.50078125 0.66171875 0.015625 0.021875
2 0.4359375 0.425 0.0171875 0.021875
2 0.43203125 0.453125 0.0171875 0.0234375
2 0.4234375 0.46328125 0.015625 0.021875
2 0.4046875 0.490625 0.015625 0.01875
2 0.36484375 0.62734375 0.0125 0.021875
2 0.3734375 0.61171875 0.015625 0.021875
2 0.3453125 0.6734375 0.015625 0.0234375
2 0.33828125 0.72890625 0.015625 0.021875
2 0.334375 0.71484375 0.015625 0.0203125
2 0.33125 0.7453125 0.015625 0.025
2 0.32421875 0.7296875 0.015625 0.025
2 0.3453125 0.746875 0.015625 0.01875
2 0.32421875 0.765625 0.015625 0.021875
2 0.31796875 0.78359375 0.0125 0.0265625
2 0.325 0.8015625 0.015625 0.0234375
2 0.31640625 0.81796875 0.0171875 0.028125
2 0.309375 0.80859375 0.015625 0.0234375
2 0.309375 0.8515625 0.015625 0.025
2 0.33125 0.8796875 0.0171875 0.021875
2 0.3296875 0.86171875 0.01875 0.021875
2 0.33359375 0.84765625 0.0171875 0.01875
2 0.3296875 0.83046875 0.01875 0.0203125
2 0.3359375 0.8140625 0.015625 0.01875
2 0.34296875 0.8296875 0.0125 0.021875
2 0.35625 0.8890625 0.015625 0.021875
2 0.390625 0.8859375 0.015625 0.021875
2 0.37578125 0.88984375 0.015625 0.0234375
2 0.36796875 0.84453125 0.015625 0.01875
2 0.40390625 0.87265625 0.01875 0.021875
2 0.39296875 0.86171875 0.015625 0.01875
2 0.4078125 0.85546875 0.015625 0.021875
2 0.4015625 0.84375 0.015625 0.021875
2 0.49296875 0.81015625 0.0171875 0.028125
2 0.4609375 0.82734375 0.015625 0.021875
2 0.4484375 0.83828125 0.015625 0.028125
2 0.434375 0.83515625 0.015625 0.021875
2 0.42890625 0.84921875 0.015625 0.0234375
2 0.4171875 0.84140625 0.0171875 0.0234375
2 0.4234375 0.8234375 0.015625 0.0203125
2 0.4546875 0.81171875 0.015625 0.021875
2 0.46875 0.80703125 0.015625 0.021875
2 0.48125 0.79453125 0.015625 0.025
2 0.4875 0.77578125 0.01875 0.021875
2 0.47109375 0.78125 0.015625 0.021875
2 0.47421875 0.76484375 0.0171875 0.021875
2 0.478125 0.74609375 0.015625 0.021875
2 0.4828125 0.73203125 0.0171875 0.021875
2 0.4609375 0.75234375 0.015625 0.0234375
2 0.4484375 0.76015625 0.0140625 0.0234375
2 0.465625 0.73125 0.015625 0.021875
2 0.45078125 0.7390625 0.015625 0.01875
2 0.47109375 0.7125 0.0171875 0.021875
2 0.47890625 0.69375 0.0171875 0.0234375
2 0.46484375 0.696875 0.015625 0.025