0 0.41796875 0.4578125 0.021875 0.028125
0 0.40390625 0.4375 0.025 0.028125
0 0.40859375 0.4734375 0.021875 0.028125
0 0.39140625 0.45390625 0.01875 0.0328125
2 0.428125 0.4 0.015625 0.03125
2 0.409375 0.39609375 0.021875 0.034375
2 0.42265625 0.425 0.01875 0.028125
2 0.43203125 0.44453125 0.015625 0.021875
2 0.4359375 0.4875 0.025 0.03125
2 0.43203125 0.51171875 0.0234375 0.028125
2 0.41484375 0.50703125 0.025 0.0234375
2 0.396875 0.5015625 0.021875 0.028125
2 0.384375 0.48671875 0.01875 0.025
2 0.38125 0.46875 0.0171875 0.028125
2 0.37890625 0.440625 0.01875 0.021875
2 0.36328125 0.46015625 0.021875 0.034375
2 0.371875 0.4234375 0.021875 0.028125
2 0.384375 0.42109375 0.01875 0.03125
2 0.378125 0.40703125 0.0171875 0.0328125
2 0.3921875 0.40078125 0.01875 0.034375