1 0.33125 0.65625 0.025 0.03125
1 0.303125 0.66875 0.025 0.034375
1 0.459375 0.59375 0.025 0.03125
0 0.48359375 0.5703125 0.028125 0.0328125
0 0.48125 0.61484375 0.0234375 0.034375
0 0.46953125 0.6390625 0.025 0.03125
0 0.453125 0.70390625 0.025 0.034375
0 0.4453125 0.64609375 0.025 0.03125
0 0.44609375 0.61875 0.021875 0.03125
0 0.42734375 0.6328125 0.0234375 0.034375
0 0.41875 0.665625 0.025 0.034375
0 0.40703125 0.65 0.025 0.0296875
0 0.3890625 0.63515625 0.0234375 0.0265625
0 0.39296875 0.609375 0.028125 0.034375
0 0.40859375 0.62265625 0.021875 0.0296875
0 0.41328125 0.5984375 0.0203125 0.034375
0 0.39921875 0.5859375 0.0234375 0.034375
0 0.43046875 0.60390625 0.025 0.0375
0 0.3828125 0.65859375 0.0234375 0.0328125
0 0.365625 0.64921875 0.025 0.034375
0 0.35 0.63203125 0.025 0.03125
0 0.365625 0.684375 0.028125 0.034375
0 0.353125 0.665625 0.021875 0.034375
0 0.3484375 0.7 0.0234375 0.034375
0 0.328125 0.70546875 0.025 0.034375
0 0.3359375 0.67890625 0.025 0.028125
0 0.31484375 0.68359375 0.028125 0.03125
0 0.3046875 0.7140625 0.021875 0.0375
0 0.2890625 0.6953125 0.025 0.0328125
0 0.31640625 0.63203125 0.028125 0.03125
2 0.30625 0.75703125 0.0328125 0.034375
2 0.2921875 0.74140625 0.025 0.03125
2 0.271875 0.7421875 0.025 0.034375
2 0.271875 0.71875 0.025 0.034375
2 0.253125 0.72578125 0.025 0.034375
2 0.234375 0.73203125 0.025 0.034375
2 0.2390625 0.7046875 0.028125 0.0359375
2 0.25703125 0.6921875 0.025 0.034375
2 0.33359375 0.74140625 0.03125 0.034375
2 0.3578125 0.73359375 0.028125 0.034375
2 0.37421875 0.72421875 0.028125 0.0375
2 0.39375 0.7171875 0.028125 0.04375
2 0.41484375 0.71640625 0.028125 0.0375
2 0.4171875 0.7515625 0.0265625 0.034375
2 0.43046875 0.77109375 0.028125 0.034375
2 0.446875 0.7578125 0.025 0.034375
2 0.43203125 0.734375 0.025 0.034375
2 0.44765625 0.72265625 0.028125 0.03125
2 0.42421875 0.69453125 0.0234375 0.0265625
2 0.403125 0.6875 0.025 0.0328125
2 0.34921875 0.6078125 0.025 0.03125
2 0.328125 0.60390625 0.0265625 0.0375
2 0.3765625 0.60625 0.0265625 0.034375
2 0.3796875 0.58046875 0.028125 0.0375
2 0.3828125 0.553125 0.028125 0.034375
2 0.41171875 0.5640625 0.025 0.034375
2 0.42890625 0.58125 0.021875 0.034375
2 0.46015625 0.48828125 0.028125 0.0359375
2 0.46953125 0.534375 0.028125 0.0375
2 0.51171875 0.596875 0.0265625 0.0359375
2 0.4921875 0.6453125 0.028125 0.0375
2 0.49921875 0.61875 0.0234375 0.0328125
2 0.4828125 0.6734375 0.0234375 0.0296875
2 0.46484375 0.67890625 0.025 0.0328125
2 0.45234375 0.66171875 0.0203125 0.034375
2 0.48828125 0.7015625 0.025 0.034375
2 0.471875 0.71875 0.025 0.0375
2 0.4875 0.7328125 0.025 0.0359375
2 0.4640625 0.74296875 0.025 0.0375