0 0.4921875 0.59765625 0.021875 0.03125
0 0.5125 0.596875 0.0234375 0.025
0 0.5078125 0.57421875 0.021875 0.03125
0 0.5125 0.546875 0.021875 0.028125
0 0.52578125 0.5609375 0.025 0.028125
0 0.53203125 0.5890625 0.0234375 0.03125
0 0.546875 0.5734375 0.028125 0.0296875
0 0.54375 0.5453125 0.025 0.0296875
0 0.5328125 0.52734375 0.025 0.028125
0 0.51796875 0.5078125 0.025 0.0296875
0 0.5203125 0.46328125 0.0234375 0.03125
0 0.55078125 0.5171875 0.021875 0.03125
0 0.56484375 0.53125 0.021875 0.0328125
0 0.565625 0.55703125 0.021875 0.03125
0 0.5796875 0.575 0.021875 0.028125
0 0.58515625 0.54921875 0.028125 0.03125
0 0.5703125 0.59765625 0.025 0.034375
2 0.6 0.6140625 0.025 0.0375
2 0.5890625 0.64140625 0.0203125 0.0375
2 0.57421875 0.6203125 0.025 0.025
2 0.559375 0.64609375 0.025 0.03125
2 0.55234375 0.621875 0.021875 0.025
0 0.54765625 0.6015625 0.01875 0.0234375
2 0.53828125 0.64921875 0.0234375 0.025
2 0.53125 0.62890625 0.025 0.0296875
2 0.5078125 0.6375 0.0265625 0.03125
2 0.496875 0.6203125 0.025 0.025
2 0.515625 0.61171875 0.01875 0.0171875
2 0.584375 0.5953125 0.021875 0.0265625
2 0.5921875 0.53046875 0.025 0.0296875
2 0.57578125 0.5125 0.0234375 0.025
2 0.55859375 0.49609375 0.025 0.028125
2 0.54765625 0.475 0.025 0.03125
2 0.52109375 0.4859375 0.028125 0.025
2 0.528125 0.446875 0.021875 0.028125
2 0.50703125 0.43125 0.025 0.0328125
2 0.50390625 0.45625 0.0203125 0.0296875
2 0.5 0.48203125 0.021875 0.03125
2 0.49609375 0.534375 0.0203125 0.028125
2 0.48203125 0.5171875 0.0234375 0.0296875
2 0.4796875 0.56640625 0.021875 0.034375
2 0.47578125 0.5390625 0.021875 0.03125
2 0.4609375 0.58046875 0.025 0.03125
2 0.45859375 0.5515625 0.025 0.028125
2 0.4609375 0.5265625 0.025 0.028125
2 0.4578125 0.50078125 0.028125 0.028125
2 0.4796875 0.49140625 0.021875 0.0265625
2 0.4859375 0.46953125 0.025 0.028125
2 0.4859375 0.440625 0.021875 0.03125
2 0.46171875 0.47734375 0.028125 0.0359375
2 0.465625 0.4484375 0.025 0.03125
2 0.41015625 0.47734375 0.0265625 0.0359375
2 0.40859375 0.4484375 0.025 0.028125
2 0.4203125 0.428125 0.0234375 0.034375
2 0.403125 0.4125 0.0265625 0.03125
2 0.38828125 0.4328125 0.025 0.03125
2 0.3859375 0.459375 0.025 0.034375
2 0.37734375 0.415625 0.025 0.03125
2 0.39140625 0.3921875 0.025 0.0296875
2 0.37109375 0.39296875 0.025 0.0328125