2 0.69375 0.56328125 0.046875 0.0375
2 0.684375 0.634375 0.0625 0.0421875
2 0.6609375 0.60546875 0.046875 0.034375
2 0.61875 0.60859375 0.04375 0.034375
2 0.61171875 0.58671875 0.0453125 0.0375
2 0.621875 0.559375 0.0375 0.0359375
2 0.58515625 0.5484375 0.053125 0.034375
2 0.5859375 0.51875 0.05 0.034375
2 0.546875 0.5203125 0.04375 0.034375
2 0.53828125 0.54609375 0.046875 0.03125
2 0.559375 0.56953125 0.046875 0.0328125
2 0.6 0.63515625 0.05 0.034375
2 0.55859375 0.6296875 0.040625 0.03125
2 0.57109375 0.65859375 0.0515625 0.0328125
2 0.57421875 0.6875 0.0515625 0.0328125
2 0.534375 0.65703125 0.0375 0.0375
2 0.534375 0.625 0.034375 0.03125
0 0.51328125 0.63671875 0.04375 0.034375
0 0.4796875 0.625 0.046875 0.03125
0 0.50859375 0.60390625 0.04375 0.03125
2 0.4828125 0.65625 0.046875 0.03125
2 0.43984375 0.65546875 0.046875 0.0375
2 0.45859375 0.59765625 0.0328125 0.0375
0 0.4875 0.5296875 0.05 0.0359375
0 0.43125 0.546875 0.040625 0.0328125
0 0.371875 0.5328125 0.040625 0.028125
0 0.39140625 0.5515625 0.0375 0.028125
0 0.36328125 0.5671875 0.040625 0.03125
0 0.38046875 0.59296875 0.04375 0.028125
0 0.42265625 0.61484375 0.046875 0.03125
0 0.38671875 0.621875 0.05 0.03125
0 0.3375 0.6109375 0.05 0.034375
1 0.42734375 0.5890625 0.046875 0.0296875
1 0.4453125 0.56953125 0.0421875 0.03125
1 0.4046875 0.575 0.040625 0.03125
0 0.38203125 0.66640625 0.053125 0.034375
0 0.39375 0.703125 0.046875 0.034375
0 0.353125 0.69296875 0.0421875 0.034375
0 0.3671875 0.7234375 0.04375 0.040625
0 0.38203125 0.76015625 0.05625 0.0375
0 0.4265625 0.78203125 0.05 0.0375
0 0.33984375 0.6625 0.040625 0.034375
0 0.3109375 0.6765625 0.0515625 0.034375
0 0.321875 0.7296875 0.046875 0.03125
0 0.28671875 0.7453125 0.0453125 0.0359375
1 0.3203125 0.70390625 0.046875 0.0359375
0 0.2890625 0.70390625 0.0390625 0.034375
1 0.22265625 0.68203125 0.05 0.040625
0 0.18828125 0.69609375 0.040625 0.03125
0 0.21953125 0.725 0.059375 0.0375
0 0.19296875 0.7546875 0.0453125 0.040625
0 0.12890625 0.73125 0.05 0.034375
0 0.11953125 0.76015625 0.05625 0.03125
0 0.103125 0.7828125 0.0515625 0.0375
2 0.0921875 0.6953125 0.05 0.03125
2 0.08125 0.728125 0.04375 0.034375
2 0.2765625 0.79921875 0.05 0.046875
2 0.32578125 0.80390625 0.059375 0.040625
2 0.340625 0.775 0.04375 0.0375
2 0.23671875 0.77421875 0.0421875 0.0375
2 0.2015625 0.78671875 0.046875 0.040625
2 0.48515625 0.7625 0.05 0.0375
2 0.5546875 0.72734375 0.04375 0.028125
2 0.52890625 0.70390625 0.046875 0.03125
2 0.55078125 0.7578125 0.05 0.0328125
2 0.49609375 0.784375 0.0453125 0.0375
2 0.48515625 0.8234375 0.0546875 0.0421875
2 0.42265625 0.81953125 0.053125 0.046875
2 0.4609375 0.7875 0.040625 0.0359375
2 0.43125 0.75234375 0.05 0.034375
2 0.409375 0.73046875 0.0515625 0.0296875
2 0.453125 0.7171875 0.0625 0.040625
2 0.4515625 0.684375 0.046875 0.03125
2 0.4203125 0.696875 0.034375 0.0359375