2 0.6375 0.62421875 0.0234375 0.01875
2 0.621875 0.63984375 0.025 0.01875
2 0.41875 0.484375 0.025 0.01875
2 0.39609375 0.48203125 0.0234375 0.01875
2 0.49375 0.49921875 0.025 0.01875
2 0.64375 0.6421875 0.025 0.01875
2 0.4421875 0.48515625 0.0234375 0.01875
2 0.62734375 0.65546875 0.025 0.01875
2 0.6734375 0.70703125 0.0234375 0.01875
2 0.6734375 0.6890625 0.021875 0.01875
2 0.51171875 0.50546875 0.025 0.0203125
2 0.67578125 0.72421875 0.025 0.0203125
2 0.49375 0.51640625 0.021875 0.01875
2 0.46796875 0.49296875 0.021875 0.01875
2 0.69765625 0.71171875 0.025 0.0203125
2 0.6359375 0.67109375 0.025 0.01875
2 0.64921875 0.703125 0.025 0.01875
2 0.45625 0.51875 0.021875 0.01875
2 0.4734375 0.5265625 0.025 0.01875
2 0.64765625 0.68671875 0.0234375 0.0171875
2 0.38203125 0.49609375 0.0203125 0.01875
2 0.434375 0.515625 0.025 0.0171875
2 0.65 0.7203125 0.0234375 0.01875
2 0.4765625 0.50625 0.021875 0.01875
2 0.4125 0.5125 0.025 0.01875
2 0.44765625 0.503125 0.025 0.01875
2 0.6515625 0.65859375 0.021875 0.01875
2 0.36328125 0.50703125 0.025 0.0171875
2 0.6609375 0.6734375 0.0234375 0.01875
2 0.39375 0.51015625 0.021875 0.0171875
2 0.40390625 0.49765625 0.025 0.01875
2 0.42578125 0.49921875 0.021875 0.0171875