0 0.42890625 0.66875 0.028125 0.021875
0 0.4125 0.70390625 0.03125 0.021875
0 0.42109375 0.72265625 0.025 0.021875
0 0.44609375 0.73046875 0.03125 0.021875
0 0.39375 0.73828125 0.034375 0.0234375
0 0.415625 0.740625 0.03125 0.021875
0 0.44140625 0.74453125 0.03125 0.025
0 0.36171875 0.74296875 0.025 0.01875
0 0.37734375 0.75234375 0.0265625 0.01875
0 0.390625 0.76640625 0.0328125 0.021875
0 0.40859375 0.7546875 0.03125 0.0203125
0 0.434375 0.7609375 0.028125 0.0203125
0 0.41484375 0.77578125 0.03125 0.01875
0 0.36328125 0.77109375 0.034375 0.01875
0 0.36953125 0.78671875 0.028125 0.021875
0 0.396875 0.78515625 0.0296875 0.025
0 0.42109375 0.79140625 0.028125 0.021875
2 0.43515625 0.65390625 0.03125 0.021875
2 0.45703125 0.6421875 0.0296875 0.0203125
2 0.48203125 0.646875 0.03125 0.021875
2 0.465625 0.65859375 0.028125 0.01875
2 0.4890625 0.66484375 0.025 0.0203125
2 0.46796875 0.675 0.028125 0.021875
2 0.49453125 0.6828125 0.028125 0.01875
2 0.5 0.69921875 0.03125 0.021875
2 0.39375 0.68359375 0.028125 0.021875
2 0.4203125 0.684375 0.025 0.0203125
2 0.44609375 0.68828125 0.028125 0.021875
2 0.46953125 0.69375 0.0265625 0.01875
2 0.45390625 0.7046875 0.025 0.021875
2 0.38828125 0.7015625 0.03125 0.021875
2 0.48046875 0.7078125 0.0265625 0.021875
2 0.46484375 0.72109375 0.028125 0.0203125
2 0.4890625 0.72421875 0.028125 0.021875
2 0.47734375 0.740625 0.034375 0.01875
2 0.4609375 0.753125 0.025 0.021875
2 0.37421875 0.7234375 0.028125 0.0203125
2 0.41171875 0.6671875 0.025 0.021875
2 0.47890625 0.7671875 0.03125 0.0234375
2 0.46796875 0.7828125 0.028125 0.0234375
2 0.44453125 0.78984375 0.028125 0.025
2 0.32734375 0.7875 0.03125 0.025
2 0.3421875 0.7515625 0.025 0.021875
2 0.346875 0.7671875 0.025 0.021875
2 0.33828125 0.8015625 0.03125 0.0203125
2 0.3484375 0.81640625 0.03125 0.025
0 0.38359375 0.8015625 0.028125 0.021875