2 0.3109375 0.5203125 0.03515625 0.028125
2 0.31171875 0.54609375 0.0328125 0.025
2 0.35078125 0.50078125 0.040625 0.0296875
2 0.34296875 0.52265625 0.034375 0.02734375
2 0.3453125 0.54453125 0.034375 0.02421875
2 0.3453125 0.56640625 0.03203125 0.02890625
2 0.371875 0.540625 0.034375 0.0234375
2 0.3734375 0.5625 0.0328125 0.0234375
2 0.3765625 0.58046875 0.03828125 0.028125
2 0.40625 0.58515625 0.0328125 0.02890625
2 0.38125 0.46875 0.03515625 0.028125
2 0.41015625 0.4390625 0.034375 0.02578125
2 0.44140625 0.4328125 0.0375 0.02421875
2 0.446875 0.41015625 0.03671875 0.02109375
2 0.440625 0.3921875 0.03515625 0.02421875
2 0.4640625 0.38671875 0.034375 0.0265625
2 0.49296875 0.378125 0.03671875 0.0296875
2 0.46953125 0.409375 0.03671875 0.02734375
2 0.49765625 0.40234375 0.034375 0.02421875
2 0.465625 0.42734375 0.03515625 0.02734375
2 0.4921875 0.42265625 0.0328125 0.0296875
2 0.521875 0.4296875 0.03671875 0.02734375
2 0.5171875 0.44921875 0.03203125 0.02421875
2 0.5390625 0.4453125 0.03046875 0.0203125
2 0.56328125 0.44609375 0.03828125 0.028125
2 0.559375 0.4671875 0.04609375 0.02265625
2 0.5671875 0.48671875 0.03046875 0.0265625
2 0.578125 0.5046875 0.034375 0.03046875
2 0.56875 0.53828125 0.0375 0.02578125
2 0.56015625 0.55625 0.040625 0.03125
2 0.5515625 0.57578125 0.04765625 0.025
2 0.5484375 0.59921875 0.0515625 0.025
2 0.43828125 0.60078125 0.0453125 0.02734375
2 0.4328125 0.578125 0.03046875 0.0265625
2 0.46328125 0.61953125 0.0515625 0.03515625
0 0.41484375 0.46875 0.03828125 0.02421875
0 0.44375 0.45625 0.02890625 0.02109375
0 0.46953125 0.4546875 0.0328125 0.028125
0 0.49453125 0.45703125 0.03515625 0.02734375
0 0.4953125 0.478125 0.034375 0.0265625
0 0.51953125 0.4703125 0.034375 0.02890625
0 0.53984375 0.48828125 0.03515625 0.0296875
0 0.54140625 0.50625 0.03203125 0.02109375
0 0.5140625 0.51171875 0.025 0.0203125
0 0.53671875 0.525 0.0328125 0.02421875
0 0.521875 0.54453125 0.021875 0.02265625
0 0.5390625 0.55078125 0.02890625 0.0234375
0 0.38359375 0.503125 0.03671875 0.028125
0 0.40234375 0.48359375 0.03046875 0.02265625
0 0.4203125 0.49765625 0.03671875 0.02421875
0 0.4328125 0.4828125 0.03984375 0.02421875
0 0.45625 0.471875 0.0375 0.02265625
0 0.46796875 0.4875 0.034375 0.02109375
0 0.484375 0.50078125 0.03515625 0.02578125
0 0.45625 0.5078125 0.03828125 0.02265625
0 0.434375 0.51796875 0.03671875 0.01875
0 0.403125 0.51875 0.0328125 0.01953125
0 0.4125 0.53828125 0.03203125 0.0203125
0 0.440625 0.5359375 0.03515625 0.02109375
0 0.4140625 0.56015625 0.03203125 0.0265625
0 0.4421875 0.5546875 0.04296875 0.025
0 0.4671875 0.54765625 0.0328125 0.0203125
0 0.465625 0.52734375 0.0328125 0.01875
0 0.4921875 0.52421875 0.03046875 0.02109375
0 0.49453125 0.54296875 0.0328125 0.0265625
0 0.49296875 0.56015625 0.03671875 0.0265625
0 0.4703125 0.5765625 0.0421875 0.0234375
0 0.496875 0.60078125 0.03984375 0.02421875
2 0.4609375 0.72734375 0.04296875 0.034375
2 0.43984375 0.7453125 0.04375 0.02890625
2 0.41015625 0.7421875 0.03828125 0.03671875
2 0.37890625 0.74453125 0.04375 0.025
2 0.3625 0.7625 0.0421875 0.0296875
2 0.39453125 0.76484375 0.03515625 0.028125
2 0.42109375 0.76484375 0.0328125 0.02890625
2 0.40859375 0.784375 0.03984375 0.02890625
2 0.3890625 0.8 0.0421875 0.0265625
2 0.3578125 0.7859375 0.03828125 0.02578125
2 0.3421875 0.80625 0.034375 0.02265625
2 0.3609375 0.821875 0.0453125 0.03046875
2 0.32421875 0.8265625 0.0421875 0.0296875