2 0.378125 0.17109375 0.021875 0.028125
2 0.39609375 0.18828125 0.021875 0.028125
2 0.43515625 0.19375 0.0203125 0.021875
2 0.42578125 0.18046875 0.0203125 0.021875
2 0.43046875 0.1640625 0.01875 0.0203125
2 0.41484375 0.13046875 0.015625 0.01875
2 0.40859375 0.11015625 0.015625 0.0171875
2 0.42890625 0.1140625 0.015625 0.01875
2 0.40546875 0.0859375 0.0171875 0.025
2 0.3953125 0.07265625 0.0125 0.0171875
2 0.40703125 0.0625 0.015625 0.01875
2 0.3875 0.059375 0.01875 0.0203125
2 0.38671875 0.0390625 0.01875 0.0265625
2 0.42734375 0.1421875 0.015625 0.021875
2 0.42109375 0.15234375 0.015625 0.021875
2 0.4515625 0.15078125 0.01875 0.0296875
2 0.46640625 0.15 0.015625 0.03125
2 0.21484375 0.37109375 0.0234375 0.028125
2 0.23359375 0.72265625 0.025 0.025
2 0.1671875 0.58359375 0.01875 0.021875
2 0.16640625 0.5609375 0.015625 0.021875
1 0.21640625 0.5421875 0.01875 0.01875
1 0.225 0.55546875 0.015625 0.01875
1 0.2390625 0.5515625 0.015625 0.01875
1 0.228125 0.53671875 0.0171875 0.021875
1 0.19609375 0.53125 0.01875 0.0203125
1 0.20859375 0.52890625 0.0125 0.01875
1 0.209375 0.5625 0.0125 0.01875
1 0.203125 0.5484375 0.0125 0.01875
1 0.18828125 0.54765625 0.0140625 0.025
0 0.23671875 0.59296875 0.01875 0.025
0 0.2203125 0.5734375 0.015625 0.021875
0 0.23203125 0.57421875 0.015625 0.01875
0 0.2703125 0.60234375 0.015625 0.025
0 0.25546875 0.56640625 0.0140625 0.015625
1 0.2484375 0.503125 0.0125 0.0234375
0 0.26171875 0.51015625 0.0125 0.01875
0 0.26484375 0.4921875 0.015625 0.0234375
0 0.2515625 0.4859375 0.0140625 0.0171875
0 0.2421875 0.52265625 0.0140625 0.01875
0 0.225 0.51796875 0.015625 0.01875
0 0.20390625 0.50703125 0.01875 0.021875
2 0.2046875 0.58828125 0.0140625 0.021875
0 0.1921875 0.575 0.015625 0.01875
2 0.1796875 0.5734375 0.0140625 0.0203125
2 0.17421875 0.54296875 0.0171875 0.03125
2 0.23671875 0.478125 0.01875 0.025