0 0.26640625 0.7359375 0.028125 0.0359375
0 0.2546875 0.7125 0.0265625 0.028125
0 0.2484375 0.68125 0.03125 0.03125
0 0.24375 0.65234375 0.03125 0.034375
0 0.23671875 0.6234375 0.03125 0.0375
2 0.37109375 0.93828125 0.03125 0.0453125
2 0.3640625 0.90625 0.0265625 0.0375
2 0.34375 0.934375 0.0265625 0.0375
2 0.33671875 0.9046875 0.0296875 0.034375
2 0.3140625 0.9140625 0.03125 0.0375
2 0.30234375 0.8890625 0.025 0.0296875
2 0.28359375 0.8671875 0.0296875 0.034375
2 0.3265625 0.88203125 0.025 0.034375
2 0.3515625 0.8765625 0.0296875 0.034375
2 0.359375 0.84921875 0.0296875 0.0375
2 0.346875 0.82109375 0.025 0.040625
2 0.33671875 0.85078125 0.025 0.0375
2 0.321875 0.828125 0.028125 0.0359375
2 0.31015625 0.86015625 0.03125 0.0375
2 0.29140625 0.83984375 0.025 0.0375
2 0.303125 0.81015625 0.028125 0.034375
2 0.3171875 0.78515625 0.03125 0.0421875
2 0.33671875 0.7703125 0.028125 0.034375
2 0.3078125 0.75390625 0.028125 0.0375
2 0.3265625 0.7328125 0.028125 0.0375
2 0.2921875 0.7796875 0.028125 0.0375
2 0.2828125 0.75078125 0.0296875 0.03125
2 0.26875 0.784375 0.028125 0.0359375
2 0.28046875 0.80625 0.03125 0.0359375
2 0.2671875 0.8375 0.03125 0.0421875
2 0.26015625 0.865625 0.028125 0.0390625
2 0.24375 0.84296875 0.028125 0.040625
2 0.2546875 0.809375 0.028125 0.0390625
2 0.23359375 0.803125 0.03125 0.040625
2 0.2234375 0.7734375 0.034375 0.040625
2 0.24609375 0.77578125 0.0359375 0.0375
2 0.23359375 0.74453125 0.03125 0.03125
2 0.296875 0.725 0.03125 0.0359375
2 0.3125 0.703125 0.025 0.034375
2 0.30546875 0.675 0.0296875 0.034375
2 0.2875 0.6984375 0.0328125 0.0375
2 0.2828125 0.6671875 0.03125 0.0375
2 0.29765625 0.64609375 0.028125 0.034375
2 0.27421875 0.64453125 0.03125 0.0375
2 0.2890625 0.61640625 0.0296875 0.034375
2 0.26328125 0.61484375 0.028125 0.0375
2 0.29453125 0.5890625 0.03125 0.0375
2 0.2734375 0.58671875 0.0296875 0.040625
2 0.25078125 0.5828125 0.028125 0.0375
2 0.28828125 0.56171875 0.03125 0.034375
2 0.265625 0.55859375 0.03125 0.04375
2 0.284375 0.534375 0.03125 0.034375
2 0.3 0.509375 0.028125 0.034375
2 0.275 0.5078125 0.028125 0.0375
2 0.284375 0.4828125 0.0296875 0.0375
2 0.2578125 0.52578125 0.0328125 0.0375
2 0.23984375 0.553125 0.034375 0.0421875
2 0.2265625 0.57578125 0.0265625 0.034375
2 0.2171875 0.5984375 0.028125 0.0375
2 0.2 0.62109375 0.028125 0.034375
2 0.20859375 0.6515625 0.03125 0.0390625
2 0.215625 0.68671875 0.028125 0.0359375
2 0.22421875 0.715625 0.03125 0.0375
2 0.19609375 0.70703125 0.03125 0.0375
2 0.1890625 0.6765625 0.034375 0.04375
2 0.18359375 0.64609375 0.03125 0.040625
2 0.1859375 0.59375 0.03125 0.0328125
2 0.20078125 0.57109375 0.0296875 0.04375
2 0.178125 0.56328125 0.03125 0.0390625
2 0.19609375 0.5421875 0.025 0.034375
2 0.21796875 0.54765625 0.0296875 0.034375
2 0.23359375 0.51953125 0.03125 0.0375
2 0.2109375 0.51484375 0.0296875 0.0390625
2 0.1875 0.5109375 0.0296875 0.0390625
2 0.16796875 0.52734375 0.0296875 0.0421875
2 0.1640625 0.4984375 0.03125 0.0375
2 0.2484375 0.49921875 0.03125 0.040625
2 0.2625 0.47890625 0.025 0.034375
2 0.23984375 0.46953125 0.028125 0.034375
2 0.25078125 0.44296875 0.028125 0.0359375
2 0.23046875 0.4421875 0.028125 0.040625
2 0.2171875 0.46640625 0.025 0.0390625
2 0.2265625 0.49140625 0.0265625 0.034375
2 0.203125 0.48828125 0.0296875 0.0375
2 0.18046875 0.47734375 0.03125 0.0390625
2 0.19609375 0.45390625 0.028125 0.0375
2 0.20859375 0.43046875 0.0296875 0.040625
2 0.1859375 0.43046875 0.03125 0.04375
2 0.17421875 0.44921875 0.028125 0.0296875
2 0.15625 0.4703125 0.028125 0.0359375
2 0.14375 0.44609375 0.025 0.0359375
2 0.16015625 0.42265625 0.028125 0.034375
2 0.17265625 0.40390625 0.028125 0.03125
2 0.19609375 0.40234375 0.028125 0.0375
2 0.2125 0.37421875 0.03125 0.0390625
2 0.18359375 0.3734375 0.03125 0.0390625
2 0.16171875 0.375 0.03125 0.0453125
2 0.14765625 0.4 0.028125 0.0375
2 0.13125 0.42109375 0.028125 0.0375
2 0.1234375 0.39375 0.03125 0.0375
2 0.13671875 0.371875 0.03125 0.0390625
2 0.1484375 0.3453125 0.025 0.034375
2 0.17265625 0.353125 0.03125 0.04375