0 0.43671875 0.25390625 0.0296875 0.04375
0 0.42734375 0.2796875 0.028125 0.034375
0 0.44453125 0.30546875 0.028125 0.040625
0 0.42421875 0.31953125 0.028125 0.0375
0 0.44140625 0.3390625 0.028125 0.0421875
0 0.3984375 0.3421875 0.028125 0.04375
0 0.40859375 0.3671875 0.028125 0.034375
0 0.38515625 0.3765625 0.028125 0.0375
0 0.403125 0.265625 0.034375 0.046875
0 0.39921875 0.2984375 0.0265625 0.0375
0 0.3828125 0.31640625 0.025 0.040625
2 0.4609375 0.1953125 0.03125 0.040625
2 0.4375 0.1703125 0.03125 0.04375
2 0.4359375 0.20625 0.025 0.0359375
2 0.41328125 0.18046875 0.0296875 0.0390625
2 0.41328125 0.21171875 0.025 0.034375
2 0.38984375 0.2125 0.0265625 0.040625
2 0.3671875 0.25390625 0.028125 0.046875
2 0.46875 0.2796875 0.028125 0.0375
2 0.37890625 0.28359375 0.028125 0.0296875
2 0.31015625 0.33984375 0.03125 0.04375
2 0.321875 0.3671875 0.028125 0.04375
2 0.30078125 0.3953125 0.028125 0.040625
2 0.3390625 0.4828125 0.0328125 0.05
2 0.38671875 0.5984375 0.0359375 0.046875
2 0.42734375 0.67109375 0.0375 0.040625
2 0.4171875 0.70390625 0.03125 0.0375
2 0.4296875 0.5125 0.0296875 0.04375
2 0.44765625 0.5 0.025 0.040625
2 0.45703125 0.47109375 0.0296875 0.0390625
2 0.45390625 0.4390625 0.03125 0.040625
2 0.41171875 0.415625 0.0296875 0.040625
2 0.42421875 0.396875 0.025 0.0375
2 0.44375 0.378125 0.025 0.034375
2 0.425 0.35859375 0.0296875 0.0375
2 0.47890625 0.33984375 0.028125 0.0375
2 0.4984375 0.35703125 0.028125 0.0390625
2 0.496875 0.39375 0.0265625 0.034375
2 0.47265625 0.38125 0.034375 0.034375
2 0.45703125 0.4046875 0.028125 0.034375
2 0.47265625 0.415625 0.0265625 0.0359375
2 0.48515625 0.4375 0.0296875 0.0359375
2 0.5015625 0.421875 0.025 0.0390625
2 0.5203125 0.40390625 0.028125 0.0375
2 0.5234375 0.4390625 0.0296875 0.0359375
2 0.50546875 0.45859375 0.028125 0.04375
2 0.4875 0.475 0.028125 0.040625
2 0.3734375 0.35 0.0265625 0.034375
2 0.2 0.36875 0.0375 0.046875