2 0.3109375 0.66875 0.028125 0.0171875
2 0.3078125 0.653125 0.028125 0.01875
2 0.29453125 0.6390625 0.025 0.01875
2 0.271875 0.64140625 0.028125 0.0171875
2 0.28359375 0.65390625 0.0296875 0.01875
2 0.2875 0.66953125 0.025 0.021875
2 0.24921875 0.6453125 0.025 0.01875
2 0.2609375 0.6578125 0.0265625 0.01875
2 0.26484375 0.671875 0.021875 0.015625
2 0.2375 0.659375 0.025 0.01875
2 0.2421875 0.675 0.028125 0.01875
2 0.22734375 0.64453125 0.025 0.01875
2 0.21015625 0.63515625 0.0296875 0.0203125
2 0.1984375 0.6515625 0.025 0.021875
2 0.2171875 0.65625 0.025 0.01875
2 0.21640625 0.6734375 0.028125 0.01875
0 0.2859375 0.45 0.03125 0.01875
0 0.2671875 0.46171875 0.025 0.01875
0 0.2421875 0.45546875 0.028125 0.01875
0 0.2265625 0.465625 0.0265625 0.015625
0 0.2375 0.47578125 0.025 0.01875
0 0.2546875 0.46796875 0.025 0.01875
0 0.2625 0.48359375 0.025 0.0171875
2 0.15078125 0.48984375 0.028125 0.021875
2 0.16484375 0.4703125 0.0265625 0.021875
2 0.14609375 0.4671875 0.025 0.01875
2 0.1875 0.478125 0.025 0.01875
2 0.18359375 0.45859375 0.021875 0.015625
2 0.19921875 0.45 0.0265625 0.01875
2 0.21796875 0.44140625 0.025 0.015625
2 0.23125 0.428125 0.028125 0.01875
2 0.25625 0.43359375 0.0234375 0.01875
2 0.23828125 0.44296875 0.025 0.0125
2 0.20625 0.465625 0.0265625 0.015625
2 0.2109375 0.48203125 0.03125 0.021875
2 0.275 0.4984375 0.025 0.0203125
2 0.29921875 0.50078125 0.025 0.0171875
2 0.29609375 0.48671875 0.025 0.01875
2 0.275 0.4796875 0.021875 0.015625
2 0.2875 0.46875 0.025 0.0203125
2 0.309375 0.4734375 0.0203125 0.0171875
2 0.30234375 0.4421875 0.0203125 0.0125
2 0.303125 0.45625 0.025 0.0203125
2 0.3203125 0.4484375 0.0234375 0.0171875
2 0.34375 0.453125 0.028125 0.01875
2 0.325 0.46328125 0.025 0.0171875
2 0.34140625 0.4703125 0.025 0.01875
2 0.3609375 0.46328125 0.028125 0.01875
2 0.37109375 0.4765625 0.03125 0.0171875
2 0.384375 0.490625 0.025 0.01875
2 0.35234375 0.48359375 0.028125 0.015625
2 0.3640625 0.49453125 0.025 0.015625
2 0.3703125 0.5109375 0.03125 0.015625
2 0.3421875 0.496875 0.028125 0.01875
2 0.31796875 0.50078125 0.025 0.0171875
2 0.32421875 0.48359375 0.03125 0.01875
2 0.38125 0.8015625 0.0265625 0.025
2 0.40234375 0.809375 0.0265625 0.025
2 0.42578125 0.8 0.025 0.0203125
2 0.4296875 0.81796875 0.028125 0.0203125
2 0.446875 0.80546875 0.028125 0.021875
2 0.4703125 0.8109375 0.0265625 0.0234375
2 0.45234375 0.82265625 0.028125 0.0234375
2 0.434375 0.83671875 0.028125 0.021875
2 0.45625 0.84296875 0.025 0.021875
2 0.4734375 0.8296875 0.025 0.01875
2 0.48984375 0.81640625 0.0265625 0.021875
2 0.49609375 0.8359375 0.025 0.01875
2 0.47890625 0.84609375 0.028125 0.01875
2 0.46171875 0.86171875 0.0328125 0.021875
2 0.48359375 0.86484375 0.025 0.01875
2 0.48671875 0.8828125 0.0296875 0.025
2 0.51015625 0.871875 0.0265625 0.01875
2 0.50078125 0.853125 0.025 0.021875
2 0.5234375 0.85859375 0.025 0.0203125
2 0.5203125 0.840625 0.028125 0.021875
2 0.51328125 0.82265625 0.028125 0.021875
2 0.53046875 0.81015625 0.028125 0.01875
2 0.5359375 0.82734375 0.028125 0.01875
2 0.5578125 0.82265625 0.0296875 0.021875
2 0.54296875 0.8453125 0.028125 0.0203125
2 0.54296875 0.86328125 0.0265625 0.01875
2 0.55546875 0.87578125 0.025 0.0203125
2 0.53046875 0.87890625 0.028125 0.021875
2 0.51484375 0.88671875 0.028125 0.01875