2 0.3421875 0.184375 0.015625 0.021875
2 0.34375 0.16640625 0.015625 0.01875
2 0.35703125 0.16015625 0.01875 0.0203125
2 0.3546875 0.1421875 0.015625 0.021875
2 0.36953125 0.15390625 0.0171875 0.021875
2 0.36953125 0.13515625 0.015625 0.0203125
2 0.3828125 0.14609375 0.015625 0.0203125
2 0.38359375 0.12890625 0.015625 0.0203125
2 0.38359375 0.1109375 0.015625 0.025
2 0.39375 0.15390625 0.0125 0.0203125
2 0.39453125 0.17421875 0.015625 0.021875
2 0.3828125 0.16484375 0.015625 0.01875
2 0.3703125 0.171875 0.0125 0.01875
2 0.35859375 0.17734375 0.015625 0.021875
2 0.3578125 0.1953125 0.015625 0.0203125
2 0.37109375 0.18984375 0.015625 0.01875
2 0.38359375 0.18203125 0.0125 0.0203125
2 0.384375 0.19921875 0.015625 0.01875
2 0.371875 0.20703125 0.0140625 0.01875
2 0.3578125 0.2140625 0.0140625 0.0203125
2 0.346875 0.221875 0.015625 0.0234375
2 0.3453125 0.24140625 0.015625 0.021875
2 0.34453125 0.26015625 0.0171875 0.01875
2 0.35625 0.26875 0.015625 0.021875
2 0.3578125 0.2484375 0.0125 0.0171875
2 0.35859375 0.23125 0.015625 0.01875
2 0.36953125 0.24296875 0.015625 0.01875
2 0.3703125 0.2234375 0.0140625 0.01875
2 0.3828125 0.2171875 0.0125 0.01875
2 0.39296875 0.225 0.015625 0.021875
2 0.39453125 0.24375 0.0125 0.01875
2 0.38359375 0.23671875 0.015625 0.021875
2 0.38203125 0.25078125 0.0125 0.01875
2 0.3703125 0.25703125 0.015625 0.01875
2 0.38203125 0.2703125 0.0140625 0.0203125
2 0.39296875 0.26015625 0.015625 0.01875
2 0.36875 0.2765625 0.0140625 0.01875
2 0.37734375 0.2875 0.015625 0.021875
2 0.36328125 0.2921875 0.015625 0.0203125
2 0.390625 0.29375 0.015625 0.01875
2 0.3921875 0.3109375 0.015625 0.01875
2 0.3796875 0.30390625 0.0125 0.01875
2 0.3671875 0.31015625 0.015625 0.01875
2 0.36640625 0.32890625 0.0140625 0.0171875
2 0.3921875 0.32578125 0.0125 0.01875
2 0.38046875 0.31953125 0.015625 0.01875
2 0.365625 0.346875 0.0171875 0.021875
2 0.3671875 0.36484375 0.015625 0.01875
2 0.36484375 0.38203125 0.015625 0.021875
0 0.3859375 0.3640625 0.015625 0.01875
0 0.3859375 0.3453125 0.015625 0.01875
0 0.384375 0.39296875 0.0140625 0.0203125
0 0.384375 0.4109375 0.0125 0.0203125
2 0.3640625 0.4078125 0.01875 0.025
2 0.365625 0.42578125 0.01875 0.0171875
2 0.365625 0.44296875 0.015625 0.0203125
2 0.390625 0.44296875 0.0140625 0.01875
2 0.390625 0.42890625 0.015625 0.015625
2 0.378125 0.4515625 0.015625 0.015625
2 0.378125 0.4375 0.015625 0.0203125
2 0.378125 0.33828125 0.015625 0.0171875
2 0.38046875 0.371875 0.015625 0.01875
2 0.37578125 0.4671875 0.0171875 0.0203125
2 0.38828125 0.490625 0.0125 0.0203125
2 0.375 0.48359375 0.01875 0.01875
2 0.375 0.50078125 0.015625 0.0203125
2 0.3875 0.50546875 0.015625 0.0203125
2 0.38828125 0.525 0.015625 0.01875
2 0.3765625 0.51875 0.015625 0.01875
2 0.3890625 0.54140625 0.015625 0.021875
2 0.37734375 0.534375 0.015625 0.01875
2 0.37734375 0.553125 0.015625 0.0203125
2 0.371875 0.56796875 0.015625 0.01875
0 0.3828125 0.58359375 0.0140625 0.021875
2 0.390625 0.6109375 0.015625 0.0203125
2 0.378125 0.61640625 0.015625 0.0171875
2 0.3765625 0.60078125 0.015625 0.0171875
2 0.36328125 0.5921875 0.015625 0.01875
2 0.36328125 0.61171875 0.015625 0.0203125
2 0.36640625 0.62890625 0.0171875 0.021875
2 0.37421875 0.58515625 0.0125 0.01875
2 0.38125 0.6328125 0.01875 0.0203125
2 0.378125 0.65078125 0.015625 0.021875
2 0.359375 0.64375 0.015625 0.0203125
2 0.365625 0.66171875 0.01875 0.021875
2 0.3890625 0.66171875 0.0171875 0.021875
2 0.38671875 0.68359375 0.015625 0.025
2 0.37734375 0.671875 0.015625 0.025
2 0.3640625 0.6796875 0.015625 0.0234375
2 0.3734375 0.69140625 0.0171875 0.021875
2 0.3765625 0.71015625 0.015625 0.021875
2 0.37265625 0.7265625 0.0171875 0.01875
2 0.3703125 0.74453125 0.01875 0.0203125
2 0.35546875 0.7421875 0.015625 0.021875
2 0.384375 0.75078125 0.015625 0.021875
2 0.38515625 0.76953125 0.015625 0.01875
2 0.371875 0.7625 0.0171875 0.021875
2 0.3609375 0.77421875 0.015625 0.0203125
2 0.353125 0.759375 0.015625 0.0203125
2 0.34609375 0.78046875 0.015625 0.0234375
2 0.375 0.78203125 0.015625 0.021875
2 0.37578125 0.80078125 0.015625 0.01875
2 0.3625 0.78984375 0.01875 0.021875
2 0.3484375 0.79921875 0.0171875 0.0203125
2 0.3625 0.81171875 0.015625 0.021875
2 0.37578125 0.81953125 0.015625 0.0234375
2 0.37421875 0.83984375 0.015625 0.0203125
2 0.3625 0.82734375 0.0171875 0.01875
2 0.3484375 0.81640625 0.015625 0.01875
2 0.3484375 0.83671875 0.015625 0.021875
2 0.3609375 0.846875 0.0140625 0.01875
2 0.3734375 0.8578125 0.015625 0.021875
2 0.3609375 0.86484375 0.015625 0.021875
2 0.34765625 0.8609375 0.015625 0.0234375
2 0.384375 0.89296875 0.015625 0.0234375
2 0.37109375 0.8828125 0.015625 0.021875
2 0.3546875 0.8828125 0.015625 0.0203125
2 0.3625 0.89765625 0.0171875 0.0203125
2 0.36484375 0.91953125 0.0171875 0.025