1 0.52890625 0.74140625 0.025 0.01875
1 0.5046875 0.73359375 0.025 0.01875
0 0.46875 0.825 0.028125 0.01875
0 0.4921875 0.83046875 0.0265625 0.01875
0 0.51953125 0.83125 0.0265625 0.01875
0 0.5296875 0.81796875 0.028125 0.01875
0 0.5546875 0.81640625 0.03125 0.01875
0 0.56953125 0.803125 0.0265625 0.01875
0 0.58515625 0.79140625 0.025 0.01875
0 0.57578125 0.775 0.025 0.0203125
0 0.5625 0.78828125 0.025 0.0203125
0 0.54921875 0.8 0.021875 0.01875
0 0.528125 0.8015625 0.021875 0.021875
0 0.50703125 0.81484375 0.0265625 0.01875
0 0.50703125 0.7984375 0.0265625 0.0203125
0 0.48359375 0.8109375 0.0265625 0.01875
0 0.48125 0.79375 0.0265625 0.01875
0 0.490625 0.78046875 0.028125 0.021875
0 0.5171875 0.7859375 0.028125 0.01875
0 0.5390625 0.78671875 0.0234375 0.01875
0 0.55078125 0.77109375 0.0234375 0.021875
0 0.56484375 0.76015625 0.028125 0.01875
0 0.5421875 0.75625 0.0265625 0.01875
0 0.528125 0.7703125 0.028125 0.01875
0 0.5203125 0.75625 0.025 0.01875
0 0.5046875 0.76796875 0.025 0.0234375
0 0.4828125 0.76171875 0.03125 0.01875
0 0.4671875 0.77421875 0.0265625 0.021875
0 0.49453125 0.75234375 0.0296875 0.0203125
0 0.55234375 0.7265625 0.025 0.01875
0 0.51171875 0.70625 0.028125 0.01875
0 0.4765625 0.7390625 0.0234375 0.01875
0 0.4625 0.7515625 0.025 0.01875
0 0.4578125 0.7296875 0.025 0.01875
0 0.47265625 0.71796875 0.0265625 0.01875
0 0.4921875 0.71796875 0.0234375 0.015625
0 0.49140625 0.70234375 0.021875 0.01875
0 0.47109375 0.70078125 0.025 0.0203125
0 0.44765625 0.7125 0.025 0.01875
0 0.484375 0.68671875 0.028125 0.01875
0 0.465625 0.68203125 0.0234375 0.0203125
0 0.4484375 0.69296875 0.025 0.021875
0 0.43046875 0.6828125 0.028125 0.0203125
0 0.4421875 0.6703125 0.025 0.0203125
2 0.46953125 0.86484375 0.028125 0.01875
2 0.50234375 0.86171875 0.028125 0.01875
2 0.4953125 0.846875 0.025 0.01875
2 0.47734375 0.85390625 0.01875 0.01875
2 0.45625 0.8453125 0.0265625 0.01875
2 0.53984375 0.8546875 0.028125 0.021875
2 0.51875 0.85234375 0.0234375 0.01875
2 0.5546875 0.84296875 0.028125 0.021875
2 0.57734375 0.8359375 0.025 0.0203125
2 0.59375 0.7625 0.025 0.01875
2 0.58515625 0.7484375 0.0234375 0.0171875
2 0.4515625 0.81171875 0.0234375 0.0171875
2 0.453125 0.7984375 0.021875 0.01875
2 0.43515625 0.7671875 0.0234375 0.01875
2 0.43125 0.7515625 0.025 0.0203125
2 0.5203125 0.6875 0.021875 0.015625
2 0.4265625 0.71640625 0.021875 0.021875
2 0.41015625 0.7078125 0.021875 0.021875
2 0.39453125 0.6921875 0.0265625 0.0203125
2 0.4109375 0.6765625 0.0234375 0.0203125
2 0.4625 0.64453125 0.025 0.01875
2 0.4390625 0.64140625 0.0234375 0.01875
2 0.4703125 0.6609375 0.025 0.01875
2 0.49140625 0.665625 0.0265625 0.0203125
2 0.50078125 0.68046875 0.021875 0.0171875
2 0.45078125 0.65703125 0.021875 0.01875
2 0.4296875 0.65625 0.0234375 0.01875
2 0.415625 0.64453125 0.0234375 0.0203125
2 0.3875 0.64765625 0.025 0.01875
2 0.40546875 0.63125 0.021875 0.025
2 0.3859375 0.63046875 0.028125 0.021875
2 0.359375 0.63671875 0.025 0.021875
2 0.38984375 0.61328125 0.0265625 0.0171875
2 0.36953125 0.61640625 0.025 0.0171875
2 0.34453125 0.62421875 0.025 0.01875
2 0.31640625 0.621875 0.028125 0.01875
2 0.3359375 0.60390625 0.0296875 0.021875
2 0.3125 0.60078125 0.028125 0.01875
2 0.32421875 0.5875 0.028125 0.01875
2 0.29765625 0.58515625 0.025 0.021875
2 0.346875 0.590625 0.025 0.01875
0 0.3640625 0.58828125 0.025 0.015625
0 0.37890625 0.55625 0.025 0.01875
0 0.36171875 0.565625 0.025 0.015625
0 0.353125 0.55078125 0.025 0.01875
0 0.33515625 0.5609375 0.021875 0.0171875
0 0.4109375 0.55703125 0.028125 0.01875
0 0.396875 0.546875 0.021875 0.0171875
0 0.41796875 0.54140625 0.028125 0.01875
0 0.43125 0.52734375 0.025 0.01875
0 0.4421875 0.5125 0.025 0.01875
0 0.47109375 0.51484375 0.025 0.01875
0 0.4546875 0.525 0.0265625 0.015625
0 0.446875 0.54140625 0.0265625 0.01875
0 0.39921875 0.5125 0.025 0.01875
0 0.384375 0.52421875 0.025 0.01875
0 0.36328125 0.5234375 0.025 0.01875
0 0.3484375 0.534375 0.025 0.01875
0 0.3296875 0.52109375 0.0265625 0.01875
0 0.32265625 0.50625 0.0265625 0.0203125
0 0.34765625 0.51015625 0.0265625 0.0203125
0 0.365625 0.50390625 0.028125 0.0203125
0 0.38515625 0.49921875 0.025 0.01875
2 0.3953125 0.596875 0.0265625 0.015625
2 0.3984375 0.578125 0.025 0.01875
2 0.29140625 0.5578125 0.028125 0.0171875
2 0.453125 0.58046875 0.025 0.01875
2 0.42421875 0.57578125 0.028125 0.01875
2 0.45234375 0.56171875 0.021875 0.015625
2 0.43359375 0.56171875 0.0203125 0.015625
2 0.478125 0.55703125 0.021875 0.01875
2 0.4953125 0.546875 0.025 0.021875
2 0.47734375 0.53515625 0.021875 0.0203125
2 0.49296875 0.52890625 0.0234375 0.01875
2 0.50703125 0.51953125 0.021875 0.01875
2 0.49453125 0.50546875 0.021875 0.0203125
2 0.47890625 0.49609375 0.01875 0.015625
2 0.45390625 0.49453125 0.0234375 0.01875
2 0.4203125 0.509375 0.021875 0.01875
2 0.415625 0.49453125 0.025 0.0171875
2 0.43203125 0.4859375 0.021875 0.01875
2 0.3078125 0.54140625 0.025 0.01875
2 0.32109375 0.5703125 0.0234375 0.01875
2 0.2828125 0.54140625 0.025 0.0171875
2 0.08984375 0.55078125 0.03125 0.021875
2 0.2890625 0.5265625 0.0265625 0.0171875
2 0.309375 0.521875 0.021875 0.01875
2 0.29296875 0.51015625 0.025 0.0203125
2 0.2890625 0.4921875 0.025 0.01875
2 0.31171875 0.4890625 0.025 0.01875
0 0.40859375 0.4703125 0.025 0.01875
2 0.31640625 0.4734375 0.025 0.01875
2 0.33125 0.4609375 0.0234375 0.021875
2 0.33359375 0.4796875 0.0234375 0.021875
2 0.353125 0.4859375 0.025 0.01875
2 0.365625 0.47578125 0.0234375 0.015625
2 0.37265625 0.46015625 0.025 0.0203125
2 0.38671875 0.47109375 0.0203125 0.0171875
2 0.40078125 0.4859375 0.021875 0.015625
2 0.37890625 0.4859375 0.0234375 0.01875
2 0.34921875 0.4671875 0.0203125 0.015625
2 0.35234375 0.45390625 0.0234375 0.01875
2 0.36796875 0.44453125 0.0265625 0.01875
2 0.39140625 0.44765625 0.01875 0.01875
2 0.3734375 0.4125 0.025 0.0203125
2 0.3984375 0.42421875 0.0265625 0.021875
2 0.409375 0.44765625 0.0265625 0.021875
2 0.41953125 0.43203125 0.025 0.01875
2 0.45703125 0.4203125 0.021875 0.015625
2 0.440625 0.43359375 0.025 0.0203125
2 0.434375 0.44921875 0.0234375 0.01875
2 0.425 0.4640625 0.0171875 0.015625
2 0.44453125 0.46328125 0.025 0.015625
2 0.44921875 0.47890625 0.025 0.015625
2 0.46953125 0.48046875 0.0203125 0.0171875
2 0.48984375 0.48125 0.0234375 0.0171875
2 0.4984375 0.471875 0.0265625 0.01875
2 0.48203125 0.465625 0.021875 0.01875
2 0.46171875 0.46484375 0.021875 0.01875
2 0.47421875 0.45234375 0.021875 0.01875
2 0.48984375 0.45390625 0.025 0.01875
2 0.45234375 0.44921875 0.021875 0.01875
2 0.4609375 0.43515625 0.0234375 0.01875
2 0.47578125 0.425 0.0203125 0.0203125
2 0.49375 0.425 0.0234375 0.01875
2 0.48359375 0.4375 0.0234375 0.01875