2 0.646875 0.5890625 0.0375 0.025
2 0.61484375 0.5703125 0.028125 0.025
2 0.609375 0.5875 0.0234375 0.01875
2 0.62734375 0.60078125 0.0265625 0.015625
2 0.58828125 0.57734375 0.025 0.025
2 0.5640625 0.5859375 0.028125 0.028125
2 0.53359375 0.58203125 0.0265625 0.028125
2 0.50546875 0.58671875 0.03125 0.025
2 0.5203125 0.6015625 0.0265625 0.021875
2 0.496875 0.6109375 0.028125 0.0234375
2 0.51953125 0.61953125 0.03125 0.025
2 0.534375 0.63515625 0.034375 0.01875
2 0.62578125 0.68828125 0.0328125 0.0234375
2 0.6203125 0.66796875 0.03125 0.028125
2 0.64140625 0.6546875 0.040625 0.025
2 0.63671875 0.6203125 0.0296875 0.025
0 0.6125 0.61171875 0.0296875 0.021875
0 0.59609375 0.596875 0.025 0.021875
0 0.5703125 0.60078125 0.028125 0.01875
0 0.54375 0.603125 0.025 0.021875
0 0.56171875 0.61875 0.0296875 0.021875
0 0.58671875 0.615625 0.03125 0.021875
0 0.6109375 0.62890625 0.028125 0.0203125
0 0.63046875 0.6390625 0.0296875 0.021875
0 0.584375 0.63515625 0.028125 0.0203125
0 0.55859375 0.63515625 0.03125 0.021875