0 0.621875 0.559375 0.0546875 0.040625
0 0.6375 0.4890625 0.065625 0.04375
0 0.66015625 0.45703125 0.0515625 0.034375
0 0.6078125 0.4453125 0.0625 0.0375
0 0.59765625 0.47421875 0.059375 0.0375
0 0.61328125 0.51953125 0.05 0.04375
0 0.57265625 0.54140625 0.059375 0.04375
0 0.56875 0.5046875 0.059375 0.0359375
0 0.54375 0.4765625 0.059375 0.034375
0 0.5140625 0.503125 0.0546875 0.0359375
0 0.53359375 0.53125 0.059375 0.0453125
0 0.49140625 0.55078125 0.05625 0.040625
0 0.46796875 0.51484375 0.053125 0.040625
0 0.49296875 0.4703125 0.053125 0.0375
0 0.44765625 0.478125 0.053125 0.040625
0 0.42578125 0.509375 0.05 0.0421875
0 0.4359375 0.5453125 0.0640625 0.0390625
0 0.38828125 0.55625 0.0625 0.040625
0 0.37734375 0.51796875 0.059375 0.040625
0 0.4 0.4859375 0.053125 0.0375
0 0.35546875 0.4859375 0.053125 0.0375
0 0.32734375 0.5171875 0.0546875 0.0453125
0 0.34609375 0.5484375 0.05625 0.0375
2 0.725 0.43046875 0.0625 0.040625
2 0.69609375 0.40625 0.0625 0.04375
2 0.6859375 0.43984375 0.059375 0.0390625
2 0.6953125 0.47734375 0.0625 0.04375
2 0.665625 0.5109375 0.0546875 0.04375
2 0.665625 0.55 0.065625 0.05
2 0.67265625 0.5921875 0.0625 0.0484375
2 0.63203125 0.6203125 0.046875 0.0453125
2 0.58828125 0.60703125 0.06875 0.0515625
2 0.53984375 0.59140625 0.059375 0.0453125
2 0.49609375 0.5796875 0.0546875 0.040625
2 0.41875 0.590625 0.0625 0.046875
2 0.37109375 0.58046875 0.05625 0.040625
2 0.3265625 0.5734375 0.0625 0.046875
2 0.27890625 0.52578125 0.053125 0.04375
2 0.2125 0.5015625 0.06875 0.046875
2 0.28046875 0.4796875 0.0625 0.0421875