2 0.47421875 0.6078125 0.028125 0.025
2 0.50234375 0.60390625 0.028125 0.021875
2 0.4921875 0.6234375 0.025 0.01875
2 0.46015625 0.6265625 0.028125 0.021875
2 0.4328125 0.63359375 0.03125 0.021875
2 0.4546875 0.64765625 0.025 0.01875
2 0.48203125 0.6421875 0.028125 0.01875
2 0.5109375 0.6390625 0.028125 0.021875
2 0.521875 0.62265625 0.025 0.021875
2 0.54765625 0.61640625 0.03125 0.021875
2 0.578125 0.6125 0.028125 0.021875
2 0.5671875 0.63203125 0.028125 0.01875
2 0.53984375 0.63515625 0.0296875 0.01875
2 0.55859375 0.64921875 0.03125 0.025
2 0.471875 0.665625 0.0234375 0.01875
2 0.49609375 0.6578125 0.03125 0.0203125
2 0.4890625 0.6765625 0.0296875 0.021875
2 0.51875 0.67109375 0.028125 0.021875
2 0.53203125 0.65546875 0.0296875 0.021875
2 0.4203125 0.65078125 0.025 0.0203125
2 0.43515625 0.6640625 0.0234375 0.01875
2 0.45234375 0.6765625 0.028125 0.021875
2 0.4296875 0.69140625 0.03125 0.01875
2 0.41875 0.6765625 0.0265625 0.021875
2 0.3921875 0.665625 0.028125 0.021875
2 0.3671875 0.67734375 0.0265625 0.0203125
2 0.390625 0.68828125 0.0234375 0.0203125
2 0.4046875 0.70234375 0.025 0.01875
2 0.43203125 0.709375 0.03125 0.021875
2 0.3625 0.69921875 0.028125 0.0234375
2 0.3796875 0.71328125 0.025 0.021875
2 0.40390625 0.72109375 0.025 0.0234375
2 0.4296875 0.72890625 0.03125 0.01875
2 0.32734375 0.7015625 0.0359375 0.021875
2 0.303125 0.71171875 0.028125 0.025
2 0.31953125 0.72578125 0.0265625 0.01875
2 0.34296875 0.7203125 0.028125 0.0234375
2 0.3671875 0.72734375 0.03125 0.0234375
2 0.3921875 0.7390625 0.0328125 0.025
2 0.4234375 0.75 0.03125 0.025
2 0.38359375 0.75703125 0.0328125 0.025
2 0.36015625 0.75 0.034375 0.025
2 0.33125 0.7453125 0.034375 0.021875
2 0.3328125 0.76484375 0.03125 0.025
2 0.36015625 0.7734375 0.034375 0.0234375
2 0.31171875 0.75859375 0.03125 0.028125
2 0.28671875 0.7453125 0.034375 0.0265625
2 0.27734375 0.728125 0.03125 0.0234375
2 0.2578125 0.74296875 0.0328125 0.028125
2 0.22421875 0.75625 0.0375 0.028125
2 0.25859375 0.7625 0.034375 0.0234375
2 0.2796875 0.77109375 0.028125 0.0234375
2 0.30859375 0.78359375 0.0375 0.025
2 0.22890625 0.7765625 0.0359375 0.025
2 0.25625 0.78515625 0.034375 0.028125
2 0.221875 0.80078125 0.0375 0.025
2 0.246875 0.81328125 0.04375 0.034375
2 0.27421875 0.79296875 0.0359375 0.028125
2 0.75625 0.55859375 0.034375 0.0265625
2 0.7546875 0.5796875 0.03125 0.025
2 0.7234375 0.5859375 0.0359375 0.025
2 0.7546875 0.6015625 0.034375 0.025
2 0.740625 0.61484375 0.034375 0.021875
2 0.71484375 0.60625 0.03125 0.021875
2 0.69140625 0.58984375 0.034375 0.028125
2 0.66484375 0.59375 0.03125 0.025
2 0.634375 0.5984375 0.028125 0.0234375
2 0.6046875 0.60390625 0.034375 0.025
2 0.59921875 0.6265625 0.03125 0.0234375
2 0.62578125 0.61953125 0.025 0.025
2 0.64765625 0.63515625 0.03125 0.025
2 0.65625 0.6125 0.0296875 0.021875
2 0.67734375 0.628125 0.0296875 0.025
2 0.68515625 0.609375 0.028125 0.028125
2 0.70859375 0.621875 0.034375 0.0234375
2 0.7046875 0.640625 0.0328125 0.028125
2 0.7375 0.6375 0.0390625 0.028125