0 0.0828125 0.77421875 0.04375 0.03125
0 0.121875 0.775 0.0375 0.0296875
0 0.13671875 0.7484375 0.040625 0.034375
0 0.159375 0.77265625 0.0421875 0.03125
0 0.1328125 0.80078125 0.04375 0.03125
0 0.171875 0.8 0.0390625 0.03125
0 0.13515625 0.83046875 0.0421875 0.03125
0 0.17109375 0.83046875 0.040625 0.028125
0 0.14921875 0.85546875 0.0453125 0.0296875
0 0.18515625 0.85390625 0.04375 0.03125
0 0.1578125 0.88125 0.0453125 0.03125
0 0.19296875 0.88203125 0.04375 0.0328125
0 0.2328125 0.87734375 0.0453125 0.03125
0 0.2203125 0.85078125 0.040625 0.034375
0 0.20546875 0.825 0.04375 0.0328125
0 0.20390625 0.796875 0.040625 0.03125
0 0.19375 0.76796875 0.040625 0.034375
0 0.17578125 0.74375 0.0421875 0.03125
0 0.1875 0.71640625 0.04375 0.034375
0 0.21015625 0.740625 0.0375 0.0328125
0 0.2296875 0.7140625 0.04375 0.0328125
0 0.24921875 0.68828125 0.04375 0.0296875
0 0.228125 0.76640625 0.040625 0.03125
0 0.2453125 0.7953125 0.0421875 0.03125
0 0.2421875 0.81796875 0.046875 0.028125
0 0.25703125 0.84375 0.04375 0.0328125
0 0.2671875 0.87109375 0.046875 0.034375
0 0.3015625 0.86015625 0.0421875 0.0328125
0 0.2890625 0.8359375 0.0453125 0.03125
0 0.27265625 0.81328125 0.0375 0.025
0 0.2765625 0.78828125 0.04375 0.0328125
0 0.26171875 0.76328125 0.0484375 0.028125
0 0.24375 0.7375 0.0453125 0.034375
0 0.26484375 0.71640625 0.04375 0.0375
0 0.265625 0.66171875 0.0453125 0.034375
0 0.28203125 0.68515625 0.0390625 0.0296875
0 0.303125 0.71640625 0.04375 0.034375
0 0.2921875 0.6359375 0.046875 0.03125
0 0.30546875 0.66484375 0.0390625 0.0328125
0 0.3359375 0.6546875 0.0453125 0.03125
0 0.34921875 0.68125 0.046875 0.034375
0 0.32109375 0.69375 0.046875 0.0328125
0 0.34140625 0.71953125 0.04375 0.034375
0 0.31953125 0.74375 0.046875 0.03125
0 0.28125 0.7421875 0.0484375 0.0328125
0 0.3015625 0.76875 0.04375 0.0328125
0 0.31640625 0.79765625 0.04375 0.0328125
0 0.346875 0.79296875 0.046875 0.0359375
0 0.34140625 0.765625 0.05 0.03125
0 0.32578125 0.82734375 0.0453125 0.034375
0 0.35546875 0.82265625 0.046875 0.0359375
0 0.3375 0.8578125 0.0453125 0.0390625
0 0.37890625 0.85546875 0.04375 0.0375
0 0.3875 0.8890625 0.0453125 0.034375
0 0.35546875 0.90234375 0.0453125 0.034375
0 0.39296875 0.81796875 0.0421875 0.034375
0 0.3859375 0.79375 0.0421875 0.034375
0 0.37578125 0.7640625 0.04375 0.034375
0 0.37265625 0.7109375 0.04375 0.040625
0 0.39609375 0.6875 0.0375 0.034375
0 0.4296875 0.6875 0.0484375 0.034375
0 0.4109375 0.71953125 0.040625 0.0375
0 0.4421875 0.7109375 0.04375 0.0296875
0 0.5359375 0.66015625 0.0390625 0.034375
0 0.40546875 0.7453125 0.04375 0.0375
0 0.43828125 0.73515625 0.04375 0.0375
0 0.475 0.73515625 0.040625 0.034375
0 0.5046875 0.71875 0.0515625 0.0390625
0 0.54453125 0.7171875 0.04375 0.0296875
0 0.41484375 0.77109375 0.040625 0.034375
0 0.44921875 0.7640625 0.04375 0.03125
0 0.4859375 0.7578125 0.0453125 0.034375
0 0.5203125 0.753125 0.05 0.034375
0 0.42265625 0.7953125 0.046875 0.034375
0 0.45234375 0.78828125 0.05 0.0328125
0 0.49375 0.7875 0.0484375 0.03125
0 0.5265625 0.78046875 0.0453125 0.028125
0 0.5484375 0.803125 0.04375 0.0375
0 0.57421875 0.7828125 0.046875 0.0375
0 0.51328125 0.80703125 0.05 0.034375
0 0.47734375 0.8125 0.0484375 0.0296875
0 0.43359375 0.81875 0.046875 0.0328125
0 0.41171875 0.840625 0.04375 0.03125
0 0.42109375 0.86875 0.04375 0.0375
0 0.44609375 0.84921875 0.046875 0.03125
0 0.4796875 0.8390625 0.0453125 0.03125
0 0.5203125 0.83203125 0.0484375 0.0375
0 0.5203125 0.859375 0.046875 0.034375
0 0.48828125 0.8671875 0.0484375 0.0375
0 0.453125 0.8796875 0.0453125 0.03125
0 0.4234375 0.89921875 0.046875 0.03125
0 0.421875 0.928125 0.04375 0.03125
0 0.45546875 0.9171875 0.046875 0.0328125
0 0.48671875 0.934375 0.034375 0.0265625
0 0.5171875 0.928125 0.04375 0.0359375
0 0.5 0.56484375 0.0421875 0.034375
2 0.40390625 0.52109375 0.04375 0.0359375
2 0.3765625 0.5625 0.040625 0.034375
2 0.409375 0.5546875 0.040625 0.0328125
2 0.4375 0.53359375 0.040625 0.034375
2 0.4703125 0.5359375 0.034375 0.028125
2 0.44296875 0.5609375 0.0390625 0.03125
2 0.48671875 0.58671875 0.0390625 0.03125
2 0.5296875 0.53671875 0.0375 0.03125
2 0.4734375 0.56015625 0.0359375 0.0296875
2 0.421875 0.58203125 0.0359375 0.0296875
2 0.453125 0.5859375 0.040625 0.028125
2 0.390625 0.58984375 0.0375 0.0296875
2 0.36171875 0.603125 0.0390625 0.0328125
2 0.40078125 0.61875 0.04375 0.03125
2 0.43046875 0.60703125 0.04375 0.034375
2 0.46796875 0.6109375 0.0390625 0.03125
2 0.5015625 0.60625 0.0390625 0.03125
2 0.53203125 0.59921875 0.040625 0.03125
2 0.5515625 0.5796875 0.0375 0.03125
2 0.5640625 0.553125 0.0421875 0.03125
2 0.584375 0.57734375 0.04375 0.03125
2 0.56640625 0.60078125 0.034375 0.028125
2 0.60234375 0.59921875 0.0375 0.03125
2 0.51953125 0.6328125 0.040625 0.0328125
2 0.553125 0.6234375 0.0390625 0.028125
2 0.58828125 0.62265625 0.040625 0.0328125
2 0.625 0.621875 0.04375 0.03125
2 0.61015625 0.646875 0.040625 0.0359375
2 0.56796875 0.64765625 0.040625 0.028125
2 0.484375 0.6375 0.04375 0.03125
2 0.446875 0.63359375 0.0453125 0.034375
2 0.415625 0.6421875 0.03125 0.028125
2 0.45703125 0.6625 0.0453125 0.034375
2 0.50078125 0.66171875 0.040625 0.034375
2 0.48203125 0.68515625 0.0421875 0.0328125
2 0.528125 0.684375 0.0421875 0.03125
2 0.56796875 0.696875 0.040625 0.0296875
2 0.5640625 0.67109375 0.0390625 0.0328125
2 0.371875 0.63203125 0.0375 0.03125
2 0.38828125 0.65859375 0.04375 0.034375
2 0.33046875 0.6125 0.040625 0.034375
2 0.2625 0.61328125 0.04375 0.034375
2 0.23359375 0.62890625 0.046875 0.034375
2 0.2109375 0.64921875 0.0453125 0.034375
2 0.221875 0.678125 0.040625 0.034375
2 0.18515625 0.6734375 0.05 0.034375
2 0.16953125 0.6984375 0.04375 0.0328125
2 0.13046875 0.69765625 0.04375 0.034375
2 0.14609375 0.7234375 0.040625 0.03125
2 0.1 0.709375 0.046875 0.034375
2 0.1140625 0.7375 0.0390625 0.03125
2 0.01015625 0.73203125 0.0203125 0.0328125
2 0.0375 0.734375 0.04375 0.0375
2 0.078125 0.7359375 0.0421875 0.034375
2 0.01875 0.7578125 0.0375 0.03125
2 0.0546875 0.7625 0.0375 0.0328125
2 0.0296875 0.78515625 0.046875 0.034375
2 0.06953125 0.79140625 0.040625 0.028125
2 0.04375 0.8140625 0.046875 0.03125
2 0.0875 0.8125 0.046875 0.034375
2 0.07109375 0.83671875 0.046875 0.03125
2 0.10625 0.8421875 0.034375 0.025
2 0.03828125 0.85546875 0.053125 0.034375
2 0.0640625 0.88203125 0.046875 0.0375
2 0.09765625 0.86484375 0.0453125 0.0390625
2 0.0953125 0.89921875 0.0421875 0.0375
2 0.1328125 0.8921875 0.04375 0.03125
2 0.12265625 0.91953125 0.040625 0.034375
2 0.159375 0.92109375 0.04375 0.0328125
2 0.19609375 0.91796875 0.05 0.034375
2 0.23671875 0.91953125 0.040625 0.034375
2 0.265625 0.9 0.0421875 0.03125
2 0.27578125 0.9265625 0.046875 0.03125
2 0.3046875 0.90546875 0.0375 0.0328125
2 0.33125 0.8859375 0.0375 0.028125
2 0.35859375 0.95390625 0.0453125 0.0359375
2 0.396875 0.95703125 0.040625 0.040625
2 0.3765625 0.92578125 0.0390625 0.034375
2 0.43359375 0.9609375 0.04375 0.034375
2 0.471875 0.9625 0.0375 0.034375
2 0.50859375 0.96640625 0.0421875 0.034375
2 0.5453125 0.96171875 0.04375 0.03125
2 0.57421875 0.9484375 0.040625 0.03125
2 0.5671875 0.9203125 0.04375 0.03125
2 0.603125 0.928125 0.040625 0.0328125
2 0.6375 0.915625 0.046875 0.03125
2 0.59921875 0.9 0.0453125 0.0328125
2 0.5703125 0.8828125 0.0421875 0.0359375
2 0.54765625 0.896875 0.04375 0.0328125
2 0.5125 0.90859375 0.04375 0.03125
2 0.60625 0.86953125 0.0453125 0.03125
2 0.5828125 0.85 0.04375 0.0328125
2 0.553125 0.85625 0.0359375 0.028125
2 0.5515625 0.8296875 0.04375 0.0296875
2 0.58828125 0.82109375 0.0375 0.03125
2 0.61953125 0.83984375 0.04375 0.0328125
2 0.62734375 0.81484375 0.04375 0.0328125
2 0.6328125 0.790625 0.040625 0.028125
2 0.640625 0.76640625 0.040625 0.03125
2 0.60234375 0.76875 0.0390625 0.028125
2 0.5703125 0.7546875 0.040625 0.028125
2 0.546875 0.73984375 0.04375 0.028125
2 0.578125 0.7296875 0.0375 0.03125
2 0.609375 0.74609375 0.0421875 0.03125