0 0.10078125 0.36640625 0.028125 0.04375
0 0.121875 0.3875 0.03125 0.04375
0 0.140625 0.3609375 0.025 0.040625
0 0.153125 0.403125 0.0265625 0.04375
0 0.165625 0.36875 0.03125 0.040625
0 0.16640625 0.29375 0.028125 0.040625
0 0.1796875 0.40859375 0.028125 0.040625
0 0.1875 0.4484375 0.028125 0.040625
0 0.2046875 0.4703125 0.025 0.04375
0 0.18359375 0.490625 0.028125 0.040625
0 0.20390625 0.384375 0.028125 0.04375
0 0.20703125 0.421875 0.028125 0.040625
0 0.2265625 0.39296875 0.0296875 0.04375
0 0.2515625 0.38125 0.03125 0.040625
0 0.240625 0.42109375 0.028125 0.040625
0 0.221875 0.446875 0.028125 0.04375
0 0.24609375 0.45546875 0.028125 0.0375
0 0.26484375 0.428125 0.0265625 0.040625
0 0.2875 0.41484375 0.03125 0.04375
0 0.27734375 0.4546875 0.028125 0.0375
0 0.26171875 0.48203125 0.025 0.04375
0 0.24140625 0.50703125 0.0265625 0.0390625
0 0.23046875 0.478125 0.0265625 0.03125
0 0.21796875 0.5109375 0.028125 0.04375
0 0.26328125 0.51953125 0.0265625 0.0390625
0 0.2828125 0.4953125 0.03125 0.040625
0 0.3 0.46171875 0.0265625 0.0390625
0 0.315625 0.43828125 0.028125 0.040625
0 0.3265625 0.465625 0.0265625 0.040625
0 0.31171875 0.49375 0.03125 0.040625
0 0.3078125 0.5265625 0.025 0.0390625
0 0.2859375 0.53203125 0.0265625 0.0375
0 0.29453125 0.5671875 0.0328125 0.040625
0 0.31484375 0.55625 0.03125 0.0453125
0 0.33046875 0.52734375 0.0296875 0.04375
0 0.3453125 0.4953125 0.03125 0.0359375
0 0.35 0.46015625 0.034375 0.040625
0 0.36640625 0.48828125 0.03125 0.04375
0 0.35625 0.52890625 0.03125 0.040625
0 0.34140625 0.55625 0.0265625 0.040625
0 0.32734375 0.5921875 0.0265625 0.04375
0 0.30390625 0.60078125 0.028125 0.04375
0 0.340625 0.61953125 0.028125 0.034375
0 0.353125 0.65234375 0.034375 0.0390625
0 0.36640625 0.62109375 0.028125 0.0375
0 0.353125 0.58984375 0.03125 0.0359375
0 0.365625 0.559375 0.028125 0.040625
0 0.37734375 0.525 0.03125 0.04375
0 0.4 0.50859375 0.0328125 0.04375
0 0.41484375 0.53671875 0.03125 0.04375
0 0.4 0.5625 0.0296875 0.040625
0 0.378125 0.58984375 0.0265625 0.040625
0 0.40078125 0.60703125 0.0265625 0.0375
0 0.3859375 0.63671875 0.028125 0.046875
0 0.41875 0.58125 0.028125 0.0375
0 0.43359375 0.5484375 0.0296875 0.040625
0 0.45546875 0.5515625 0.03125 0.040625
0 0.4640625 0.5890625 0.028125 0.040625
0 0.440625 0.58515625 0.028125 0.0390625
0 0.446875 0.61484375 0.0265625 0.040625
0 0.42421875 0.61171875 0.0296875 0.040625
0 0.43046875 0.64375 0.028125 0.040625
0 0.41171875 0.63984375 0.034375 0.0390625
0 0.44296875 0.67265625 0.028125 0.040625
0 0.45625 0.6453125 0.0296875 0.034375
0 0.47109375 0.62109375 0.028125 0.0375
0 0.4671875 0.6734375 0.028125 0.04375
0 0.48125 0.6515625 0.028125 0.0359375
0 0.49609375 0.62734375 0.0328125 0.040625
0 0.49609375 0.67265625 0.0296875 0.040625
0 0.5171875 0.6546875 0.025 0.040625
0 0.52265625 0.61640625 0.03125 0.0375
0 0.52265625 0.58515625 0.03125 0.040625
0 0.5421875 0.60078125 0.0296875 0.040625
0 0.56484375 0.6015625 0.03125 0.0453125
0 0.5875 0.609375 0.03125 0.040625
0 0.56328125 0.634375 0.028125 0.034375
0 0.5109375 0.696875 0.03125 0.04375
0 0.52578125 0.72578125 0.0328125 0.040625
0 0.5328125 0.684375 0.028125 0.0375
0 0.53984375 0.65078125 0.03125 0.040625
0 0.55390625 0.6859375 0.0265625 0.0390625
0 0.571875 0.6609375 0.028125 0.0390625
0 0.5765625 0.690625 0.028125 0.04375
0 0.5765625 0.728125 0.0265625 0.04375
0 0.55390625 0.7234375 0.028125 0.04375
0 0.5671875 0.759375 0.028125 0.0453125
0 0.54375 0.753125 0.03125 0.04375
0 0.59921875 0.72578125 0.03125 0.040625
0 0.59765625 0.6875 0.028125 0.0390625
0 0.59453125 0.6515625 0.0296875 0.040625
0 0.61640625 0.66171875 0.0265625 0.0375
0 0.6375 0.64375 0.028125 0.0375
0 0.65859375 0.653125 0.03125 0.04375
0 0.6390625 0.67265625 0.025 0.0375
0 0.6203125 0.6953125 0.0265625 0.04375
0 0.64375 0.71171875 0.0265625 0.040625
0 0.625 0.734375 0.03125 0.04375
0 0.64453125 0.746875 0.028125 0.0359375
0 0.65625 0.775 0.0328125 0.04375
0 0.6734375 0.75078125 0.03125 0.040625
0 0.665625 0.72421875 0.028125 0.040625
0 0.68359375 0.7 0.028125 0.040625
0 0.70625 0.6796875 0.028125 0.0390625
0 0.7140625 0.71171875 0.028125 0.0390625
0 0.69453125 0.73046875 0.0265625 0.040625
0 0.703125 0.76015625 0.03125 0.04375
0 0.68125 0.7859375 0.0328125 0.046875
0 0.7046875 0.79375 0.0328125 0.04375
0 0.7234375 0.77421875 0.028125 0.040625
0 0.72421875 0.74375 0.03125 0.04375
0 0.73828125 0.83125 0.028125 0.040625
0 0.740625 0.79609375 0.0296875 0.0375
0 0.746875 0.759375 0.028125 0.04375
0 0.76484375 0.78046875 0.028125 0.040625
0 0.7796875 0.7515625 0.0296875 0.0375
0 0.784375 0.79375 0.028125 0.04375
2 0.39453125 0.37890625 0.028125 0.0375
2 0.36484375 0.35859375 0.0265625 0.03125
2 0.41484375 0.41171875 0.028125 0.0375
2 0.05 0.390625 0.028125 0.040625
2 0.05390625 0.34453125 0.03125 0.0484375
2 0.07734375 0.40078125 0.03125 0.040625
2 0.0765625 0.3203125 0.0359375 0.040625
2 0.07890625 0.36484375 0.028125 0.040625
2 0.10546875 0.3078125 0.028125 0.040625
2 0.084375 0.28671875 0.03125 0.04375
2 0.10703125 0.259375 0.03125 0.040625
2 0.1234375 0.284375 0.028125 0.040625
2 0.1265625 0.32109375 0.03125 0.040625
2 0.1453125 0.29765625 0.0265625 0.0453125
2 0.1453125 0.2546875 0.03125 0.04375
2 0.12578125 0.23125 0.0296875 0.040625
2 0.14921875 0.21640625 0.0296875 0.0484375
2 0.171875 0.19140625 0.0296875 0.04375
2 0.16953125 0.2390625 0.03125 0.046875
2 0.1953125 0.22109375 0.034375 0.0484375
2 0.19453125 0.25546875 0.03125 0.040625
2 0.2203125 0.24453125 0.028125 0.0453125
2 0.2109375 0.28125 0.03125 0.04375
2 0.18984375 0.303125 0.028125 0.040625
2 0.20390625 0.325 0.0265625 0.0328125
2 0.20859375 0.35703125 0.0265625 0.03125
2 0.1828125 0.34296875 0.0265625 0.034375
2 0.23046875 0.34296875 0.0265625 0.0375
2 0.228125 0.30625 0.0296875 0.040625
2 0.2515625 0.3078125 0.0265625 0.0359375
2 0.2640625 0.2765625 0.03125 0.040625
2 0.2390625 0.26484375 0.03125 0.0375
2 0.27734375 0.3140625 0.0296875 0.04375
2 0.259375 0.34140625 0.0296875 0.040625
2 0.28671875 0.34921875 0.0296875 0.04375
2 0.29140625 0.37890625 0.028125 0.0390625
2 0.31015625 0.359375 0.028125 0.0375
2 0.30546875 0.3234375 0.03125 0.040625
2 0.3203125 0.38828125 0.028125 0.040625
2 0.096875 0.42734375 0.034375 0.040625
2 0.1046875 0.46328125 0.034375 0.05
2 0.128125 0.44921875 0.034375 0.04375
2 0.14453125 0.47734375 0.03125 0.040625
2 0.15859375 0.45078125 0.0296875 0.040625
2 0.1828125 0.521875 0.03125 0.0375
2 0.1890625 0.5515625 0.03125 0.04375
2 0.1953125 0.590625 0.034375 0.04375
2 0.21875 0.5703125 0.03125 0.0375
2 0.2359375 0.540625 0.025 0.0375
2 0.2421875 0.571875 0.028125 0.0375
2 0.25859375 0.5453125 0.025 0.0390625
2 0.265625 0.57734375 0.0265625 0.0375
2 0.27421875 0.61171875 0.0265625 0.0453125
2 0.26015625 0.64375 0.0328125 0.040625
2 0.2515625 0.6125 0.0296875 0.040625
2 0.228125 0.60390625 0.0328125 0.0390625
2 0.33515625 0.34296875 0.034375 0.0453125
2 0.346875 0.38125 0.0328125 0.040625
2 0.34921875 0.41015625 0.028125 0.0375
2 0.3734375 0.42421875 0.034375 0.0375
2 0.36953125 0.3953125 0.03125 0.04375
2 0.39609375 0.4328125 0.025 0.0375
2 0.38046875 0.45703125 0.025 0.034375
2 0.40390625 0.465625 0.028125 0.04375
2 0.425 0.47421875 0.03125 0.040625
2 0.41953125 0.44140625 0.0296875 0.0375
2 0.43984375 0.4125 0.028125 0.040625
2 0.4609375 0.4265625 0.028125 0.04375
2 0.446875 0.4484375 0.0328125 0.0375
2 0.4484375 0.48046875 0.028125 0.0359375
2 0.453125 0.5125 0.028125 0.04375
2 0.4328125 0.50703125 0.0296875 0.0375
2 0.47421875 0.49609375 0.028125 0.0375
2 0.4984375 0.4875 0.028125 0.0375
2 0.49765625 0.5203125 0.0265625 0.0375
2 0.4796875 0.53203125 0.028125 0.0359375
2 0.48203125 0.56328125 0.028125 0.0375
2 0.48984375 0.59453125 0.0296875 0.034375
2 0.50390625 0.553125 0.0265625 0.040625
2 0.52421875 0.5390625 0.03125 0.040625
2 0.521875 0.50703125 0.028125 0.040625
2 0.54375 0.521875 0.0265625 0.0390625
2 0.5484375 0.54921875 0.028125 0.040625
2 0.5734375 0.55546875 0.0265625 0.0375
2 0.56796875 0.525 0.0265625 0.040625
2 0.59296875 0.5296875 0.034375 0.040625
2 0.59921875 0.56015625 0.034375 0.04375
2 0.61796875 0.578125 0.0265625 0.040625
2 0.62265625 0.6125 0.0265625 0.034375
2 0.6390625 0.5890625 0.03125 0.04375
2 0.6609375 0.603125 0.03125 0.040625
2 0.68671875 0.61328125 0.0328125 0.046875
2 0.684375 0.64765625 0.028125 0.0390625
2 0.66796875 0.67265625 0.0265625 0.03125
2 0.70703125 0.63046875 0.0265625 0.040625
2 0.7296875 0.6375 0.03125 0.04375
2 0.746875 0.66015625 0.028125 0.0375
2 0.74765625 0.696875 0.025 0.0390625
2 0.75390625 0.7234375 0.028125 0.0359375
2 0.7734375 0.70703125 0.028125 0.0390625
2 0.76640625 0.67421875 0.028125 0.0375
2 0.7921875 0.68125 0.0296875 0.0390625
2 0.79921875 0.70859375 0.028125 0.0390625
2 0.73125 0.6859375 0.03125 0.0390625
2 0.7625 0.8453125 0.025 0.040625
2 0.74140625 0.86015625 0.0265625 0.034375
2 0.725 0.88515625 0.028125 0.0390625
2 0.7203125 0.83984375 0.021875 0.0390625
2 0.7046875 0.86640625 0.025 0.040625
2 0.703125 0.90390625 0.028125 0.0453125
2 0.68125 0.9015625 0.028125 0.0421875
2 0.67578125 0.86953125 0.0265625 0.0375
2 0.6890625 0.8421875 0.025 0.0359375
2 0.68125 0.81171875 0.025 0.0359375
2 0.6671875 0.83671875 0.0234375 0.0375
2 0.65703125 0.89375 0.0265625 0.0453125
2 0.65 0.85625 0.028125 0.040625
2 0.63359375 0.88203125 0.028125 0.0375
2 0.65703125 0.80546875 0.028125 0.0390625
2 0.640625 0.82734375 0.03125 0.040625
2 0.63203125 0.79453125 0.03125 0.0359375
2 0.6234375 0.7640625 0.028125 0.0390625
2 0.61640625 0.81875 0.0296875 0.040625
2 0.62578125 0.85078125 0.034375 0.04375
2 0.60390625 0.871875 0.028125 0.0390625
2 0.5953125 0.83828125 0.0296875 0.0390625
2 0.5875 0.8046875 0.0296875 0.034375
2 0.60703125 0.7859375 0.028125 0.0328125
2 0.5953125 0.7578125 0.025 0.034375
2 0.5765625 0.86015625 0.028125 0.040625
2 0.56796875 0.82890625 0.03125 0.04375
2 0.5484375 0.8515625 0.028125 0.034375
2 0.54140625 0.82109375 0.028125 0.040625
2 0.5578125 0.8 0.034375 0.03125
2 0.5359375 0.7828125 0.03125 0.040625
2 0.51796875 0.8140625 0.03125 0.034375
2 0.49453125 0.8109375 0.034375 0.0375
2 0.51015625 0.78046875 0.028125 0.040625
2 0.49453125 0.75625 0.03125 0.0375
2 0.48125 0.78515625 0.028125 0.034375
2 0.484375 0.725 0.03125 0.034375
2 0.471875 0.70234375 0.0296875 0.034375
2 0.46796875 0.75390625 0.028125 0.0390625
2 0.45703125 0.728125 0.03125 0.0390625
2 0.4578125 0.7875 0.028125 0.0375
2 0.43359375 0.7890625 0.028125 0.0375
2 0.44296875 0.7578125 0.025 0.034375
2 0.43125 0.7328125 0.028125 0.0390625
2 0.44609375 0.70078125 0.0265625 0.03125
2 0.4171875 0.7640625 0.0296875 0.0359375
2 0.4078125 0.73359375 0.0265625 0.034375
2 0.42265625 0.69921875 0.0265625 0.0375
2 0.4140625 0.6671875 0.0265625 0.034375
2 0.390625 0.66328125 0.0265625 0.034375
2 0.39921875 0.69453125 0.028125 0.040625
2 0.3859375 0.7265625 0.025 0.0375
2 0.37734375 0.69140625 0.028125 0.0390625
2 0.3625 0.7234375 0.028125 0.046875
2 0.35625 0.67890625 0.028125 0.034375
2 0.33984375 0.709375 0.0265625 0.040625
2 0.32109375 0.690625 0.03125 0.0390625
2 0.31015625 0.66015625 0.028125 0.0375
2 0.3359375 0.6609375 0.0265625 0.034375
2 0.30078125 0.628125 0.028125 0.034375