1 0.76015625 0.534375 0.025 0.034375
1 0.7765625 0.51953125 0.021875 0.028125
1 0.75 0.48046875 0.021875 0.03125
1 0.55078125 0.26484375 0.021875 0.025
1 0.55859375 0.234375 0.021875 0.03125
0 0.690625 0.7546875 0.021875 0.03125
0 0.71484375 0.7421875 0.025 0.0375
0 0.73203125 0.75625 0.021875 0.0328125
0 0.74609375 0.76953125 0.025 0.03125
0 0.68671875 0.709375 0.0203125 0.03125
0 0.70703125 0.7140625 0.021875 0.0328125
0 0.7015625 0.68515625 0.021875 0.028125
0 0.7234375 0.7125 0.025 0.03125
0 0.7203125 0.6890625 0.021875 0.025
0 0.7453125 0.634375 0.025 0.025
0 0.72578125 0.6375 0.025 0.034375
0 0.71796875 0.60625 0.021875 0.034375
0 0.73671875 0.61015625 0.021875 0.0328125
0 0.75390625 0.60703125 0.021875 0.03125
0 0.76875 0.590625 0.021875 0.03125
0 0.72734375 0.5765625 0.028125 0.0359375
0 0.74609375 0.584375 0.021875 0.0375
0 0.7375 0.55078125 0.021875 0.028125
0 0.75546875 0.55859375 0.01875 0.03125
0 0.7734375 0.5578125 0.021875 0.028125
0 0.8 0.5203125 0.01875 0.03125
0 0.79453125 0.49453125 0.025 0.0265625
0 0.78203125 0.46953125 0.01875 0.028125
0 0.759375 0.5078125 0.0234375 0.03125
0 0.7359375 0.49375 0.021875 0.028125
0 0.728125 0.4609375 0.021875 0.03125
0 0.73984375 0.4328125 0.025 0.03125
0 0.72265625 0.42421875 0.0265625 0.034375
0 0.71171875 0.45 0.025 0.034375
0 0.70703125 0.4078125 0.021875 0.03125
0 0.68828125 0.4125 0.025 0.0359375
0 0.71796875 0.3890625 0.025 0.034375
0 0.67890625 0.38203125 0.0234375 0.03125
0 0.696875 0.3796875 0.021875 0.03125
0 0.71328125 0.35703125 0.028125 0.03125
0 0.70546875 0.3296875 0.0234375 0.034375
0 0.690625 0.3546875 0.025 0.03125
0 0.68203125 0.32734375 0.0265625 0.034375
0 0.67109375 0.35546875 0.0265625 0.034375
0 0.6484375 0.36171875 0.028125 0.03125
1 0.64296875 0.3375 0.025 0.028125
0 0.6296875 0.3265625 0.025 0.03125
0 0.64140625 0.30625 0.0234375 0.028125
0 0.5953125 0.34453125 0.025 0.034375
0 0.5796875 0.36015625 0.025 0.025
0 0.5625 0.34921875 0.025 0.03125
0 0.5796875 0.334375 0.028125 0.03125
0 0.55703125 0.31171875 0.0234375 0.034375
0 0.575 0.2984375 0.025 0.028125
0 0.58125 0.271875 0.025 0.034375
0 0.58671875 0.246875 0.0265625 0.034375
0 0.54453125 0.28671875 0.021875 0.0296875
0 0.53203125 0.26015625 0.021875 0.03125
0 0.5234375 0.23046875 0.021875 0.03125
0 0.54140625 0.2265625 0.021875 0.03125
0 0.5234375 0.19765625 0.025 0.034375
0 0.546875 0.19921875 0.0234375 0.0328125
0 0.5609375 0.215625 0.025 0.028125
2 0.4953125 0.190625 0.03125 0.0359375
2 0.50546875 0.2234375 0.0265625 0.0375
2 0.50546875 0.16640625 0.0296875 0.0375
2 0.5265625 0.171875 0.025 0.0328125
2 0.51484375 0.2609375 0.025 0.0375
2 0.5265625 0.284375 0.025 0.034375
2 0.51953125 0.31171875 0.025 0.0359375
2 0.53125 0.33203125 0.021875 0.0328125
2 0.54140625 0.36171875 0.025 0.0375
2 0.53125 0.38359375 0.0234375 0.034375
2 0.53671875 0.40859375 0.0234375 0.034375
2 0.52265625 0.42890625 0.0265625 0.034375
2 0.55234375 0.42734375 0.028125 0.0375
2 0.5671875 0.40546875 0.0265625 0.03125
2 0.55 0.39296875 0.0203125 0.028125
2 0.60390625 0.303125 0.0265625 0.0328125
2 0.6078125 0.27421875 0.025 0.034375
2 0.62734375 0.278125 0.025 0.034375
2 0.646875 0.27890625 0.021875 0.034375
2 0.66328125 0.2828125 0.021875 0.034375
2 0.68125 0.27890625 0.025 0.03125
2 0.6609375 0.2484375 0.0265625 0.0328125
2 0.64375 0.225 0.025 0.0359375
2 0.6171875 0.35859375 0.021875 0.034375
2 0.6359375 0.38203125 0.025 0.03125
2 0.64921875 0.39921875 0.025 0.0328125
2 0.64375 0.4296875 0.025 0.03125
2 0.7 0.3078125 0.025 0.0296875
2 0.71875 0.30078125 0.0265625 0.0375
2 0.6328125 0.45703125 0.028125 0.0390625
2 0.64140625 0.484375 0.025 0.034375
2 0.653125 0.50546875 0.0234375 0.028125
2 0.66328125 0.4796875 0.025 0.03125
2 0.6546875 0.45546875 0.021875 0.028125
2 0.671875 0.45625 0.025 0.0296875
2 0.66171875 0.4296875 0.025 0.03125
2 0.6890625 0.45390625 0.021875 0.034375
2 0.73359375 0.3515625 0.0234375 0.03125
2 0.74140625 0.38671875 0.0296875 0.034375
2 0.66875 0.81171875 0.025 0.0328125
2 0.6859375 0.83203125 0.021875 0.0328125
2 0.68359375 0.7984375 0.021875 0.0265625
2 0.67265625 0.77890625 0.021875 0.025
2 0.6609375 0.7390625 0.021875 0.03125
2 0.7046875 0.81484375 0.025 0.0359375
2 0.71171875 0.8375 0.0234375 0.034375
2 0.73125 0.8265625 0.028125 0.0328125
2 0.721875 0.79609375 0.021875 0.03125
2 0.740625 0.796875 0.021875 0.0296875
2 0.71171875 0.77109375 0.0234375 0.0265625
2 0.6921875 0.775 0.021875 0.025
2 0.765625 0.7375 0.025 0.034375
0 0.746875 0.70703125 0.0234375 0.034375
0 0.7515625 0.6703125 0.025 0.0328125
2 0.7015625 0.65625 0.025 0.03125
2 0.6875 0.6765625 0.021875 0.03125
2 0.721875 0.6609375 0.021875 0.0265625
2 0.79140625 0.57265625 0.025 0.0296875
2 0.784375 0.59765625 0.021875 0.03125
2 0.77734375 0.62734375 0.025 0.034375
2 0.8140625 0.5609375 0.0203125 0.03125
2 0.79921875 0.54375 0.021875 0.0265625
2 0.81953125 0.53203125 0.025 0.03125
2 0.82578125 0.503125 0.021875 0.03125
2 0.8078125 0.47265625 0.025 0.0328125
2 0.778125 0.4484375 0.021875 0.025
2 0.75859375 0.4328125 0.025 0.0296875
2 0.721875 0.4875 0.025 0.03125
2 0.66875 0.40078125 0.01875 0.0296875
2 0.6125 0.33125 0.0234375 0.028125
2 0.5765625 0.3796875 0.025 0.0234375
2 0.5578125 0.36796875 0.0234375 0.025
2 0.59296875 0.22265625 0.021875 0.028125
2 0.565625 0.190625 0.025 0.028125
2 0.5484375 0.17734375 0.028125 0.028125