2 0.37265625 0.284375 0.0296875 0.0390625
2 0.353125 0.28125 0.028125 0.034375
2 0.3625 0.3046875 0.021875 0.028125
2 0.36484375 0.33203125 0.0265625 0.0375
2 0.36796875 0.36328125 0.0296875 0.0328125
2 0.37421875 0.39375 0.028125 0.0375
2 0.35390625 0.3890625 0.025 0.0375
2 0.34296875 0.41328125 0.028125 0.034375
2 0.32890625 0.434375 0.0265625 0.034375
2 0.33125 0.27421875 0.025 0.0375
2 0.3203125 0.253125 0.025 0.0328125
2 0.3046875 0.2734375 0.028125 0.034375
2 0.296875 0.2484375 0.0296875 0.0375
2 0.284375 0.26640625 0.0296875 0.040625
2 0.29296875 0.29375 0.03125 0.0328125
2 0.27890625 0.31953125 0.028125 0.0390625
2 0.27265625 0.36875 0.028125 0.034375
2 0.2671875 0.41875 0.0296875 0.0375
2 0.31171875 0.428125 0.028125 0.040625
2 0.2875 0.4296875 0.025 0.0375
0 0.334375 0.30390625 0.0234375 0.0375
0 0.315625 0.3015625 0.025 0.034375
0 0.34140625 0.334375 0.0265625 0.0390625
0 0.340625 0.365625 0.0296875 0.03125
0 0.3328125 0.39296875 0.0265625 0.034375
0 0.31640625 0.4078125 0.0234375 0.0359375
0 0.29375 0.4078125 0.0296875 0.0375
0 0.30703125 0.38515625 0.025 0.03125
0 0.31875 0.359375 0.021875 0.034375
0 0.32109375 0.33203125 0.021875 0.0375
0 0.30234375 0.32421875 0.025 0.0375
0 0.29921875 0.3515625 0.028125 0.0375