2 0.38046875 0.609375 0.03125 0.025
2 0.37421875 0.628125 0.0328125 0.02265625
2 0.375 0.646875 0.03125 0.02265625
2 0.39921875 0.6296875 0.0328125 0.02109375
2 0.40703125 0.61328125 0.02734375 0.021875
0 0.4328125 0.6234375 0.03046875 0.0203125
2 0.4328125 0.609375 0.0296875 0.0203125
2 0.42109375 0.63828125 0.02734375 0.01875
2 0.40078125 0.65 0.034375 0.02109375
2 0.434375 0.65390625 0.02734375 0.01953125
2 0.4484375 0.6421875 0.0265625 0.02109375
2 0.46953125 0.640625 0.02890625 0.0203125
2 0.465625 0.65703125 0.02890625 0.02109375
2 0.45390625 0.67109375 0.03046875 0.021875
0 0.4890625 0.67109375 0.0328125 0.0234375
2 0.49140625 0.653125 0.0296875 0.02265625