2 0.284375 0.7890625 0.03984375 0.03359375
2 0.33359375 0.7953125 0.034375 0.0296875
2 0.36484375 0.80546875 0.03359375 0.028125
2 0.33671875 0.81953125 0.0359375 0.02734375
2 0.378125 0.7859375 0.03671875 0.028125
2 0.39296875 0.80625 0.03515625 0.0296875
2 0.41015625 0.7859375 0.03828125 0.0328125
2 0.40390625 0.76328125 0.0359375 0.0296875
2 0.3765625 0.75859375 0.03515625 0.02734375
2 0.353125 0.7734375 0.040625 0.0265625
2 0.3203125 0.7765625 0.0375 0.0296875
2 0.31640625 0.75078125 0.034375 0.02890625
2 0.28984375 0.7578125 0.03671875 0.03046875
2 0.2796875 0.73515625 0.03515625 0.02890625
2 0.30703125 0.7296875 0.0328125 0.02578125
2 0.33828125 0.7296875 0.03671875 0.02421875
2 0.34921875 0.75078125 0.03359375 0.0296875
2 0.36875 0.73515625 0.0375 0.0265625
2 0.4 0.7421875 0.03203125 0.03046875
2 0.4296875 0.75 0.03671875 0.03046875
2 0.41953125 0.7265625 0.034375 0.028125
2 0.44921875 0.734375 0.0359375 0.03046875
2 0.390625 0.71953125 0.0375 0.028125
2 0.3640625 0.71328125 0.03671875 0.02421875
2 0.33359375 0.70703125 0.03515625 0.02734375
2 0.30390625 0.70859375 0.0328125 0.02421875
2 0.2734375 0.71015625 0.03828125 0.028125
2 0.2703125 0.68671875 0.0359375 0.0296875
2 0.3015625 0.6859375 0.03125 0.0265625
2 0.33046875 0.68125 0.0328125 0.0296875
2 0.3578125 0.690625 0.03125 0.02734375
2 0.3859375 0.69609375 0.0328125 0.02578125
2 0.41484375 0.7046875 0.0328125 0.02421875
2 0.44453125 0.7109375 0.03125 0.02578125
2 0.475 0.71953125 0.0359375 0.028125
2 0.46484375 0.69609375 0.03046875 0.0296875
2 0.49296875 0.7 0.0328125 0.02734375
2 0.43828125 0.6890625 0.0390625 0.028125
2 0.41171875 0.684375 0.0359375 0.02734375
2 0.353125 0.66484375 0.0296875 0.02578125
2 0.32734375 0.659375 0.03203125 0.0296875
2 0.3 0.66328125 0.034375 0.028125
2 0.31484375 0.6359375 0.04296875 0.03203125
2 0.3296875 0.61796875 0.03671875 0.028125
2 0.34765625 0.6421875 0.03203125 0.02890625
2 0.353125 0.6015625 0.03671875 0.028125
2 0.37421875 0.5859375 0.03515625 0.028125
2 0.40078125 0.57265625 0.03046875 0.02421875
2 0.428125 0.5796875 0.0296875 0.02734375
2 0.43671875 0.56328125 0.0359375 0.02578125
2 0.42734375 0.54296875 0.0375 0.028125
2 0.48828125 0.67890625 0.0296875 0.02734375
2 0.51484375 0.6890625 0.03203125 0.02421875
2 0.50625 0.66484375 0.03671875 0.03203125
2 0.4796875 0.65859375 0.03203125 0.028125
2 0.53515625 0.66953125 0.03515625 0.02734375
2 0.5234375 0.6484375 0.034375 0.02578125
2 0.49609375 0.6421875 0.03359375 0.025
2 0.55546875 0.65625 0.03359375 0.02578125
2 0.546875 0.634375 0.03203125 0.02421875
2 0.58046875 0.6390625 0.03125 0.0265625
2 0.59921875 0.6234375 0.034375 0.0265625
2 0.5671875 0.61796875 0.034375 0.0265625
2 0.57734375 0.6015625 0.03203125 0.02890625
2 0.596875 0.58671875 0.03359375 0.02421875
2 0.5671875 0.58046875 0.03671875 0.02578125
2 0.5515625 0.59375 0.03828125 0.0296875
2 0.5421875 0.56953125 0.03203125 0.0296875
2 0.559375 0.5546875 0.040625 0.02734375
2 0.53125 0.546875 0.03203125 0.02421875
2 0.43671875 0.52109375 0.0359375 0.02578125
2 0.46171875 0.5 0.03203125 0.0265625
2 0.490625 0.509375 0.0375 0.028125
2 0.521875 0.52109375 0.03359375 0.0296875
2 0.49609375 0.53125 0.0359375 0.021875
0 0.4765625 0.5359375 0.04140625 0.02265625
0 0.46875 0.55703125 0.0328125 0.0265625
0 0.49375 0.56328125 0.03125 0.0265625
0 0.51875 0.5734375 0.03125 0.02265625
0 0.4796875 0.5828125 0.03125 0.02421875
0 0.5046875 0.590625 0.0265625 0.02265625
0 0.5296875 0.59921875 0.03515625 0.02578125
0 0.5171875 0.61953125 0.0328125 0.0265625
0 0.4921875 0.6109375 0.0328125 0.02421875
0 0.46875 0.60078125 0.0296875 0.02578125
0 0.4375 0.5921875 0.03984375 0.02421875
0 0.41875 0.609375 0.03203125 0.025
2 0.403125 0.5953125 0.03046875 0.02421875
2 0.37890625 0.6078125 0.03359375 0.0203125
2 0.3625 0.62109375 0.02421875 0.021875
0 0.3875 0.621875 0.03125 0.0234375
0 0.371875 0.63984375 0.03125 0.021875
0 0.38359375 0.6625 0.03203125 0.02578125
0 0.40390625 0.6453125 0.0328125 0.02578125
0 0.42109375 0.63125 0.0328125 0.021875
0 0.4296875 0.653125 0.034375 0.0265625
0 0.453125 0.66640625 0.03671875 0.028125
0 0.45 0.63984375 0.0328125 0.0234375
0 0.4453125 0.615625 0.03046875 0.025
0 0.4734375 0.62421875 0.03359375 0.025