2 0.39140625 0.609375 0.0640625 0.05625
2 0.39453125 0.5515625 0.05625 0.0453125
2 0.4 0.67890625 0.06015625 0.046875
2 0.4375 0.6421875 0.06171875 0.05234375
2 0.6515625 0.61171875 0.05859375 0.0484375
2 0.3984375 0.7234375 0.06484375 0.053125
2 0.4828125 0.66875 0.06484375 0.05234375
2 0.57734375 0.67109375 0.0640625 0.04765625
2 0.41640625 0.50859375 0.06328125 0.046875
2 0.540625 0.5921875 0.0609375 0.0484375
2 0.43359375 0.4609375 0.059375 0.05
2 0.48359375 0.61796875 0.06484375 0.04765625
2 0.4546875 0.54375 0.0625 0.04609375
2 0.49296875 0.73515625 0.0671875 0.05078125
2 0.471875 0.5 0.059375 0.04609375
2 0.5375 0.4296875 0.06328125 0.05
2 0.65859375 0.4828125 0.0609375 0.0453125
2 0.43828125 0.75859375 0.06171875 0.04921875
2 0.62578125 0.44609375 0.06328125 0.04609375
2 0.6640625 0.56953125 0.06484375 0.04921875
2 0.4078125 0.42734375 0.0578125 0.0453125
2 0.53671875 0.7 0.0578125 0.04609375
2 0.43359375 0.58515625 0.05625 0.04609375
2 0.55859375 0.5515625 0.0578125 0.04609375
2 0.58125 0.6125 0.0625 0.0515625
2 0.4484375 0.709375 0.05703125 0.05
2 0.4640625 0.409375 0.06015625 0.04296875
2 0.52734375 0.48828125 0.06328125 0.04765625
2 0.678125 0.5265625 0.05625 0.04296875
2 0.5140625 0.5296875 0.06328125 0.046875
2 0.60625 0.57734375 0.05390625 0.05
2 0.48828125 0.56640625 0.0640625 0.04609375
2 0.5765625 0.4609375 0.0546875 0.046875
2 0.571875 0.5046875 0.0578125 0.05
2 0.49453125 0.45546875 0.0578125 0.0390625
2 0.62109375 0.528125 0.06015625 0.04296875
2 0.39921875 0.80234375 0.0796875 0.0578125
2 0.5328125 0.63828125 0.05859375 0.04765625