0 0.49375 0.3296875 0.0375 0.059375
0 0.46484375 0.34140625 0.040625 0.05
0 0.48828125 0.38046875 0.05 0.046875
0 0.47734375 0.42109375 0.034375 0.0484375
0 0.44609375 0.371875 0.040625 0.04375
0 0.4484375 0.4109375 0.0375 0.04375
0 0.45703125 0.45390625 0.0421875 0.046875
0 0.4328125 0.33359375 0.0390625 0.05625
0 0.4078125 0.36015625 0.0390625 0.04375
0 0.41796875 0.3984375 0.0375 0.0453125
0 0.4234375 0.43671875 0.040625 0.05
0 0.425 0.4765625 0.0375 0.046875
0 0.42109375 0.51328125 0.0375 0.053125
0 0.3640625 0.35078125 0.040625 0.053125
0 0.38359375 0.39140625 0.040625 0.05
0 0.39609375 0.4234375 0.0421875 0.05
0 0.390625 0.46171875 0.0421875 0.046875
0 0.3921875 0.50078125 0.0390625 0.0453125
0 0.39609375 0.5390625 0.040625 0.05
0 0.35625 0.43671875 0.040625 0.0453125
0 0.34921875 0.39609375 0.0375 0.0515625
0 0.353125 0.47265625 0.040625 0.046875
0 0.3609375 0.5078125 0.040625 0.05
0 0.3625 0.54296875 0.0375 0.053125
0 0.37265625 0.58984375 0.034375 0.05
0 0.31796875 0.4578125 0.0359375 0.040625
0 0.31953125 0.415625 0.034375 0.0453125
0 0.290625 0.39765625 0.0390625 0.0484375
0 0.28828125 0.44296875 0.034375 0.046875
0 0.259375 0.4171875 0.034375 0.05
0 0.23046875 0.39609375 0.0375 0.0484375
0 0.23671875 0.44140625 0.0375 0.0453125
0 0.2625 0.4625 0.0375 0.046875
0 0.29453125 0.484375 0.0359375 0.04375
0 0.3265625 0.49453125 0.0375 0.05
0 0.33125 0.5359375 0.0375 0.05
0 0.29609375 0.51953125 0.0375 0.05
0 0.26484375 0.50625 0.034375 0.046875
0 0.2359375 0.49453125 0.0390625 0.0484375
0 0.240625 0.53828125 0.0375 0.046875
0 0.27109375 0.55234375 0.0390625 0.046875
0 0.27421875 0.5953125 0.0390625 0.046875
0 0.30234375 0.56484375 0.0390625 0.046875
0 0.30859375 0.60234375 0.0390625 0.0515625
0 0.33359375 0.578125 0.0421875 0.0515625
0 0.3515625 0.615625 0.040625 0.046875
2 0.56640625 0.30625 0.0375 0.05
2 0.5703125 0.35 0.034375 0.0421875
2 0.53203125 0.29296875 0.0390625 0.0453125
2 0.534375 0.33203125 0.0390625 0.0421875
2 0.54140625 0.371875 0.0375 0.046875
2 0.5265625 0.4171875 0.040625 0.046875
2 0.51328125 0.38046875 0.03125 0.0453125
2 0.3875 0.3109375 0.0375 0.0453125
2 0.35390625 0.28984375 0.0390625 0.046875
2 0.33046875 0.31640625 0.0375 0.046875
2 0.33203125 0.35546875 0.034375 0.040625
2 0.29453125 0.2921875 0.034375 0.05
2 0.29921875 0.33828125 0.040625 0.04375
2 0.26484375 0.31171875 0.0390625 0.053125
2 0.26171875 0.3546875 0.04375 0.04375
2 0.2328125 0.3421875 0.040625 0.053125
2 0.21484375 0.37421875 0.0375 0.0375
2 0.2234375 0.58671875 0.040625 0.046875
2 0.22578125 0.6296875 0.0421875 0.04375
2 0.23515625 0.67265625 0.040625 0.053125
2 0.25859375 0.64140625 0.046875 0.05
2 0.27109375 0.6765625 0.0390625 0.05
2 0.28359375 0.709375 0.0375 0.04375
2 0.29921875 0.65234375 0.04375 0.046875
2 0.31640625 0.69296875 0.0390625 0.046875
2 0.34375 0.684375 0.040625 0.05625
2 0.4 0.62734375 0.040625 0.046875
2 0.375 0.6515625 0.0421875 0.0484375