0 0.30625 0.31953125 0.025 0.0328125
0 0.3078125 0.36953125 0.021875 0.034375
0 0.2921875 0.34375 0.03125 0.040625
0 0.2796875 0.31484375 0.03125 0.0375
0 0.26953125 0.35703125 0.028125 0.040625
0 0.28671875 0.38515625 0.028125 0.0390625
0 0.24765625 0.37890625 0.03125 0.040625
0 0.2359375 0.35234375 0.03125 0.0421875
0 0.2171875 0.32734375 0.03125 0.0421875
0 0.1984375 0.3453125 0.028125 0.040625
0 0.21484375 0.3703125 0.0265625 0.0375
0 0.22578125 0.4015625 0.028125 0.040625
2 0.28125 0.26953125 0.03125 0.04375
2 0.25625 0.28203125 0.034375 0.040625
2 0.24609375 0.315625 0.028125 0.0421875
2 0.21953125 0.2625 0.0328125 0.0453125
2 0.221875 0.29609375 0.0328125 0.034375
2 0.1765625 0.3046875 0.034375 0.040625
2 0.1765625 0.3390625 0.028125 0.040625
2 0.184375 0.3765625 0.0328125 0.0421875
2 0.2078125 0.440625 0.028125 0.046875
2 0.203125 0.40625 0.03125 0.04375
2 0.2296875 0.4375 0.0296875 0.04375
2 0.23828125 0.47265625 0.03125 0.04375
2 0.26484375 0.46484375 0.034375 0.0375
2 0.25625 0.4375 0.03125 0.04375
2 0.28203125 0.41484375 0.028125 0.0375
2 0.2546875 0.4 0.0328125 0.0375
2 0.30546875 0.29296875 0.0328125 0.0390625
2 0.3203125 0.01171875 0.028125 0.0234375