2 0.8140625 0.49140625 0.0875 0.0796875
2 0.7265625 0.44765625 0.0875 0.0734375
2 0.653125 0.43359375 0.096875 0.075
2 0.56640625 0.434375 0.090625 0.078125
2 0.48671875 0.41796875 0.0875 0.0703125
2 0.73515625 0.5125 0.090625 0.06875
2 0.6578125 0.5 0.090625 0.075
2 0.5765625 0.49453125 0.0875 0.075
2 0.50546875 0.48125 0.08125 0.065625
2 0.425 0.4765625 0.096875 0.0671875
2 0.44453125 0.5328125 0.084375 0.0671875
2 0.51484375 0.54140625 0.0765625 0.0625
2 0.58828125 0.56015625 0.090625 0.059375
2 0.66796875 0.5578125 0.084375 0.065625
2 0.7375 0.5734375 0.096875 0.071875
2 0.81015625 0.56015625 0.0875 0.06875
2 0.7640625 0.6375 0.1015625 0.075
2 0.68984375 0.66796875 0.084375 0.06875
2 0.6359375 0.61796875 0.084375 0.06875
2 0.56171875 0.6203125 0.0921875 0.0703125
2 0.6046875 0.678125 0.1 0.06875