0 0.39296875 0.70234375 0.01875 0.015625
0 0.4078125 0.70390625 0.01875 0.0140625
0 0.38515625 0.68828125 0.01875 0.015625
0 0.40078125 0.690625 0.01875 0.015625
0 0.4171875 0.69296875 0.0203125 0.0171875
0 0.39453125 0.6765625 0.01875 0.0125
0 0.37734375 0.67734375 0.01875 0.0125
0 0.37109375 0.665625 0.01875 0.015625
0 0.3890625 0.665625 0.0203125 0.015625
0 0.40390625 0.6671875 0.01875 0.0140625
0 0.41015625 0.67890625 0.0171875 0.015625
0 0.428125 0.68359375 0.01875 0.0125
0 0.4421875 0.68359375 0.021875 0.015625
0 0.43828125 0.67265625 0.01875 0.0140625
0 0.421875 0.67109375 0.0203125 0.015625
0 0.4171875 0.65859375 0.01875 0.015625
0 0.40234375 0.65625 0.01875 0.0140625
0 0.3859375 0.65625 0.021875 0.015625
0 0.39375 0.64453125 0.021875 0.015625
0 0.4109375 0.64609375 0.0171875 0.0125
0 0.428125 0.6484375 0.0203125 0.0140625
0 0.43359375 0.659375 0.0203125 0.015625
0 0.45 0.66171875 0.021875 0.015625
0 0.4453125 0.6484375 0.021875 0.0140625
0 0.43984375 0.63984375 0.021875 0.0140625
0 0.42421875 0.6359375 0.01875 0.0125
0 0.40625 0.634375 0.0234375 0.0125
0 0.403125 0.6234375 0.021875 0.015625
0 0.421875 0.62421875 0.021875 0.0140625
0 0.43671875 0.61953125 0.0203125 0.0140625
0 0.43359375 0.6078125 0.021875 0.015625
0 0.415625 0.61171875 0.01875 0.0140625
0 0.4 0.6109375 0.021875 0.0140625
0 0.3875 0.59921875 0.021875 0.015625
0 0.40390625 0.6 0.021875 0.015625
0 0.41953125 0.60078125 0.01875 0.0125
0 0.409375 0.58828125 0.021875 0.015625
0 0.39375 0.5875 0.021875 0.015625
0 0.37734375 0.58515625 0.0203125 0.015625
0 0.38828125 0.57421875 0.01875 0.0140625
0 0.3734375 0.57109375 0.01875 0.0140625
0 0.36328125 0.5796875 0.01875 0.0125
0 0.3140625 0.58203125 0.01875 0.0125
0 0.32578125 0.58984375 0.021875 0.0140625
0 0.30546875 0.5921875 0.01875 0.0125
0 0.296875 0.60234375 0.01875 0.015625
2 0.3625 0.73125 0.025 0.01875
2 0.35390625 0.71875 0.01875 0.0125
2 0.37265625 0.71875 0.01875 0.015625
2 0.38984375 0.7203125 0.01875 0.0140625
2 0.34921875 0.7078125 0.021875 0.0140625
2 0.365625 0.70546875 0.021875 0.015625
2 0.35859375 0.69453125 0.021875 0.015625
2 0.3390625 0.6984375 0.0203125 0.015625
2 0.33046875 0.68515625 0.01875 0.0140625
2 0.34921875 0.68515625 0.0203125 0.0140625
2 0.34140625 0.67265625 0.01875 0.015625
2 0.35 0.6578125 0.021875 0.0125
2 0.35859375 0.6671875 0.0171875 0.015625
2 0.36328125 0.67890625 0.0171875 0.0125
2 0.3671875 0.65078125 0.01875 0.0140625
2 0.440625 0.70078125 0.021875 0.0140625
2 0.3609375 0.63828125 0.0234375 0.015625
2 0.378125 0.63828125 0.01875 0.0140625
2 0.3703125 0.62890625 0.0171875 0.0109375
2 0.38984375 0.628125 0.01875 0.0125
2 0.3828125 0.61953125 0.0203125 0.0171875
2 0.36328125 0.61640625 0.021875 0.015625
2 0.371875 0.60234375 0.0171875 0.0171875
2 0.35546875 0.60390625 0.0203125 0.015625
2 0.34609375 0.59609375 0.01875 0.0125
2 0.33671875 0.60703125 0.01875 0.0125
2 0.31796875 0.6109375 0.01875 0.0125
2 0.27421875 0.59765625 0.01875 0.015625
2 0.25703125 0.6046875 0.0203125 0.015625
2 0.26875 0.61328125 0.01875 0.01875
2 0.28203125 0.62109375 0.01875 0.0125
2 0.25234375 0.6203125 0.021875 0.015625
2 0.26484375 0.628125 0.0171875 0.0140625
2 0.278125 0.63515625 0.021875 0.015625
2 0.26171875 0.64140625 0.01875 0.0140625
2 0.24140625 0.6328125 0.021875 0.015625
2 0.24453125 0.6453125 0.021875 0.015625
2 0.221875 0.6421875 0.021875 0.015625
2 0.21875 0.65703125 0.021875 0.015625
2 0.23984375 0.659375 0.021875 0.015625
2 0.23515625 0.67109375 0.021875 0.015625
2 0.4640625 0.68046875 0.01875 0.0171875
2 0.47578125 0.66953125 0.01875 0.015625
2 0.48203125 0.6796875 0.0203125 0.0140625
2 0.46640625 0.65859375 0.01875 0.015625
2 0.4765625 0.64921875 0.01875 0.0140625
2 0.48515625 0.63828125 0.01875 0.015625
2 0.49140625 0.6265625 0.0203125 0.0140625
2 0.47578125 0.628125 0.01875 0.0140625
2 0.4703125 0.63828125 0.01875 0.0140625
2 0.453125 0.63515625 0.01875 0.015625
2 0.46015625 0.62578125 0.01875 0.0140625
2 0.4671875 0.61484375 0.01875 0.015625
2 0.4765625 0.60390625 0.021875 0.015625
2 0.48359375 0.61484375 0.021875 0.0140625
2 0.46015625 0.603125 0.01875 0.0140625
2 0.45234375 0.61328125 0.01875 0.0140625
2 0.4453125 0.6 0.01875 0.0140625
2 0.28203125 0.584375 0.021875 0.015625
2 0.2921875 0.57265625 0.0203125 0.0125
2 0.33046875 0.565625 0.01875 0.0140625
2 0.3421875 0.5734375 0.01875 0.015625
2 0.32421875 0.55546875 0.021875 0.015625
2 0.34140625 0.55546875 0.01875 0.0125
2 0.3421875 0.54375 0.01875 0.0140625
2 0.35703125 0.54921875 0.01875 0.0125
2 0.353125 0.5625 0.01875 0.0125
2 0.36796875 0.559375 0.01875 0.0125
2 0.384375 0.55546875 0.01875 0.015625
2 0.40078125 0.5546875 0.01875 0.0140625
2 0.41640625 0.5546875 0.01875 0.015625
2 0.40546875 0.56484375 0.021875 0.0125
2 0.42265625 0.565625 0.0203125 0.015625
2 0.43828125 0.5625 0.021875 0.015625
2 0.453125 0.5671875 0.021875 0.0140625
2 0.43203125 0.5734375 0.021875 0.0140625
2 0.4109375 0.575 0.0171875 0.0125
2 0.4375 0.5859375 0.01875 0.0125
2 0.4625 0.57890625 0.01875 0.0140625
2 0.446875 0.5765625 0.01875 0.0125
2 0.45234375 0.5890625 0.0171875 0.0125
2 0.46796875 0.59296875 0.021875 0.0125
2 0.3609375 0.590625 0.021875 0.015625
2 0.3515625 0.58359375 0.015625 0.0140625