2 0.5359375 0.528125 0.02890625 0.021875
2 0.378125 0.6734375 0.0296875 0.02421875
2 0.40390625 0.66875 0.0296875 0.02421875
2 0.51484375 0.55703125 0.02890625 0.021875
2 0.4046875 0.68828125 0.0296875 0.0234375
2 0.49765625 0.56953125 0.0296875 0.02265625
2 0.53828125 0.54921875 0.0265625 0.0203125
2 0.44609375 0.625 0.03125 0.0234375
2 0.46484375 0.61015625 0.03046875 0.02265625
2 0.49375 0.6125 0.028125 0.021875
2 0.475 0.628125 0.028125 0.02109375
2 0.525 0.57109375 0.03125 0.02421875
2 0.484375 0.5921875 0.02734375 0.021875
2 0.51328125 0.58984375 0.02734375 0.0203125