1 0.54609375 0.6875 0.03828125 0.02578125
1 0.52421875 0.71171875 0.03515625 0.02890625
1 0.54609375 0.7234375 0.03515625 0.02421875
1 0.5703125 0.70546875 0.03046875 0.021875
1 0.6015625 0.7140625 0.03046875 0.021875
1 0.5796875 0.7328125 0.03125 0.0234375
1 0.559375 0.75703125 0.0328125 0.02265625
1 0.53359375 0.74921875 0.03203125 0.02265625
1 0.525 0.78046875 0.03515625 0.02421875
1 0.54921875 0.7890625 0.03359375 0.0203125
1 0.57578125 0.78046875 0.028125 0.02421875
1 0.63515625 0.72265625 0.03515625 0.0203125
1 0.65859375 0.7421875 0.0375 0.0203125
1 0.63671875 0.76328125 0.03515625 0.02421875
1 0.67265625 0.7640625 0.03515625 0.025
1 0.69296875 0.740625 0.0359375 0.0265625
1 0.69296875 0.715625 0.03046875 0.021875
1 0.6078125 0.77890625 0.03515625 0.02578125
1 0.6953125 0.79921875 0.034375 0.0265625
1 0.70859375 0.76484375 0.0296875 0.02578125
1 0.72578125 0.740625 0.03515625 0.028125
1 0.59765625 0.75703125 0.03125 0.021875
1 0.609375 0.734375 0.03515625 0.01796875
0 0.55078125 0.62734375 0.03828125 0.025
0 0.56328125 0.6515625 0.03046875 0.025
0 0.53515625 0.6546875 0.034375 0.02578125
0 0.50234375 0.65546875 0.03515625 0.02578125
0 0.52109375 0.678125 0.03125 0.02734375
0 0.4609375 0.678125 0.03515625 0.02890625
0 0.48828125 0.678125 0.04140625 0.025
0 0.475 0.70234375 0.03203125 0.02578125
0 0.5046875 0.7 0.03046875 0.02421875
0 0.49140625 0.7265625 0.03671875 0.0234375
0 0.5875 0.68359375 0.0359375 0.02734375
0 0.6640625 0.7140625 0.03203125 0.02578125
0 0.63359375 0.70390625 0.02734375 0.02265625
2 0.6125 0.64375 0.0421875 0.02734375
2 0.62578125 0.66640625 0.0359375 0.02734375
2 0.653125 0.67890625 0.03515625 0.02578125
2 0.68125 0.66796875 0.03828125 0.02890625
2 0.70546875 0.68671875 0.03984375 0.02734375
2 0.76640625 0.76484375 0.0421875 0.03515625
2 0.75234375 0.79453125 0.03828125 0.03515625
2 0.4234375 0.68984375 0.040625 0.0296875
2 0.45703125 0.64765625 0.0390625 0.02890625
2 0.43984375 0.71875 0.0359375 0.03828125
2 0.4609375 0.7453125 0.03515625 0.03125
2 0.72578125 0.82578125 0.03828125 0.03359375
2 0.675 0.83984375 0.04453125 0.0390625
2 0.64296875 0.8140625 0.03984375 0.0328125
2 0.60390625 0.8109375 0.0375 0.02734375
2 0.7421875 0.725 0.0375 0.03203125
2 0.56015625 0.80546875 0.03671875 0.0265625
2 0.50234375 0.62265625 0.0375 0.02890625
2 0.53515625 0.60078125 0.0359375 0.028125
2 0.56171875 0.609375 0.03046875 0.025
2 0.5765625 0.59140625 0.034375 0.02890625
2 0.54296875 0.57890625 0.04140625 0.02890625
2 0.56875 0.5671875 0.0375 0.02421875