0 0.63359375 0.3953125 0.0390625 0.053125
0 0.684375 0.42890625 0.0390625 0.053125
0 0.65625 0.4578125 0.040625 0.05625
0 0.6578125 0.50859375 0.0375 0.05
0 0.6328125 0.5390625 0.0390625 0.053125
0 0.6703125 0.5484375 0.046875 0.0578125
0 0.696875 0.52109375 0.040625 0.0578125
0 0.690625 0.4734375 0.04375 0.053125
0 0.721875 0.4484375 0.0390625 0.046875
0 0.728125 0.49296875 0.040625 0.05625
2 0.51953125 0.19453125 0.04375 0.0515625
2 0.53125 0.234375 0.040625 0.046875
2 0.5578125 0.19609375 0.0390625 0.053125
2 0.56796875 0.2453125 0.040625 0.046875
2 0.58671875 0.2109375 0.0375 0.046875
2 0.53828125 0.27109375 0.040625 0.0515625
2 0.55390625 0.30234375 0.0375 0.046875
2 0.5828125 0.2765625 0.04375 0.046875
2 0.6078125 0.2421875 0.040625 0.053125
2 0.61328125 0.2984375 0.028125 0.040625
2 0.5859375 0.3234375 0.0453125 0.05625
2 0.553125 0.3484375 0.0421875 0.0578125
2 0.6375 0.265625 0.040625 0.053125
2 0.6578125 0.29609375 0.04375 0.05
2 0.6703125 0.3375 0.0375 0.053125
2 0.68359375 0.3640625 0.040625 0.059375
2 0.6328125 0.32734375 0.040625 0.0453125
2 0.60390625 0.35234375 0.04375 0.05625
2 0.5765625 0.38046875 0.04375 0.059375
2 0.58125 0.4203125 0.04375 0.0515625
2 0.60703125 0.39296875 0.0375 0.05
2 0.63125 0.43125 0.04375 0.04375
2 0.59921875 0.45703125 0.04375 0.05625
2 0.63359375 0.47109375 0.034375 0.05
2 0.60078125 0.49921875 0.04375 0.0515625
2 0.60078125 0.5453125 0.040625 0.0609375
2 0.56875 0.56328125 0.040625 0.0625
2 0.596875 0.5921875 0.040625 0.053125
2 0.63515625 0.6140625 0.040625 0.05625
2 0.671875 0.62890625 0.0390625 0.059375
2 0.66484375 0.58671875 0.04375 0.05625
2 0.70703125 0.6015625 0.04375 0.059375
2 0.7359375 0.56953125 0.040625 0.0625
2 0.77421875 0.5890625 0.04375 0.0578125
2 0.80234375 0.55703125 0.0421875 0.0609375
2 0.76640625 0.53515625 0.0390625 0.059375
2 0.79453125 0.5140625 0.04375 0.0609375
2 0.75859375 0.49375 0.0375 0.053125
2 0.78671875 0.459375 0.046875 0.0625
2 0.75078125 0.45078125 0.0375 0.059375
2 0.775 0.42265625 0.04375 0.053125
2 0.7421875 0.4140625 0.040625 0.05625
2 0.725 0.37265625 0.04375 0.0609375
2 0.7125 0.33046875 0.0390625 0.046875
2 0.7 0.29921875 0.0453125 0.0578125
2 0.734375 0.2921875 0.040625 0.053125
2 0.74765625 0.334375 0.046875 0.0609375
2 0.78359375 0.33984375 0.0421875 0.059375
2 0.7671875 0.3734375 0.03125 0.05625
2 0.79453125 0.38828125 0.04375 0.0625
2 0.81875 0.35859375 0.0421875 0.0640625