2 0.5234375 0.89140625 0.08125 0.0875
2 0.4796875 0.80234375 0.075 0.0875
2 0.46484375 0.728125 0.0765625 0.096875
2 0.465625 0.63984375 0.08125 0.090625
2 0.44921875 0.55859375 0.071875 0.090625
2 0.5453125 0.8109375 0.0703125 0.09375
2 0.53203125 0.7328125 0.0765625 0.090625
2 0.52734375 0.65 0.0765625 0.090625
2 0.51328125 0.578125 0.065625 0.084375
2 0.50859375 0.49609375 0.06875 0.1
2 0.565625 0.515625 0.06875 0.0859375
2 0.575 0.58671875 0.0625 0.078125
2 0.59453125 0.66171875 0.0625 0.09375
2 0.59140625 0.74296875 0.065625 0.0859375
2 0.6078125 0.8140625 0.071875 0.096875
2 0.59375 0.8875 0.0703125 0.0875
2 0.67265625 0.840625 0.075 0.103125
2 0.703125 0.765625 0.06875 0.0859375
2 0.653125 0.7109375 0.06875 0.084375
2 0.6546875 0.634375 0.071875 0.09375
2 0.7140625 0.678125 0.06875 0.1015625