0 0.3453125 0.5 0.04375 0.034375
0 0.38515625 0.496875 0.040625 0.034375
0 0.4203125 0.50078125 0.0375 0.034375
0 0.440625 0.5203125 0.0421875 0.034375
0 0.40625 0.5234375 0.046875 0.0328125
0 0.3671875 0.52265625 0.046875 0.0296875
0 0.346875 0.54375 0.0453125 0.03125
0 0.38046875 0.54921875 0.04375 0.0328125
0 0.42109375 0.5546875 0.0453125 0.034375
0 0.353125 0.5703125 0.05 0.0328125
0 0.39296875 0.58125 0.046875 0.034375
0 0.35859375 0.6015625 0.046875 0.03125
0 0.33828125 0.62890625 0.0421875 0.0359375
0 0.3703125 0.6296875 0.0421875 0.0375
0 0.3484375 0.6546875 0.040625 0.0265625
0 0.4078125 0.63984375 0.046875 0.0328125
0 0.40703125 0.61328125 0.05 0.0375
0 0.42421875 0.58671875 0.046875 0.0375
0 0.46328125 0.5921875 0.04375 0.034375
0 0.4578125 0.5625 0.046875 0.0390625
0 0.496875 0.5671875 0.046875 0.0375
0 0.48671875 0.5328125 0.04375 0.03125
0 0.4953125 0.50703125 0.0421875 0.034375
0 0.521875 0.4828125 0.05 0.03125
0 0.5328125 0.5125 0.0375 0.0375
0 0.56875 0.5234375 0.046875 0.03125
0 0.575 0.496875 0.046875 0.03125
0 0.5796875 0.5546875 0.04375 0.0328125
0 0.5234375 0.5421875 0.0453125 0.034375
0 0.53828125 0.56875 0.046875 0.034375
0 0.5 0.60234375 0.05 0.0359375
0 0.54296875 0.6046875 0.046875 0.0359375
0 0.575 0.6140625 0.05 0.034375
0 0.615625 0.60625 0.0421875 0.03125
0 0.5734375 0.5796875 0.053125 0.0375
0 0.6109375 0.57421875 0.053125 0.034375
0 0.44765625 0.62265625 0.0375 0.03125
0 0.48125 0.63046875 0.04375 0.034375
0 0.51796875 0.63515625 0.0421875 0.0375
0 0.5578125 0.64609375 0.046875 0.034375
2 0.3359375 0.44140625 0.04375 0.034375
2 0.3734375 0.446875 0.040625 0.03125
2 0.41484375 0.45 0.04375 0.034375
2 0.30625 0.465625 0.05 0.034375
2 0.346875 0.46796875 0.0453125 0.034375
2 0.384375 0.471875 0.04375 0.034375
2 0.4234375 0.478125 0.05 0.03125
2 0.4578125 0.48359375 0.0390625 0.03125
2 0.48984375 0.46015625 0.0421875 0.0265625
2 0.5609375 0.45234375 0.046875 0.034375
2 0.596875 0.47265625 0.04375 0.034375
2 0.60078125 0.5046875 0.0375 0.034375
2 0.6328125 0.52734375 0.05 0.034375
2 0.28515625 0.49296875 0.05 0.0375
2 0.3046875 0.52109375 0.040625 0.034375
2 0.321875 0.55703125 0.034375 0.0296875
2 0.29609375 0.5875 0.04375 0.034375
2 0.3359375 0.58828125 0.0375 0.0328125
2 0.31015625 0.61875 0.040625 0.034375
2 0.2859375 0.646875 0.046875 0.034375
2 0.25625 0.66875 0.05625 0.0375
2 0.26875 0.70078125 0.0515625 0.0390625
2 0.3 0.68046875 0.040625 0.0359375
2 0.3390625 0.68984375 0.0453125 0.0375
2 0.38203125 0.69765625 0.046875 0.0375
2 0.3984375 0.67109375 0.0421875 0.034375
2 0.4375 0.6796875 0.0515625 0.0390625
2 0.421875 0.70625 0.046875 0.03125
2 0.4015625 0.7328125 0.0546875 0.0359375
2 0.478125 0.68046875 0.046875 0.03125
2 0.453125 0.646875 0.0421875 0.0328125
2 0.5171875 0.6859375 0.0453125 0.0375
2 0.53828125 0.71015625 0.05625 0.0390625
2 0.5546875 0.678125 0.0515625 0.03125
2 0.60625 0.6640625 0.05625 0.034375
2 0.6328125 0.6328125 0.053125 0.034375
2 0.6546875 0.60625 0.046875 0.03125
2 0.63125 0.5578125 0.05625 0.0328125