2 0.403125 0.49765625 0.0375 0.028125
2 0.440625 0.5 0.0375 0.0265625
2 0.47734375 0.50078125 0.0375 0.028125
2 0.3890625 0.53515625 0.0375 0.028125
2 0.43046875 0.671875 0.0359375 0.028125
2 0.3953125 0.56328125 0.0375 0.0296875
2 0.3421875 0.57734375 0.0375 0.028125
2 0.378125 0.5890625 0.0375 0.028125
2 0.63515625 0.59296875 0.034375 0.0265625
2 0.5234375 0.53984375 0.0375 0.0265625
2 0.6328125 0.6421875 0.034375 0.028125
2 0.54921875 0.71875 0.034375 0.028125
2 0.47265625 0.628125 0.034375 0.028125
2 0.65703125 0.65703125 0.034375 0.028125
2 0.42265625 0.54609375 0.0375 0.03125
2 0.55859375 0.53671875 0.0359375 0.025
2 0.43984375 0.61875 0.0359375 0.028125
2 0.37734375 0.615625 0.0359375 0.028125
2 0.596875 0.56015625 0.0359375 0.025
2 0.49921875 0.7296875 0.0375 0.028125
2 0.62421875 0.6703125 0.0359375 0.028125
2 0.48125 0.59921875 0.0375 0.028125
2 0.5234375 0.58984375 0.0375 0.028125
2 0.6140625 0.6125 0.034375 0.028125
2 0.34609375 0.6015625 0.034375 0.0265625
2 0.5421875 0.68359375 0.0375 0.0296875
2 0.475 0.67109375 0.0375 0.028125
2 0.47421875 0.7109375 0.034375 0.0265625
2 0.528125 0.5640625 0.0359375 0.028125
2 0.5625 0.56328125 0.034375 0.028125
2 0.59609375 0.63515625 0.034375 0.028125
2 0.44609375 0.59296875 0.0359375 0.0296875
2 0.41328125 0.59140625 0.034375 0.0265625
2 0.490625 0.525 0.0359375 0.028125
2 0.5015625 0.6890625 0.0390625 0.028125
2 0.35859375 0.55390625 0.0375 0.028125
2 0.52734375 0.63515625 0.0359375 0.028125
2 0.57890625 0.61015625 0.0375 0.028125
2 0.5265625 0.74609375 0.034375 0.028125
2 0.54296875 0.61015625 0.034375 0.028125
2 0.49375 0.57265625 0.0359375 0.0265625
2 0.50625 0.61640625 0.0359375 0.028125
2 0.4578125 0.546875 0.0359375 0.028125
2 0.56171875 0.58828125 0.034375 0.028125
2 0.5578125 0.65703125 0.034375 0.028125
2 0.453125 0.69375 0.0375 0.03125
2 0.590625 0.66328125 0.034375 0.0265625
2 0.49453125 0.64609375 0.034375 0.028125
2 0.51796875 0.66171875 0.0359375 0.028125
2 0.6 0.6921875 0.034375 0.025
2 0.47265625 0.7484375 0.034375 0.028125
2 0.5265625 0.70703125 0.0359375 0.028125
2 0.41796875 0.51875 0.034375 0.025
2 0.45390625 0.525 0.0375 0.028125
2 0.56328125 0.63203125 0.0359375 0.0265625
2 0.5765625 0.6796875 0.034375 0.028125
2 0.45625 0.56875 0.034375 0.028125
2 0.490625 0.55 0.034375 0.028125
2 0.428125 0.56640625 0.0328125 0.028125
2 0.596875 0.58671875 0.0359375 0.028125
2 0.459375 0.65390625 0.034375 0.025
2 0.565625 0.696875 0.0375 0.028125