0 0.3703125 0.6046875 0.05390625 0.0328125
0 0.29921875 0.52421875 0.0421875 0.03359375
0 0.2734375 0.50625 0.04765625 0.0359375
0 0.30625 0.4921875 0.04375 0.03828125
0 0.3515625 0.48203125 0.04921875 0.0359375
0 0.3390625 0.50859375 0.04453125 0.03359375
0 0.334375 0.53828125 0.05 0.03515625
0 0.33125 0.56796875 0.05546875 0.03828125
0 0.365625 0.57578125 0.04375 0.03359375
0 0.403125 0.5859375 0.04765625 0.0328125
0 0.37109375 0.5484375 0.046875 0.03203125
0 0.3703125 0.51953125 0.04765625 0.0390625
0 0.38828125 0.48828125 0.04453125 0.03828125
0 0.42890625 0.496875 0.04375 0.03515625
0 0.41171875 0.525 0.04453125 0.03515625
0 0.40703125 0.5546875 0.04375 0.03203125
0 0.446875 0.571875 0.053125 0.0328125
0 0.4546875 0.51328125 0.04453125 0.03359375
0 0.4828125 0.54765625 0.04375 0.03203125
0 0.509375 0.56484375 0.0453125 0.0359375
0 0.5453125 0.5625 0.05234375 0.034375
0 0.5609375 0.59453125 0.05 0.03984375
0 0.59140625 0.57578125 0.04453125 0.03515625
0 0.61171875 0.6046875 0.046875 0.0328125
0 0.56640625 0.540625 0.04453125 0.0359375
0 0.5578125 0.5046875 0.053125 0.03671875
0 0.5390625 0.484375 0.05546875 0.0328125
0 0.5234375 0.4578125 0.05234375 0.03203125
0 0.50078125 0.49140625 0.04765625 0.034375
0 0.49765625 0.51640625 0.03984375 0.0328125
0 0.52734375 0.53671875 0.053125 0.03515625
2 0.315625 0.43671875 0.05 0.040625
2 0.35859375 0.440625 0.046875 0.0359375
2 0.2640625 0.475 0.05078125 0.03828125
2 0.30390625 0.465625 0.04765625 0.03203125
2 0.39609375 0.4515625 0.05 0.040625
2 0.45234375 0.46640625 0.053125 0.03515625
2 0.478125 0.453125 0.046875 0.03984375
2 0.55234375 0.43671875 0.05390625 0.040625
2 0.51328125 0.4375 0.05 0.03984375
2 0.5859375 0.45625 0.05078125 0.03359375
2 0.596875 0.4859375 0.05 0.0359375
2 0.60390625 0.515625 0.05 0.0375
2 0.24609375 0.53125 0.04765625 0.0328125
2 0.2484375 0.50078125 0.0453125 0.03671875
2 0.234375 0.5609375 0.05 0.040625
2 0.27265625 0.55390625 0.05625 0.0359375
2 0.27109375 0.58671875 0.05546875 0.03828125
2 0.30859375 0.61796875 0.05390625 0.0359375
2 0.29765625 0.65 0.05546875 0.0375
2 0.3390625 0.63515625 0.04765625 0.03515625
2 0.34140625 0.67109375 0.04921875 0.0359375
2 0.3734375 0.64921875 0.05 0.040625
2 0.4046875 0.6359375 0.04453125 0.0390625
2 0.43515625 0.62109375 0.05234375 0.0359375
2 0.4765625 0.60546875 0.04375 0.0296875
2 0.5140625 0.59765625 0.046875 0.03125
2 0.4421875 0.65859375 0.05546875 0.03828125
2 0.45859375 0.6375 0.05078125 0.03359375
2 0.50078125 0.628125 0.04375 0.03359375
2 0.52890625 0.646875 0.0453125 0.0359375
2 0.53671875 0.61953125 0.04453125 0.0296875
2 0.5609375 0.6359375 0.04921875 0.03515625
2 0.55078125 0.66875 0.0578125 0.0375
2 0.603125 0.64375 0.04921875 0.03359375
2 0.59140625 0.67421875 0.0609375 0.034375
2 0.56328125 0.7015625 0.05 0.04140625
2 0.60703125 0.70625 0.05234375 0.0390625
2 0.6359375 0.56953125 0.05 0.040625
2 0.6765625 0.56875 0.04765625 0.04140625
2 0.72421875 0.5671875 0.0640625 0.03828125
2 0.6578125 0.5921875 0.05859375 0.03828125
2 0.70625 0.5953125 0.059375 0.03515625
2 0.7453125 0.5953125 0.0578125 0.03984375
2 0.790625 0.5921875 0.05625 0.0390625
2 0.646875 0.62421875 0.04765625 0.03515625
2 0.6859375 0.62421875 0.05 0.03515625
2 0.72421875 0.6265625 0.05625 0.0375
2 0.77265625 0.6234375 0.06328125 0.0375
2 0.81875 0.621875 0.05234375 0.040625
2 0.63828125 0.65546875 0.05234375 0.03828125
2 0.675 0.65546875 0.05 0.0359375
2 0.715625 0.653125 0.05859375 0.0359375
2 0.7546875 0.64921875 0.05390625 0.0375
2 0.80703125 0.64921875 0.05546875 0.03828125
2 0.853125 0.64375 0.05390625 0.040625
2 0.6296875 0.68515625 0.05 0.03671875
2 0.66328125 0.68828125 0.05234375 0.03515625
2 0.70546875 0.6875 0.05625 0.034375
2 0.7421875 0.67578125 0.04921875 0.03359375
2 0.78359375 0.67421875 0.0453125 0.03828125
2 0.8109375 0.7 0.0390625 0.0390625
2 0.846875 0.70859375 0.05234375 0.04140625
2 0.87890625 0.6796875 0.05078125 0.03828125
2 0.83046875 0.678125 0.05234375 0.03203125
2 0.7703125 0.70546875 0.053125 0.03828125
2 0.7265625 0.7125 0.05078125 0.0359375
2 0.696875 0.7203125 0.05234375 0.03828125
2 0.653125 0.7171875 0.05078125 0.0359375
2 0.728125 0.74609375 0.05859375 0.0390625
2 0.775 0.73984375 0.05859375 0.040625
2 0.8140625 0.73046875 0.06328125 0.0421875