2 0.58125 0.44609375 0.0390625 0.065625
2 0.48125 0.80625 0.04375 0.059375
2 0.46328125 0.71640625 0.040625 0.059375
2 0.48828125 0.5953125 0.0390625 0.05625
2 0.47890625 0.6546875 0.040625 0.0578125
2 0.6375 0.571875 0.034375 0.053125
2 0.49765625 0.74765625 0.040625 0.05625
2 0.66640625 0.66875 0.040625 0.05625
2 0.634375 0.6234375 0.0390625 0.053125
2 0.52890625 0.5109375 0.04375 0.06875
2 0.57109375 0.50234375 0.040625 0.05625
2 0.603125 0.5375 0.0390625 0.05625
2 0.56640625 0.5625 0.03125 0.065625
2 0.52578125 0.5734375 0.040625 0.065625
2 0.5203125 0.63046875 0.0390625 0.05625
2 0.5078125 0.6859375 0.040625 0.05625
2 0.55 0.6640625 0.0390625 0.053125
2 0.559375 0.61328125 0.03125 0.059375
2 0.59765625 0.590625 0.04375 0.059375
2 0.59375 0.64609375 0.04375 0.05
2 0.58046875 0.70234375 0.046875 0.0625
2 0.53984375 0.72109375 0.0390625 0.059375
2 0.52890625 0.78125 0.040625 0.059375
2 0.5671875 0.7546875 0.04375 0.065625
2 0.61015625 0.74375 0.04375 0.0625
2 0.6203125 0.6828125 0.040625 0.059375
2 0.65625 0.73671875 0.0390625 0.071875
2 0.684375 0.70390625 0.046875 0.065625
2 0.68828125 0.7671875 0.05 0.0625