0 0.61796875 0.675 0.0421875 0.05625
0 0.54453125 0.69140625 0.04375 0.06875
0 0.51171875 0.7140625 0.0375 0.053125
0 0.49921875 0.66015625 0.040625 0.065625
0 0.5296875 0.65 0.0375 0.0625
0 0.5765625 0.665625 0.046875 0.053125
0 0.59921875 0.6234375 0.046875 0.0625
0 0.5609375 0.61953125 0.0375 0.0609375
0 0.53125 0.59375 0.0359375 0.0609375
0 0.559375 0.56328125 0.0375 0.05625
0 0.5890625 0.5828125 0.046875 0.0609375
0 0.609375 0.53984375 0.0421875 0.0578125
0 0.571875 0.51484375 0.04375 0.0546875
0 0.52578125 0.54140625 0.0375 0.0546875
0 0.5328125 0.49375 0.0421875 0.05625
0 0.565625 0.47109375 0.04375 0.053125
0 0.60390625 0.48125 0.040625 0.0671875
0 0.6140625 0.43125 0.04375 0.065625
0 0.575 0.4203125 0.04375 0.0609375
0 0.54140625 0.44453125 0.040625 0.05625
0 0.54140625 0.3984375 0.0390625 0.05625
0 0.57421875 0.36796875 0.046875 0.05625
0 0.60625 0.3875 0.0375 0.059375
2 0.48359375 0.78203125 0.04375 0.0640625
2 0.45859375 0.75234375 0.0453125 0.0640625
2 0.49375 0.74140625 0.040625 0.0625
2 0.5328125 0.7515625 0.046875 0.065625
2 0.5671875 0.7203125 0.04375 0.05625
2 0.60859375 0.7203125 0.0515625 0.06875
2 0.65234375 0.728125 0.05 0.065625
2 0.68125 0.68515625 0.046875 0.05
2 0.6671875 0.6390625 0.053125 0.071875
2 0.6515625 0.5890625 0.046875 0.0609375
2 0.6390625 0.54453125 0.04375 0.05625
2 0.65078125 0.46328125 0.0484375 0.065625
2 0.63984375 0.4140625 0.04375 0.059375
2 0.63203125 0.36796875 0.05 0.065625
2 0.5828125 0.31796875 0.046875 0.0546875
2 0.5578125 0.24921875 0.046875 0.071875
2 0.53515625 0.31953125 0.04375 0.065625