2 0.49140625 0.665625 0.0234375 0.034375
2 0.509375 0.64453125 0.0265625 0.034375
2 0.5546875 0.53828125 0.028125 0.0375
2 0.72890625 0.4109375 0.0265625 0.034375
2 0.55 0.575 0.025 0.0375
2 0.725 0.44375 0.028125 0.0359375
2 0.71640625 0.52265625 0.028125 0.0375
2 0.5171875 0.67578125 0.025 0.034375
2 0.57421875 0.56328125 0.028125 0.0375
2 0.71328125 0.559375 0.028125 0.0375
2 0.63515625 0.6328125 0.028125 0.0375
2 0.60859375 0.65078125 0.028125 0.0359375
2 0.59765625 0.584375 0.028125 0.03125
2 0.57890625 0.528125 0.028125 0.0375
2 0.60234375 0.51484375 0.028125 0.0375
2 0.52578125 0.615625 0.028125 0.034375
2 0.5484375 0.609375 0.028125 0.0390625
2 0.53359375 0.64765625 0.0265625 0.0375
2 0.54296875 0.6796875 0.028125 0.0375
2 0.5578125 0.6515625 0.028125 0.0375
2 0.56796875 0.68359375 0.03125 0.04375
2 0.584375 0.66015625 0.028125 0.0390625
2 0.57109375 0.6296875 0.028125 0.0375
2 0.57265625 0.59453125 0.028125 0.0375
2 0.59453125 0.6203125 0.0265625 0.0421875
2 0.615625 0.6078125 0.028125 0.040625
2 0.60078125 0.55 0.028125 0.0359375
2 0.625 0.53828125 0.028125 0.0390625
2 0.6265625 0.5 0.0265625 0.040625
2 0.6203125 0.57265625 0.028125 0.0375
2 0.6421875 0.56171875 0.0265625 0.0375
2 0.640625 0.6 0.028125 0.0375
2 0.64765625 0.52421875 0.025 0.040625
2 0.6484375 0.4859375 0.028125 0.034375
2 0.66875 0.5078125 0.025 0.0375
2 0.665625 0.54765625 0.03125 0.040625
2 0.6625 0.584375 0.0328125 0.0375
2 0.659375 0.62421875 0.028125 0.0421875
2 0.6828125 0.6125 0.025 0.040625
2 0.68828125 0.571875 0.025 0.0375
2 0.7078125 0.6 0.0296875 0.04375
2 0.68984375 0.534375 0.0265625 0.040625
2 0.6953125 0.4984375 0.028125 0.0375
2 0.67578125 0.47265625 0.028125 0.0375
2 0.6578125 0.44921875 0.0265625 0.0375
2 0.68046875 0.4375 0.028125 0.040625
2 0.7046875 0.4265625 0.03125 0.046875
2 0.69921875 0.46171875 0.0265625 0.034375
2 0.721875 0.48203125 0.028125 0.0375