0 0.4234375 0.61953125 0.0484375 0.03515625
0 0.453125 0.665625 0.04765625 0.03515625
0 0.4796875 0.63984375 0.05 0.0359375
0 0.52578125 0.64140625 0.0453125 0.034375
0 0.553125 0.61875 0.04765625 0.03515625
0 0.5609375 0.65234375 0.0515625 0.04296875
0 0.53671875 0.6765625 0.0515625 0.0359375
0 0.49375 0.67109375 0.04765625 0.0390625
0 0.47109375 0.69921875 0.04296875 0.03515625
0 0.5109375 0.7046875 0.05 0.0359375
2 0.24296875 0.5171875 0.046875 0.03984375
2 0.278125 0.52734375 0.04296875 0.03671875
2 0.24453125 0.5515625 0.04765625 0.03515625
2 0.28828125 0.56015625 0.04296875 0.03671875
2 0.25703125 0.57734375 0.04140625 0.0328125
2 0.31171875 0.534375 0.046875 0.0375
2 0.33984375 0.54765625 0.04140625 0.0328125
2 0.31640625 0.5734375 0.04140625 0.0390625
2 0.2859375 0.596875 0.04765625 0.0375
2 0.3359375 0.6015625 0.03671875 0.025
2 0.35859375 0.5765625 0.05078125 0.04140625
2 0.38125 0.54765625 0.0515625 0.03828125
2 0.30625 0.62265625 0.0484375 0.03671875
2 0.334375 0.64140625 0.04453125 0.040625
2 0.371875 0.65234375 0.0484375 0.03359375
2 0.3953125 0.6640625 0.053125 0.0359375
2 0.3625 0.61875 0.040625 0.0359375
2 0.384375 0.59296875 0.05 0.040625
2 0.409375 0.56796875 0.05390625 0.03984375
2 0.44609375 0.571875 0.046875 0.0390625
2 0.42109375 0.59609375 0.0453125 0.0328125
2 0.45625 0.6171875 0.03828125 0.0390625
2 0.47890625 0.5890625 0.05 0.0390625
2 0.49140625 0.61953125 0.04453125 0.03125
2 0.51640625 0.58984375 0.046875 0.03984375
2 0.55859375 0.58984375 0.0546875 0.0359375
2 0.57421875 0.56171875 0.05546875 0.0375
2 0.60078125 0.58671875 0.04765625 0.0375
2 0.6203125 0.62109375 0.05078125 0.0359375
2 0.63359375 0.65390625 0.053125 0.03515625
2 0.5953125 0.64765625 0.05 0.040625
2 0.609375 0.6859375 0.053125 0.0390625
2 0.58046875 0.71171875 0.05546875 0.03671875
2 0.59765625 0.74609375 0.0515625 0.040625
2 0.56875 0.77109375 0.0546875 0.03828125
2 0.54921875 0.7390625 0.053125 0.03515625
2 0.5296875 0.7640625 0.0546875 0.040625
2 0.5125 0.73203125 0.04765625 0.0328125
2 0.48125 0.7578125 0.05703125 0.04296875
2 0.4734375 0.725 0.053125 0.03359375
2 0.44765625 0.746875 0.0484375 0.03984375
2 0.43984375 0.7171875 0.05 0.03671875
2 0.403125 0.70234375 0.0546875 0.03984375
2 0.36484375 0.690625 0.04140625 0.03515625
2 0.33671875 0.67890625 0.0515625 0.04140625
2 0.33046875 0.71015625 0.04765625 0.0359375
2 0.36875 0.721875 0.0546875 0.0421875
2 0.3734375 0.7546875 0.053125 0.03828125
2 0.40390625 0.73984375 0.05 0.028125
2 0.41640625 0.76484375 0.05546875 0.03984375
2 0.390625 0.78671875 0.0578125 0.03828125