0 0.3578125 0.65 0.03125 0.0265625
0 0.3859375 0.65859375 0.034375 0.025
0 0.4171875 0.62265625 0.0296875 0.028125
0 0.43984375 0.6078125 0.0359375 0.0265625
0 0.44140625 0.634375 0.034375 0.025
0 0.42578125 0.6515625 0.034375 0.03125
0 0.45546875 0.64921875 0.028125 0.025
0 0.471875 0.62890625 0.028125 0.03125
0 0.4890625 0.6125 0.03125 0.025
0 0.51875 0.625 0.028125 0.028125
0 0.54453125 0.6375 0.0296875 0.025
0 0.55234375 0.6171875 0.03125 0.028125
0 0.41171875 0.7 0.034375 0.028125
0 0.465625 0.690625 0.034375 0.028125
0 0.4828125 0.6734375 0.028125 0.028125
0 0.50390625 0.6859375 0.034375 0.03125
0 0.54765625 0.740625 0.0328125 0.028125
2 0.38203125 0.5921875 0.034375 0.0234375
2 0.3703125 0.61484375 0.040625 0.028125
2 0.35234375 0.63046875 0.040625 0.0296875
2 0.32734375 0.64921875 0.040625 0.028125
2 0.3015625 0.6640625 0.034375 0.03125
2 0.32734375 0.67890625 0.034375 0.03125
2 0.4421875 0.70703125 0.034375 0.028125
2 0.42578125 0.67734375 0.0375 0.028125
2 0.3875 0.68125 0.040625 0.028125
2 0.36015625 0.67109375 0.0375 0.0265625
2 0.43125 0.59140625 0.0328125 0.025
2 0.42578125 0.56953125 0.034375 0.0265625
2 0.45 0.55703125 0.034375 0.028125
2 0.459375 0.5796875 0.03125 0.028125
2 0.48984375 0.575 0.03125 0.0265625
2 0.51640625 0.5890625 0.03125 0.028125
2 0.540625 0.57890625 0.03125 0.025
2 0.56953125 0.5890625 0.03125 0.025
2 0.59765625 0.63671875 0.04375 0.034375
2 0.5875 0.66015625 0.028125 0.028125
2 0.559375 0.665625 0.0375 0.028125
2 0.53203125 0.67578125 0.0296875 0.028125
2 0.48359375 0.6484375 0.034375 0.025
2 0.50546875 0.640625 0.034375 0.021875
2 0.53046875 0.6515625 0.03125 0.028125
2 0.50234375 0.66328125 0.034375 0.025
2 0.55625 0.69296875 0.034375 0.03125
2 0.58203125 0.68203125 0.03125 0.028125
2 0.61640625 0.6796875 0.0375 0.0265625
2 0.6125 0.70234375 0.04375 0.028125
2 0.57734375 0.7109375 0.0390625 0.028125
2 0.55 0.7140625 0.0359375 0.025
2 0.5015625 0.71640625 0.034375 0.028125
2 0.47578125 0.72890625 0.0375 0.028125
2 0.43828125 0.7375 0.040625 0.028125
2 0.5890625 0.7671875 0.0375 0.03125
2 0.6265625 0.78203125 0.0375 0.03125
2 0.59296875 0.72578125 0.034375 0.03125
2 0.62734375 0.7265625 0.0375 0.034375