2 0.484375 0.42109375 0.0296875 0.040625
2 0.50859375 0.41796875 0.0296875 0.040625
2 0.49921875 0.45078125 0.0265625 0.0390625
2 0.5265625 0.396875 0.028125 0.04375
2 0.55 0.39140625 0.03125 0.04375
2 0.57265625 0.3765625 0.028125 0.04375
2 0.596875 0.3703125 0.03125 0.04375
2 0.64140625 0.38984375 0.03125 0.0421875
2 0.66875 0.38828125 0.03125 0.0421875
2 0.70078125 0.39609375 0.0359375 0.04375
2 0.70703125 0.43515625 0.0328125 0.04375
2 0.70234375 0.47109375 0.034375 0.0453125
2 0.68984375 0.50390625 0.034375 0.04375
2 0.66640625 0.49921875 0.0328125 0.040625
2 0.66640625 0.53671875 0.0328125 0.0421875
2 0.640625 0.53671875 0.034375 0.0421875
2 0.615625 0.546875 0.028125 0.0390625
2 0.58515625 0.59140625 0.03125 0.0375
2 0.56171875 0.60703125 0.028125 0.040625
2 0.5359375 0.609375 0.028125 0.0375
2 0.52109375 0.5796875 0.028125 0.0453125
2 0.5015625 0.5515625 0.0265625 0.040625
2 0.50859375 0.51328125 0.028125 0.0421875
2 0.5140625 0.4828125 0.028125 0.0421875
0 0.5296875 0.4375 0.0265625 0.040625
0 0.56171875 0.43984375 0.028125 0.0375
0 0.55390625 0.47578125 0.025 0.0375
0 0.54609375 0.503125 0.0265625 0.0375
0 0.5359375 0.53671875 0.025 0.0375
0 0.56015625 0.5375 0.028125 0.034375
0 0.55546875 0.56875 0.0296875 0.0390625
0 0.56796875 0.50390625 0.0234375 0.034375
0 0.58671875 0.53828125 0.025 0.0375
0 0.5921875 0.49921875 0.03125 0.0421875
0 0.5765625 0.47109375 0.025 0.0375
0 0.590625 0.42890625 0.028125 0.0390625
0 0.5984375 0.4578125 0.028125 0.0390625
0 0.61171875 0.41484375 0.028125 0.0375
0 0.62421875 0.4453125 0.028125 0.0375
0 0.6171875 0.490625 0.0265625 0.0421875
0 0.63984375 0.475 0.028125 0.0390625
0 0.6421875 0.42578125 0.0296875 0.040625
0 0.66171875 0.44140625 0.0328125 0.040625