0 0.65546875 0.63984375 0.015625 0.0140625
0 0.659375 0.6515625 0.015625 0.0109375
0 0.646875 0.6453125 0.015625 0.0125
0 0.646875 0.65546875 0.015625 0.0125
0 0.65703125 0.66171875 0.015625 0.0125
2 0.66953125 0.6078125 0.0203125 0.015625
2 0.68515625 0.6109375 0.021875 0.0140625
2 0.6890625 0.61875 0.01875 0.0125
2 0.68203125 0.6296875 0.0171875 0.0125
2 0.7015625 0.63203125 0.0171875 0.0125
2 0.70859375 0.6421875 0.021875 0.0140625
2 0.69296875 0.63828125 0.0125 0.0125
2 0.684375 0.64609375 0.0171875 0.0125
2 0.67578125 0.63984375 0.015625 0.009375
2 0.6734375 0.62109375 0.01875 0.0125
2 0.66875 0.63046875 0.015625 0.0125
2 0.65859375 0.62265625 0.0125 0.0109375
2 0.64609375 0.625 0.015625 0.0125
2 0.63203125 0.62578125 0.015625 0.0109375
2 0.63828125 0.63515625 0.0140625 0.0125
2 0.62578125 0.634375 0.01875 0.0125
2 0.634375 0.64453125 0.015625 0.0125
2 0.6203125 0.64453125 0.01875 0.0109375
2 0.6296875 0.65546875 0.015625 0.0125
2 0.6125 0.653125 0.015625 0.009375
2 0.68125 0.6578125 0.0171875 0.0125
2 0.6828125 0.6671875 0.015625 0.0125
2 0.66953125 0.6625 0.0171875 0.0109375
2 0.66484375 0.66953125 0.015625 0.0125
2 0.66015625 0.68046875 0.015625 0.0109375
2 0.65703125 0.69140625 0.015625 0.0125
2 0.6484375 0.67265625 0.015625 0.0125
2 0.64609375 0.68359375 0.01875 0.0125
2 0.6390625 0.69453125 0.0203125 0.0140625
2 0.63515625 0.6765625 0.0171875 0.0125
2 0.62890625 0.68515625 0.0203125 0.0109375
2 0.6265625 0.6671875 0.0171875 0.0125
2 0.61875 0.67578125 0.015625 0.0125
2 0.6109375 0.6640625 0.015625 0.0125
2 0.59375 0.66171875 0.01875 0.0125
2 0.58828125 0.66953125 0.01875 0.0109375
2 0.5859375 0.67734375 0.01875 0.009375
2 0.603125 0.678125 0.01875 0.0125
2 0.61171875 0.68984375 0.01875 0.0140625
2 0.5953125 0.68828125 0.021875 0.0125