2 0.45 0.57109375 0.025 0.0265625
2 0.290625 0.5859375 0.0296875 0.021875
2 0.34609375 0.57578125 0.028125 0.021875
2 0.51875 0.58046875 0.028125 0.025
2 0.42265625 0.57578125 0.028125 0.021875
2 0.36875 0.58515625 0.0296875 0.021875
2 0.39921875 0.5828125 0.028125 0.021875
2 0.32265625 0.584375 0.028125 0.021875
2 0.46640625 0.58828125 0.028125 0.021875
2 0.29609375 0.62265625 0.0296875 0.0234375
2 0.4671875 0.6484375 0.0265625 0.0203125
2 0.275 0.60859375 0.0296875 0.021875
2 0.2453125 0.6078125 0.028125 0.0203125
2 0.48671875 0.60625 0.028125 0.021875
2 0.5015625 0.62578125 0.028125 0.021875
2 0.32421875 0.61640625 0.028125 0.021875
2 0.36171875 0.60703125 0.028125 0.021875
2 0.3109375 0.6015625 0.03125 0.021875
2 0.475 0.62734375 0.03125 0.021875
2 0.45859375 0.6078125 0.0296875 0.0234375
2 0.4796875 0.66328125 0.0296875 0.021875
2 0.3375 0.59765625 0.03125 0.021875
2 0.42265625 0.63515625 0.03125 0.021875
2 0.403125 0.61875 0.028125 0.021875
2 0.375 0.62109375 0.0296875 0.021875
2 0.51015625 0.6015625 0.0265625 0.021875
2 0.43203125 0.6125 0.0296875 0.0234375
2 0.4421875 0.64765625 0.0296875 0.021875
2 0.3953125 0.64453125 0.028125 0.021875
2 0.41796875 0.59765625 0.028125 0.0234375
2 0.45 0.628125 0.028125 0.021875
2 0.44375 0.59140625 0.0265625 0.01875