2 0.509375 0.56328125 0.015625 0.0125
2 0.5765625 0.54765625 0.0171875 0.0125
2 0.4953125 0.56875 0.015625 0.0125
2 0.5984375 0.5625 0.0171875 0.0125
2 0.5078125 0.57578125 0.015625 0.0125
2 0.5546875 0.58671875 0.015625 0.0125
2 0.56171875 0.5484375 0.01875 0.0125
2 0.58046875 0.57734375 0.0171875 0.0125
2 0.471875 0.57890625 0.01875 0.0140625
2 0.5859375 0.55625 0.0171875 0.015625
2 0.52421875 0.5984375 0.01875 0.0125
2 0.540625 0.59296875 0.01875 0.0125
2 0.46328125 0.59921875 0.015625 0.0125
2 0.509375 0.60234375 0.015625 0.0125
2 0.52734375 0.56640625 0.01875 0.0140625
2 0.47734375 0.60390625 0.01875 0.0140625
2 0.4875 0.58671875 0.01875 0.015625
2 0.5453125 0.55234375 0.01875 0.0125
2 0.58203125 0.56640625 0.0140625 0.0125
2 0.56953125 0.559375 0.015625 0.0125
2 0.55546875 0.5609375 0.015625 0.0140625
2 0.5421875 0.56484375 0.0125 0.0140625
2 0.521875 0.575 0.015625 0.0125
2 0.4984375 0.5796875 0.015625 0.0125
2 0.484375 0.575 0.015625 0.0125
2 0.47421875 0.59140625 0.015625 0.0140625
2 0.4875 0.5984375 0.01875 0.0125
2 0.503125 0.59296875 0.01875 0.0125
2 0.5140625 0.5859375 0.01875 0.0125
2 0.53046875 0.5859375 0.0171875 0.0125
2 0.5421875 0.5796875 0.01875 0.0125
2 0.5515625 0.57421875 0.015625 0.0125
2 0.5671875 0.571875 0.015625 0.0140625