2 0.32734375 0.4953125 0.04453125 0.0296875
2 0.25078125 0.50078125 0.05625 0.040625
2 0.29453125 0.515625 0.05390625 0.0375
2 0.25703125 0.53671875 0.04921875 0.03359375
2 0.21953125 0.55625 0.0421875 0.046875
2 0.40234375 0.48046875 0.04296875 0.0375
2 0.36796875 0.496875 0.03828125 0.03359375
2 0.3 0.54765625 0.04453125 0.03828125
2 0.26015625 0.57109375 0.04375 0.03125
2 0.3015625 0.58125 0.04609375 0.03359375
2 0.33984375 0.5578125 0.04609375 0.034375
2 0.37265625 0.53359375 0.04765625 0.03359375
2 0.409375 0.5140625 0.040625 0.03359375
2 0.44453125 0.496875 0.03984375 0.0359375
2 0.4359375 0.4640625 0.04609375 0.03828125
2 0.4671875 0.44765625 0.04765625 0.03984375
2 0.47578125 0.4828125 0.0390625 0.03828125
2 0.5078125 0.46328125 0.03984375 0.034375
2 0.50625 0.43125 0.04453125 0.03828125
2 0.5421875 0.42421875 0.0421875 0.0390625
2 0.546875 0.4578125 0.04375 0.03828125
2 0.5140625 0.49765625 0.0421875 0.03828125
2 0.48046875 0.515625 0.04609375 0.03828125
2 0.4453125 0.53203125 0.0421875 0.03359375
2 0.41171875 0.5484375 0.04453125 0.03359375
2 0.37734375 0.5640625 0.04453125 0.03515625
2 0.44921875 0.565625 0.0453125 0.03515625
2 0.628125 0.49609375 0.04609375 0.034375
2 0.55234375 0.49375 0.04453125 0.0328125
2 0.38203125 0.6078125 0.0484375 0.03671875
2 0.415625 0.58203125 0.04609375 0.03515625
2 0.5203125 0.56875 0.04609375 0.03671875
2 0.48515625 0.58671875 0.04765625 0.03671875
2 0.63828125 0.57578125 0.05 0.03828125
2 0.55703125 0.5265625 0.0484375 0.03515625
2 0.65625 0.44453125 0.04296875 0.03203125
2 0.35 0.628125 0.0515625 0.0375
2 0.69453125 0.45859375 0.046875 0.03515625
2 0.5953125 0.51171875 0.04609375 0.034375
2 0.490625 0.62578125 0.04765625 0.0375
2 0.628125 0.5375 0.04609375 0.034375
2 0.6609375 0.521875 0.04296875 0.0328125
2 0.5984375 0.58359375 0.04765625 0.0375
2 0.70625 0.540625 0.046875 0.03671875
2 0.559375 0.56328125 0.046875 0.03671875
2 0.7390625 0.5203125 0.04375 0.0328125
2 0.696875 0.5046875 0.0484375 0.0375
2 0.584375 0.47734375 0.05078125 0.0375
2 0.7234375 0.4828125 0.0453125 0.03359375
2 0.5625 0.6 0.0484375 0.03828125
2 0.671875 0.559375 0.04921875 0.0375
2 0.584375 0.44296875 0.04375 0.03125
2 0.525 0.6078125 0.046875 0.0359375
2 0.62109375 0.4625 0.04296875 0.03125
2 0.778125 0.54453125 0.046875 0.03515625
2 0.8515625 0.46328125 0.04921875 0.0359375
2 0.5703125 0.634375 0.046875 0.03515625
2 0.82265625 0.4890625 0.053125 0.0375
2 0.60546875 0.659375 0.04765625 0.0359375
2 0.69609375 0.42421875 0.04453125 0.03359375
2 0.68125 0.63125 0.04921875 0.03671875
2 0.30625 0.6171875 0.04765625 0.03359375
2 0.45703125 0.63828125 0.046875 0.03515625
2 0.7703125 0.42734375 0.0453125 0.03515625
2 0.615625 0.42578125 0.04375 0.03359375
2 0.49609375 0.66171875 0.0453125 0.034375
2 0.77734375 0.50625 0.04296875 0.03125
2 0.56875 0.67109375 0.0453125 0.03359375
2 0.65390625 0.41015625 0.046875 0.03359375
2 0.7171875 0.61875 0.04765625 0.0375
2 0.30625 0.6515625 0.05234375 0.03671875
2 0.2640625 0.6046875 0.05 0.03671875
2 0.86015625 0.50078125 0.046875 0.034375
2 0.484375 0.54765625 0.0453125 0.034375
2 0.803125 0.45078125 0.04375 0.03359375
2 0.85390625 0.5359375 0.04375 0.034375
2 0.73203125 0.41015625 0.0484375 0.03671875
2 0.82578125 0.55546875 0.04609375 0.03515625
2 0.59453125 0.546875 0.04609375 0.03515625
2 0.4515625 0.60625 0.04765625 0.03671875
2 0.746875 0.56171875 0.04921875 0.03671875
2 0.5796875 0.40546875 0.04609375 0.0328125
2 0.7125 0.57890625 0.04296875 0.03359375
2 0.35 0.659375 0.0484375 0.03515625
2 0.76875 0.471875 0.0484375 0.0375
2 0.675 0.59296875 0.04296875 0.03359375
2 0.56953125 0.42421875 0.0546875 0.0390625
2 0.72265625 0.64765625 0.04609375 0.0359375
2 0.79296875 0.57578125 0.04453125 0.034375
2 0.640625 0.64765625 0.04921875 0.03671875
2 0.6640625 0.4765625 0.0484375 0.03671875
2 0.5328125 0.64765625 0.046875 0.03515625
2 0.68359375 0.6671875 0.04296875 0.03359375
2 0.41875 0.621875 0.04375 0.0359375
2 0.60234375 0.62421875 0.0484375 0.0359375
2 0.534375 0.6859375 0.0484375 0.03515625
2 0.6078125 0.7 0.04453125 0.034375
2 0.75703125 0.59296875 0.046875 0.0359375
2 0.38515625 0.6375 0.0484375 0.03671875
2 0.64453125 0.6859375 0.04453125 0.03359375
2 0.5640625 0.71015625 0.0453125 0.0359375
2 0.490625 0.696875 0.04609375 0.0359375
2 0.5171875 0.53359375 0.04296875 0.034375
2 0.3109375 0.690625 0.0578125 0.04375
2 0.73515625 0.4453125 0.04296875 0.03515625
2 0.5234375 0.7171875 0.0484375 0.03359375
2 0.8140625 0.52265625 0.03359375 0.02421875
2 0.34375 0.59296875 0.04453125 0.0328125
2 0.34453125 0.6984375 0.05234375 0.040625
2 0.45 0.7046875 0.04453125 0.0296875