2 0.6515625 0.3953125 0.01875 0.021875
2 0.66640625 0.41015625 0.01875 0.0234375
2 0.51875 0.60234375 0.0171875 0.021875
2 0.5171875 0.62421875 0.0171875 0.021875
2 0.5328125 0.53203125 0.01875 0.025
2 0.66796875 0.3890625 0.01875 0.021875
2 0.51953125 0.5796875 0.0171875 0.021875
2 0.68125 0.4046875 0.01875 0.025
2 0.7296875 0.3609375 0.01875 0.021875
2 0.7125 0.3609375 0.01875 0.021875
2 0.5390625 0.5140625 0.01875 0.025
2 0.74609375 0.359375 0.01875 0.025
2 0.54921875 0.53203125 0.0171875 0.021875
2 0.52734375 0.55546875 0.0171875 0.021875
2 0.734375 0.33828125 0.01875 0.025
2 0.69609375 0.396875 0.0171875 0.021875
2 0.72578125 0.384375 0.01875 0.021875
2 0.5515625 0.5671875 0.0171875 0.021875
2 0.55859375 0.55 0.0171875 0.021875
2 0.7109375 0.3859375 0.015625 0.021875
2 0.53046875 0.6375 0.0171875 0.01875
2 0.54921875 0.58828125 0.015625 0.021875
2 0.7421875 0.38359375 0.01875 0.021875
2 0.53984375 0.5484375 0.01875 0.021875
2 0.5453125 0.60859375 0.0171875 0.0234375
2 0.53671875 0.575 0.0171875 0.021875
2 0.68359375 0.38203125 0.01875 0.021875
2 0.540625 0.65546875 0.015625 0.0234375
2 0.6984375 0.37265625 0.01875 0.021875
2 0.54375 0.6265625 0.015625 0.021875
2 0.53203125 0.6171875 0.0171875 0.021875
2 0.5328125 0.5953125 0.015625 0.021875