0 0.46171875 0.3421875 0.021875 0.03125
0 0.48125 0.34296875 0.021875 0.025
0 0.47734375 0.36484375 0.021875 0.0296875
0 0.48125 0.39140625 0.021875 0.028125
0 0.49453125 0.378125 0.0234375 0.028125
0 0.50078125 0.35078125 0.021875 0.03125
0 0.51484375 0.365625 0.025 0.028125
0 0.51171875 0.39375 0.0234375 0.028125
0 0.50078125 0.4109375 0.0234375 0.028125
0 0.48671875 0.4296875 0.025 0.028125
0 0.4890625 0.471875 0.021875 0.03125
0 0.51796875 0.41953125 0.0203125 0.03125
0 0.53203125 0.40703125 0.021875 0.03125
0 0.53203125 0.38203125 0.021875 0.03125
0 0.546875 0.3640625 0.021875 0.028125
0 0.5515625 0.3890625 0.028125 0.03125
0 0.53671875 0.3421875 0.025 0.034375
2 0.56640625 0.3265625 0.025 0.034375
2 0.55546875 0.30078125 0.01875 0.034375
2 0.540625 0.3203125 0.0234375 0.025
2 0.5265625 0.2953125 0.025 0.03125
2 0.5203125 0.31875 0.0203125 0.025
0 0.51484375 0.33828125 0.01875 0.021875
2 0.50625 0.29296875 0.021875 0.025
2 0.5 0.3125 0.025 0.028125
2 0.47734375 0.30390625 0.025 0.03125
2 0.46640625 0.3203125 0.025 0.025
2 0.484375 0.32890625 0.01875 0.015625
2 0.55078125 0.34453125 0.021875 0.025
2 0.55859375 0.40703125 0.025 0.028125
2 0.5421875 0.42421875 0.021875 0.025
2 0.52578125 0.440625 0.025 0.0265625
2 0.51484375 0.4609375 0.025 0.03125
2 0.48984375 0.45078125 0.025 0.025
2 0.496875 0.48828125 0.021875 0.028125
2 0.47578125 0.503125 0.025 0.03125
2 0.4734375 0.47890625 0.01875 0.028125
2 0.46875 0.45390625 0.021875 0.03125
2 0.465625 0.403125 0.01875 0.028125
2 0.45234375 0.41953125 0.021875 0.028125
2 0.45 0.37265625 0.021875 0.0328125
2 0.44609375 0.39921875 0.021875 0.03125
2 0.43203125 0.359375 0.025 0.0296875
2 0.42890625 0.38671875 0.025 0.028125
2 0.43125 0.4109375 0.025 0.0265625
2 0.428125 0.43671875 0.0265625 0.028125
2 0.44921875 0.44453125 0.021875 0.025
2 0.45546875 0.46640625 0.025 0.0265625
2 0.45546875 0.49375 0.021875 0.03125
2 0.43203125 0.459375 0.028125 0.034375
2 0.4359375 0.48671875 0.0234375 0.03125
2 0.3828125 0.459375 0.025 0.034375
2 0.38046875 0.48671875 0.025 0.028125
2 0.39296875 0.50625 0.021875 0.0328125
2 0.37578125 0.52109375 0.025 0.03125
2 0.3609375 0.5015625 0.025 0.03125
2 0.359375 0.47578125 0.025 0.0328125
2 0.3515625 0.51796875 0.025 0.0296875
2 0.36484375 0.540625 0.0234375 0.028125
2 0.3453125 0.540625 0.025 0.03125