2 0.75625 0.528125 0.01875 0.0140625
2 0.76640625 0.5375 0.021875 0.015625
2 0.77421875 0.5484375 0.01875 0.015625
2 0.77421875 0.5625 0.021875 0.015625
2 0.759375 0.55234375 0.01875 0.015625
2 0.75859375 0.565625 0.0203125 0.015625
2 0.74453125 0.553125 0.01875 0.015625
2 0.74921875 0.5390625 0.01875 0.015625
2 0.73671875 0.5265625 0.0203125 0.0171875
2 0.7203125 0.51796875 0.021875 0.015625
2 0.721875 0.5328125 0.021875 0.015625
2 0.7328125 0.5421875 0.01875 0.0140625
2 0.71484375 0.5453125 0.021875 0.015625
2 0.72734375 0.55390625 0.021875 0.0140625
2 0.7390625 0.56640625 0.01875 0.0140625
2 0.721875 0.56796875 0.0203125 0.015625
2 0.70859375 0.5578125 0.0171875 0.015625
2 0.696875 0.5484375 0.01875 0.015625
2 0.70078125 0.5390625 0.01875 0.015625
2 0.70390625 0.52578125 0.01875 0.015625
2 0.68984375 0.51640625 0.0203125 0.0171875
2 0.6875 0.528125 0.01875 0.015625
2 0.68203125 0.53984375 0.0203125 0.015625
2 0.67109375 0.53046875 0.01875 0.015625
2 0.65546875 0.52109375 0.01875 0.015625
2 0.659375 0.5078125 0.01875 0.015625
2 0.671875 0.51640625 0.01875 0.0140625
2 0.63984375 0.509375 0.021875 0.015625
2 0.63828125 0.52421875 0.01875 0.0140625
2 0.65234375 0.534375 0.01875 0.0140625
2 0.66484375 0.54375 0.0203125 0.015625
2 0.67890625 0.553125 0.021875 0.015625
2 0.69140625 0.56171875 0.0203125 0.0125
2 0.703125 0.57265625 0.021875 0.015625
2 0.68515625 0.57265625 0.01875 0.0140625
2 0.68515625 0.58515625 0.025 0.0171875
2 0.67109375 0.57578125 0.0203125 0.015625
2 0.67265625 0.5640625 0.021875 0.0125
2 0.6609375 0.5546875 0.01875 0.015625
2 0.6453125 0.54453125 0.021875 0.01875
2 0.63046875 0.53671875 0.0203125 0.0125
2 0.62734375 0.5515625 0.0203125 0.015625
2 0.6109375 0.53984375 0.021875 0.015625
2 0.60859375 0.553125 0.01875 0.015625
2 0.63984375 0.55859375 0.021875 0.015625
2 0.65546875 0.56796875 0.01875 0.0125
2 0.6390625 0.57265625 0.01875 0.015625
2 0.65390625 0.58046875 0.01875 0.015625
2 0.63828125 0.584375 0.01875 0.0125
2 0.66953125 0.5890625 0.0234375 0.015625
2 0.65078125 0.59375 0.01875 0.0125
2 0.66953125 0.6015625 0.01875 0.0125
2 0.65703125 0.61015625 0.01875 0.015625
2 0.65859375 0.621875 0.021875 0.015625
2 0.640625 0.60546875 0.01875 0.015625
2 0.63515625 0.61796875 0.021875 0.015625
2 0.6296875 0.59609375 0.01875 0.015625
2 0.61484375 0.58984375 0.01875 0.0140625
2 0.621875 0.5796875 0.01875 0.015625
2 0.62265625 0.5640625 0.01875 0.0125
2 0.60703125 0.56640625 0.01875 0.015625
2 0.59140625 0.55703125 0.0203125 0.015625
2 0.5890625 0.54453125 0.01875 0.015625
2 0.575 0.5515625 0.01875 0.015625
2 0.590625 0.57109375 0.021875 0.0125
2 0.60546875 0.5796875 0.01875 0.015625
2 0.58359375 0.58125 0.021875 0.0125
2 0.59609375 0.59140625 0.01875 0.0125
2 0.6078125 0.6015625 0.021875 0.0125
2 0.62265625 0.6078125 0.01875 0.0125
2 0.61796875 0.61953125 0.01875 0.015625
2 0.603125 0.6140625 0.01875 0.015625
2 0.5875 0.61796875 0.01875 0.015625
0 0.578125 0.60625 0.021875 0.0125
2 0.565625 0.5828125 0.021875 0.0171875
2 0.55 0.57578125 0.0203125 0.015625
2 0.5375 0.565625 0.0203125 0.0125
2 0.53203125 0.57734375 0.01875 0.015625
2 0.5171875 0.56796875 0.021875 0.0125
2 0.5140625 0.5796875 0.01875 0.0125
2 0.5296875 0.5890625 0.01875 0.0140625
2 0.546875 0.5890625 0.01875 0.0140625
2 0.56328125 0.5984375 0.01875 0.0125
2 0.55625 0.6109375 0.01875 0.015625
2 0.57109375 0.61640625 0.021875 0.0125
2 0.56875 0.6265625 0.01875 0.015625
2 0.584375 0.63125 0.0234375 0.015625
2 0.5671875 0.6390625 0.01875 0.015625
2 0.55 0.63671875 0.0203125 0.015625
2 0.553125 0.6234375 0.015625 0.015625
2 0.5375 0.62578125 0.01875 0.015625
2 0.540625 0.61328125 0.01875 0.015625
2 0.5453125 0.6015625 0.0171875 0.015625
2 0.52890625 0.603125 0.021875 0.015625
2 0.52578125 0.615625 0.01875 0.015625
2 0.5203125 0.6296875 0.01875 0.015625
2 0.53515625 0.6390625 0.021875 0.0125
2 0.52421875 0.6484375 0.0203125 0.015625
2 0.51328125 0.640625 0.021875 0.015625
2 0.4953125 0.6296875 0.021875 0.0140625
2 0.5078125 0.61796875 0.01875 0.0171875
2 0.51171875 0.60625 0.01875 0.015625
2 0.5140625 0.5921875 0.01875 0.015625
2 0.49765625 0.5875 0.01875 0.0125
2 0.49765625 0.571875 0.01875 0.015625
2 0.48203125 0.578125 0.01875 0.015625
2 0.47890625 0.58828125 0.01875 0.015625
2 0.496875 0.5984375 0.01875 0.015625
2 0.48125 0.603125 0.021875 0.015625
2 0.4953125 0.61171875 0.021875 0.0125