2 0.40625 0.64140625 0.021875 0.0171875
2 0.4203125 0.65546875 0.02265625 0.01796875
2 0.60859375 0.51171875 0.02265625 0.0171875
2 0.6296875 0.51015625 0.021875 0.01640625
2 0.5390625 0.52578125 0.02421875 0.01796875
2 0.4 0.6578125 0.02265625 0.01796875
2 0.58671875 0.5125 0.021875 0.0171875
2 0.415625 0.6703125 0.0234375 0.01796875
2 0.37265625 0.71796875 0.021875 0.01796875
2 0.37265625 0.7015625 0.0203125 0.01796875
2 0.521875 0.53125 0.0234375 0.01875
2 0.37109375 0.73359375 0.0234375 0.01875
2 0.5390625 0.54140625 0.02109375 0.01640625
2 0.5625 0.5203125 0.02109375 0.01640625
2 0.35 0.721875 0.02421875 0.01875
2 0.4078125 0.68515625 0.02265625 0.0171875
2 0.39453125 0.7140625 0.02265625 0.0171875
2 0.57421875 0.54375 0.02109375 0.0171875
2 0.5578125 0.55078125 0.021875 0.01640625
2 0.396875 0.69921875 0.02109375 0.015625
2 0.6421875 0.52265625 0.01875 0.01640625
2 0.59453125 0.54140625 0.021875 0.01640625
2 0.39453125 0.7296875 0.021875 0.01875
2 0.55546875 0.53203125 0.02109375 0.01796875
2 0.6140625 0.5375 0.02265625 0.01640625
2 0.58203125 0.52890625 0.021875 0.01640625
2 0.39296875 0.67265625 0.02109375 0.01796875
2 0.66015625 0.5328125 0.02265625 0.015625
2 0.384375 0.68671875 0.021875 0.01875
2 0.63203125 0.5359375 0.02109375 0.015625
2 0.62265625 0.52421875 0.021875 0.0171875
2 0.6015625 0.52578125 0.02109375 0.015625