2 0.6140625 0.609375 0.06875 0.0609375
2 0.61015625 0.546875 0.059375 0.0484375
2 0.60390625 0.68359375 0.065625 0.05
2 0.5640625 0.64375 0.065625 0.05625
2 0.334375 0.61171875 0.0625 0.0515625
2 0.60625 0.73203125 0.06875 0.05625
2 0.515625 0.67265625 0.06875 0.05625
2 0.4140625 0.675 0.06875 0.05
2 0.58671875 0.50078125 0.06875 0.05
2 0.453125 0.58984375 0.065625 0.0515625
2 0.56796875 0.45 0.0625 0.053125
2 0.51484375 0.61796875 0.06875 0.0515625
2 0.54609375 0.53828125 0.0671875 0.05
2 0.5046875 0.74453125 0.071875 0.0546875
2 0.52734375 0.49140625 0.0625 0.05
2 0.45703125 0.41640625 0.06875 0.053125
2 0.32734375 0.4734375 0.065625 0.0484375
2 0.56328125 0.76953125 0.065625 0.053125
2 0.36171875 0.43359375 0.06875 0.05
2 0.32109375 0.56640625 0.06875 0.053125
2 0.5953125 0.41328125 0.0625 0.0484375
2 0.4578125 0.70625 0.0625 0.05
2 0.56796875 0.5828125 0.059375 0.05
2 0.434375 0.546875 0.0625 0.05
2 0.41015625 0.6125 0.0671875 0.05625
2 0.55234375 0.71640625 0.0609375 0.053125
2 0.5359375 0.39453125 0.065625 0.046875
2 0.46796875 0.47890625 0.06875 0.0515625
2 0.30625 0.51953125 0.059375 0.046875
2 0.48203125 0.5234375 0.0671875 0.05
2 0.3828125 0.575 0.0578125 0.053125
2 0.51015625 0.56328125 0.06875 0.05
2 0.41484375 0.45 0.059375 0.05
2 0.4203125 0.49609375 0.0625 0.053125
2 0.503125 0.44453125 0.0625 0.040625
2 0.3671875 0.521875 0.0640625 0.046875
2 0.60546875 0.81640625 0.084375 0.0625
2 0.46171875 0.63984375 0.0625 0.0515625