2 0.56328125 0.596875 0.05 0.0375
2 0.60546875 0.6046875 0.04375 0.04375
2 0.5765625 0.62265625 0.046875 0.0359375
2 0.61796875 0.6375 0.05 0.040625
2 0.58046875 0.65625 0.046875 0.0375
2 0.625 0.66640625 0.0484375 0.034375
2 0.6140625 0.6953125 0.046875 0.034375
2 0.57109375 0.6875 0.053125 0.0375
2 0.54296875 0.7046875 0.05 0.0421875
2 0.56796875 0.728125 0.04375 0.0375
2 0.6 0.721875 0.053125 0.040625
2 0.53203125 0.61171875 0.046875 0.0375
2 0.53828125 0.64375 0.05 0.040625
2 0.45546875 0.615625 0.046875 0.0375
2 0.39765625 0.56640625 0.0515625 0.0390625
2 0.384375 0.63828125 0.046875 0.0390625
2 0.35 0.65546875 0.040625 0.034375
2 0.3390625 0.684375 0.053125 0.0421875
2 0.38203125 0.68046875 0.040625 0.040625
2 0.403125 0.69453125 0.04375 0.0390625
2 0.43359375 0.70546875 0.0375 0.0390625
2 0.48671875 0.634375 0.040625 0.040625
2 0.48984375 0.703125 0.046875 0.040625
0 0.45625 0.6765625 0.053125 0.0375
0 0.46484375 0.653125 0.040625 0.0328125
0 0.50078125 0.66796875 0.04375 0.0375