0 0.2234375 0.71015625 0.02421875 0.01875
2 0.22265625 0.64921875 0.02265625 0.01875
2 0.215625 0.6640625 0.0234375 0.01796875
2 0.2390625 0.65859375 0.02421875 0.01875
2 0.23203125 0.6734375 0.0265625 0.01796875
2 0.20625 0.678125 0.02421875 0.01875
2 0.22109375 0.68671875 0.02265625 0.01796875
2 0.24921875 0.68359375 0.02578125 0.01875
2 0.23515625 0.6953125 0.02421875 0.01796875
2 0.19609375 0.6921875 0.02578125 0.01640625
2 0.19375 0.70625 0.025 0.0171875
2 0.19296875 0.72421875 0.02890625 0.01875
2 0.2078125 0.734375 0.02421875 0.01875
2 0.22734375 0.74140625 0.02734375 0.01796875
2 0.23046875 0.7265625 0.02265625 0.01796875
2 0.24921875 0.7203125 0.028125 0.01875
2 0.25390625 0.70546875 0.02734375 0.01796875
1 0.496875 0.546875 0.021875 0.01796875
1 0.51015625 0.53828125 0.02109375 0.0171875
1 0.5296875 0.5421875 0.02421875 0.01640625
1 0.51484375 0.553125 0.0234375 0.015625
0 0.3640625 0.54765625 0.021875 0.01640625
0 0.38125 0.5484375 0.021875 0.01796875
0 0.3984375 0.55078125 0.0203125 0.01640625
0 0.3828125 0.565625 0.0234375 0.0171875
0 0.39375 0.578125 0.0203125 0.015625
0 0.41015625 0.5828125 0.021875 0.015625
0 0.4078125 0.565625 0.0234375 0.0171875
0 0.42421875 0.5671875 0.01953125 0.01875
0 0.4421875 0.56875 0.021875 0.01796875
0 0.41875 0.55234375 0.02265625 0.01875
0 0.4359375 0.55546875 0.01953125 0.01640625
0 0.45234375 0.553125 0.0234375 0.01640625
0 0.4453125 0.540625 0.021875 0.0171875
0 0.42890625 0.53984375 0.01875 0.015625
0 0.41171875 0.53671875 0.021875 0.01796875
0 0.41953125 0.51953125 0.02265625 0.0171875
0 0.4359375 0.5265625 0.021875 0.01796875
0 0.44765625 0.51328125 0.02265625 0.0140625
0 0.4640625 0.50859375 0.0203125 0.0140625
0 0.45546875 0.5265625 0.0234375 0.0171875
0 0.47109375 0.521875 0.01875 0.0140625
0 0.48125 0.51015625 0.0203125 0.015625
0 0.50078125 0.51015625 0.02265625 0.01484375
0 0.48984375 0.52265625 0.0234375 0.01484375
0 0.50703125 0.521875 0.021875 0.0171875
0 0.4796875 0.53359375 0.0203125 0.0140625
0 0.46328125 0.53828125 0.0203125 0.01640625
0 0.4703125 0.553125 0.0203125 0.01640625
0 0.4625 0.56875 0.02578125 0.0171875
0 0.48125 0.5671875 0.0234375 0.0171875
0 0.48671875 0.58125 0.0234375 0.01796875
0 0.50078125 0.571875 0.021875 0.0171875
0 0.5125 0.5828125 0.02421875 0.01953125
0 0.5 0.5921875 0.0234375 0.0140625
0 0.52890625 0.59140625 0.021875 0.01484375
0 0.525 0.57109375 0.025 0.01875
0 0.540625 0.57734375 0.021875 0.01640625
0 0.55859375 0.575 0.02421875 0.01953125
0 0.55078125 0.5640625 0.021875 0.0171875
0 0.534375 0.559375 0.0234375 0.0171875
0 0.559375 0.54140625 0.0203125 0.015625
0 0.54296875 0.54765625 0.021875 0.015625
0 0.52578125 0.521875 0.02265625 0.01796875
0 0.54140625 0.51484375 0.02421875 0.0171875
0 0.54921875 0.5296875 0.02421875 0.01875
0 0.56015625 0.51640625 0.021875 0.01796875
0 0.57109375 0.528125 0.02265625 0.015625
0 0.578125 0.5421875 0.021875 0.0171875
0 0.56328125 0.55390625 0.0234375 0.01484375
0 0.57421875 0.565625 0.0234375 0.01796875
0 0.5828125 0.57890625 0.0234375 0.01640625
2 0.40625 0.51171875 0.0265625 0.0171875
2 0.4234375 0.50390625 0.02578125 0.01796875
2 0.45078125 0.49921875 0.021875 0.01484375
2 0.5015625 0.4953125 0.02578125 0.01875
2 0.52421875 0.4921875 0.02265625 0.01953125
2 0.51171875 0.50546875 0.0203125 0.01640625
2 0.53125 0.50703125 0.02109375 0.01640625
2 0.54375 0.49609375 0.0234375 0.01796875
2 0.56328125 0.49609375 0.0203125 0.01796875
2 0.5796875 0.49921875 0.02421875 0.01953125
2 0.59609375 0.50078125 0.02421875 0.01953125
2 0.5859375 0.51484375 0.02265625 0.01640625
2 0.5921875 0.528125 0.025 0.01640625
2 0.59921875 0.540625 0.0234375 0.01640625
2 0.58828125 0.553125 0.0234375 0.01640625
2 0.5984375 0.5640625 0.02421875 0.01875
2 0.60703125 0.575 0.02421875 0.0171875
2 0.5609375 0.5953125 0.02578125 0.01875
2 0.5828125 0.59921875 0.02421875 0.01796875
2 0.59609375 0.5859375 0.0234375 0.01171875
2 0.5515625 0.6046875 0.021875 0.01796875
2 0.5703125 0.60859375 0.02421875 0.0171875
2 0.5421875 0.61875 0.025 0.01875
2 0.5296875 0.60703125 0.021875 0.01796875
2 0.38671875 0.52890625 0.021875 0.01796875
2 0.35078125 0.55234375 0.01953125 0.01484375
2 0.353125 0.5671875 0.021875 0.01796875
2 0.3625 0.58125 0.02578125 0.0171875
2 0.37109375 0.5953125 0.021875 0.01640625
2 0.38671875 0.5984375 0.025 0.02109375
2 0.40390625 0.60234375 0.02265625 0.0203125
2 0.421875 0.60625 0.0234375 0.01953125
2 0.43515625 0.59296875 0.0203125 0.01640625
2 0.4453125 0.58046875 0.021875 0.0140625
2 0.4625 0.58125 0.021875 0.0140625
2 0.45390625 0.59375 0.021875 0.0171875
2 0.47109375 0.596875 0.021875 0.0171875
2 0.440625 0.6078125 0.021875 0.01875
2 0.46015625 0.609375 0.0234375 0.01953125
2 0.47734375 0.61171875 0.0234375 0.0171875
2 0.49375 0.60703125 0.02265625 0.01875
2 0.51171875 0.609375 0.02265625 0.01875