2 0.6921875 0.465625 0.01875 0.0125
2 0.70234375 0.47421875 0.021875 0.015625
2 0.709375 0.484375 0.0171875 0.015625
2 0.709375 0.49765625 0.0203125 0.015625
2 0.69609375 0.48828125 0.0171875 0.0125
2 0.69453125 0.50078125 0.01875 0.015625
2 0.68203125 0.4890625 0.0171875 0.0125
2 0.6859375 0.47578125 0.0171875 0.0140625
2 0.67421875 0.46328125 0.01875 0.015625
2 0.659375 0.45546875 0.021875 0.0140625
2 0.66015625 0.4703125 0.021875 0.0125
2 0.6703125 0.478125 0.01875 0.0125
2 0.65390625 0.48125 0.01875 0.0140625
2 0.665625 0.48984375 0.021875 0.0125
2 0.6765625 0.50078125 0.0171875 0.0125
2 0.6609375 0.503125 0.01875 0.015625
2 0.6484375 0.49296875 0.015625 0.0125
2 0.6375 0.484375 0.01875 0.0125
2 0.640625 0.475 0.0171875 0.0125
2 0.64375 0.46328125 0.0171875 0.0140625
2 0.63046875 0.45390625 0.01875 0.015625
2 0.62890625 0.465625 0.015625 0.0125
2 0.6234375 0.47578125 0.01875 0.0140625
2 0.6125 0.4671875 0.01875 0.0140625
2 0.5984375 0.459375 0.0171875 0.015625
2 0.6015625 0.44609375 0.01875 0.0140625
2 0.61328125 0.4546875 0.01875 0.0125
2 0.584375 0.4484375 0.021875 0.0125
2 0.5828125 0.46171875 0.01875 0.0125
2 0.5953125 0.47109375 0.01875 0.0125
2 0.60703125 0.4796875 0.01875 0.015625
2 0.6203125 0.4890625 0.01875 0.0140625
2 0.63203125 0.496875 0.01875 0.0125
2 0.64296875 0.50703125 0.0203125 0.0140625
2 0.62578125 0.50703125 0.015625 0.0125
2 0.6265625 0.51875 0.021875 0.015625
2 0.61328125 0.51015625 0.01875 0.0125
2 0.61484375 0.49921875 0.0203125 0.0125
2 0.60390625 0.48984375 0.0171875 0.0140625
2 0.5890625 0.48046875 0.021875 0.01875
2 0.575 0.4734375 0.01875 0.0125
2 0.571875 0.4875 0.01875 0.015625
2 0.55703125 0.47578125 0.021875 0.0140625
2 0.5546875 0.48828125 0.0171875 0.015625
2 0.584375 0.49453125 0.021875 0.015625
2 0.5984375 0.50234375 0.0171875 0.0125
2 0.5828125 0.50703125 0.0171875 0.0140625
2 0.59765625 0.5140625 0.015625 0.0125
2 0.58203125 0.51796875 0.01875 0.0125
2 0.61171875 0.521875 0.021875 0.015625
2 0.59453125 0.52734375 0.01875 0.0125
2 0.61171875 0.534375 0.015625 0.0125
2 0.6 0.5421875 0.01875 0.0125
2 0.6015625 0.553125 0.021875 0.015625
2 0.584375 0.53828125 0.01875 0.0140625
2 0.5796875 0.54921875 0.01875 0.0140625
2 0.57421875 0.52890625 0.0171875 0.0140625
2 0.5609375 0.52265625 0.01875 0.0125
2 0.5671875 0.51328125 0.01875 0.0125
2 0.56796875 0.49921875 0.0171875 0.0125
2 0.55390625 0.5015625 0.01875 0.0125
2 0.53828125 0.4921875 0.01875 0.0125
2 0.5359375 0.48046875 0.015625 0.0125
2 0.5234375 0.4875 0.0171875 0.0140625
2 0.5375 0.50546875 0.021875 0.0125
2 0.5515625 0.51328125 0.0171875 0.0140625
2 0.53125 0.51484375 0.0203125 0.0125
2 0.54296875 0.52421875 0.0171875 0.0125
2 0.55390625 0.534375 0.01875 0.0125
2 0.56796875 0.53984375 0.01875 0.0125
2 0.56328125 0.55078125 0.0171875 0.015625
2 0.54921875 0.5453125 0.015625 0.015625
2 0.53515625 0.54921875 0.0171875 0.015625
0 0.5265625 0.53828125 0.021875 0.0125
2 0.5140625 0.51640625 0.0203125 0.015625
2 0.5 0.51015625 0.01875 0.0140625
2 0.48828125 0.50078125 0.01875 0.0125
2 0.4828125 0.5109375 0.01875 0.0140625
2 0.46953125 0.503125 0.01875 0.0125
2 0.46640625 0.5140625 0.015625 0.0125
2 0.48125 0.52265625 0.0171875 0.0125
2 0.496875 0.52265625 0.0171875 0.0125
2 0.51171875 0.53125 0.01875 0.0109375
2 0.50546875 0.54296875 0.0171875 0.0140625
2 0.51953125 0.54765625 0.01875 0.0109375
2 0.5171875 0.55703125 0.0171875 0.0140625
2 0.53203125 0.5625 0.021875 0.0125
2 0.51640625 0.56953125 0.01875 0.015625
2 0.5 0.5671875 0.01875 0.0125
2 0.503125 0.5546875 0.015625 0.015625
2 0.48828125 0.55625 0.01875 0.0125
2 0.49140625 0.5453125 0.0171875 0.015625
2 0.4953125 0.53359375 0.015625 0.0125
2 0.48046875 0.53515625 0.01875 0.0125
2 0.47734375 0.546875 0.01875 0.015625
2 0.471875 0.56015625 0.01875 0.0125
2 0.4859375 0.56953125 0.021875 0.0125
2 0.47578125 0.578125 0.01875 0.015625
2 0.465625 0.57109375 0.0203125 0.0140625
2 0.44921875 0.5609375 0.021875 0.0125
2 0.4609375 0.54921875 0.015625 0.015625
2 0.4640625 0.53828125 0.01875 0.0125
2 0.46640625 0.52578125 0.0171875 0.0140625
2 0.45078125 0.52109375 0.0171875 0.0125
2 0.45078125 0.50625 0.0171875 0.0140625
2 0.4359375 0.51171875 0.01875 0.0125
2 0.43359375 0.521875 0.01875 0.0140625
2 0.45 0.53125 0.0171875 0.0125
2 0.43515625 0.5359375 0.021875 0.0125
2 0.4484375 0.54375 0.021875 0.0125