0 0.22109375 0.71171875 0.025 0.01875
2 0.2203125 0.65 0.021875 0.01875
2 0.2125 0.66484375 0.0234375 0.01875
2 0.2359375 0.66015625 0.025 0.01875
2 0.2296875 0.67421875 0.0265625 0.01875
2 0.20390625 0.67890625 0.025 0.01875
2 0.21875 0.68828125 0.021875 0.01875
2 0.246875 0.684375 0.0265625 0.01875
2 0.2328125 0.696875 0.025 0.01875
2 0.19296875 0.69296875 0.0265625 0.015625
2 0.190625 0.7078125 0.025 0.0171875
2 0.190625 0.72578125 0.028125 0.01875
2 0.2046875 0.7359375 0.025 0.01875
2 0.22421875 0.7421875 0.028125 0.01875
2 0.22734375 0.728125 0.021875 0.01875
2 0.246875 0.721875 0.028125 0.01875
2 0.2515625 0.70625 0.028125 0.01875
1 0.49609375 0.54765625 0.021875 0.01875
1 0.509375 0.53828125 0.021875 0.0171875
1 0.52890625 0.5421875 0.025 0.015625
1 0.5140625 0.553125 0.0234375 0.015625
0 0.3625 0.54765625 0.021875 0.015625
0 0.3796875 0.54921875 0.021875 0.01875
0 0.396875 0.55078125 0.0203125 0.015625
0 0.38125 0.56640625 0.0234375 0.0171875
0 0.3921875 0.57890625 0.0203125 0.015625
0 0.40859375 0.58359375 0.021875 0.015625
0 0.40625 0.56640625 0.0234375 0.0171875
0 0.42265625 0.5671875 0.01875 0.01875
0 0.440625 0.56875 0.021875 0.01875
0 0.4171875 0.55234375 0.021875 0.01875
0 0.43515625 0.55625 0.01875 0.015625
0 0.4515625 0.55390625 0.0234375 0.015625
0 0.44375 0.540625 0.021875 0.0171875
0 0.42734375 0.53984375 0.01875 0.015625
0 0.41015625 0.53671875 0.021875 0.01875
0 0.41796875 0.5203125 0.021875 0.0171875
0 0.434375 0.5265625 0.021875 0.01875
0 0.446875 0.51328125 0.021875 0.0140625
0 0.4625 0.509375 0.0203125 0.0140625
0 0.45390625 0.52734375 0.0234375 0.0171875
0 0.46953125 0.521875 0.01875 0.0140625
0 0.48046875 0.51015625 0.0203125 0.015625
0 0.49921875 0.51015625 0.021875 0.015625
0 0.4890625 0.52265625 0.0234375 0.015625
0 0.50625 0.521875 0.021875 0.0171875
0 0.47890625 0.53359375 0.0203125 0.0140625
0 0.4625 0.5390625 0.0203125 0.015625
0 0.46953125 0.553125 0.0203125 0.015625
0 0.46171875 0.56953125 0.025 0.0171875
0 0.48046875 0.5671875 0.0234375 0.0171875
0 0.48515625 0.58203125 0.0234375 0.01875
0 0.5 0.57265625 0.021875 0.0171875
0 0.51171875 0.58359375 0.025 0.01875
0 0.49921875 0.5921875 0.0234375 0.0140625
0 0.528125 0.5921875 0.021875 0.015625
0 0.52421875 0.57109375 0.025 0.01875
0 0.53984375 0.57734375 0.021875 0.015625
0 0.55859375 0.57578125 0.025 0.01875
0 0.55 0.56484375 0.021875 0.0171875
0 0.53359375 0.56015625 0.0234375 0.0171875
0 0.55859375 0.54140625 0.0203125 0.015625
0 0.54296875 0.54765625 0.021875 0.015625
0 0.525 0.521875 0.021875 0.01875
0 0.540625 0.51484375 0.025 0.0171875
0 0.5484375 0.5296875 0.025 0.01875
0 0.559375 0.51640625 0.021875 0.01875
0 0.57109375 0.528125 0.021875 0.015625
0 0.578125 0.54296875 0.021875 0.0171875
0 0.56328125 0.55390625 0.0234375 0.015625
0 0.57421875 0.56640625 0.0234375 0.01875
0 0.58203125 0.57890625 0.0234375 0.015625
2 0.4046875 0.51171875 0.0265625 0.0171875
2 0.42265625 0.50390625 0.025 0.01875
2 0.45 0.49921875 0.021875 0.015625
2 0.50078125 0.4953125 0.025 0.01875
2 0.5234375 0.4921875 0.021875 0.01875
2 0.5109375 0.50546875 0.0203125 0.015625
2 0.53046875 0.50703125 0.021875 0.015625
2 0.54296875 0.49609375 0.0234375 0.01875
2 0.5625 0.49609375 0.0203125 0.01875
2 0.57890625 0.49921875 0.025 0.01875
2 0.59609375 0.50078125 0.025 0.01875
2 0.5859375 0.51484375 0.021875 0.015625
2 0.59140625 0.528125 0.025 0.015625
2 0.5984375 0.540625 0.0234375 0.015625
2 0.5875 0.553125 0.0234375 0.015625
2 0.5984375 0.5640625 0.025 0.01875
2 0.60703125 0.575 0.025 0.0171875
2 0.5609375 0.59609375 0.025 0.01875
2 0.58203125 0.6 0.025 0.01875
2 0.5953125 0.58671875 0.0234375 0.0125
2 0.5515625 0.60546875 0.021875 0.01875
2 0.5703125 0.609375 0.025 0.0171875
2 0.54140625 0.61953125 0.025 0.01875
2 0.5296875 0.6078125 0.021875 0.01875
2 0.38515625 0.52890625 0.021875 0.01875
2 0.34921875 0.553125 0.01875 0.015625
2 0.3515625 0.56796875 0.021875 0.01875
2 0.3609375 0.58203125 0.0265625 0.0171875
2 0.36953125 0.5953125 0.021875 0.015625
2 0.38515625 0.59921875 0.025 0.021875
2 0.40234375 0.603125 0.021875 0.021875
2 0.4203125 0.60703125 0.0234375 0.01875
2 0.434375 0.59296875 0.0203125 0.015625
2 0.44375 0.58125 0.021875 0.0140625
2 0.46171875 0.58203125 0.021875 0.0140625
2 0.45234375 0.59453125 0.021875 0.0171875
2 0.46953125 0.59765625 0.021875 0.0171875
2 0.43984375 0.6078125 0.021875 0.01875
2 0.45859375 0.61015625 0.0234375 0.01875
2 0.47578125 0.6125 0.0234375 0.0171875
2 0.4921875 0.60703125 0.021875 0.01875
2 0.5109375 0.61015625 0.021875 0.01875