0 0.46953125 0.77890625 0.0375 0.05
0 0.4890625 0.746875 0.0390625 0.05
0 0.4984375 0.7046875 0.04375 0.05
0 0.515625 0.66796875 0.040625 0.0515625
0 0.48203125 0.6609375 0.0375 0.053125
0 0.46953125 0.7140625 0.0359375 0.0515625
0 0.44921875 0.74140625 0.0390625 0.05
0 0.43125 0.7078125 0.034375 0.0453125
0 0.45625 0.6765625 0.034375 0.046875
0 0.50546875 0.6265625 0.03125 0.046875
0 0.4765625 0.6171875 0.0359375 0.05
0 0.49765625 0.584375 0.0421875 0.05
0 0.465625 0.571875 0.0390625 0.053125
0 0.4859375 0.54375 0.0375 0.046875
0 0.440625 0.5828125 0.0390625 0.05
0 0.4515625 0.6328125 0.034375 0.0515625
0 0.42734375 0.6625 0.0359375 0.053125
0 0.42265625 0.6171875 0.0375 0.05
0 0.40390625 0.690625 0.03125 0.05
0 0.40390625 0.7328125 0.0375 0.05
0 0.41640625 0.77265625 0.0375 0.05
0 0.38671875 0.7765625 0.03125 0.059375
0 0.359375 0.7515625 0.0375 0.05
0 0.37265625 0.715625 0.0328125 0.046875
0 0.375 0.67421875 0.0375 0.046875
0 0.39375 0.63984375 0.040625 0.05
0 0.43125 0.54375 0.034375 0.05
0 0.46015625 0.52578125 0.0359375 0.04375
0 0.45625 0.48125 0.034375 0.05
0 0.428125 0.50078125 0.0328125 0.05
0 0.4015625 0.5265625 0.034375 0.05625
0 0.37265625 0.51015625 0.0375 0.046875
0 0.3734375 0.55 0.0375 0.053125
0 0.35234375 0.5828125 0.0390625 0.0546875
0 0.34375 0.540625 0.0375 0.05
2 0.58203125 0.8140625 0.0390625 0.059375
2 0.55859375 0.8453125 0.0390625 0.053125
2 0.55 0.8 0.03125 0.04375
2 0.525 0.8296875 0.0390625 0.05
2 0.52109375 0.78671875 0.0359375 0.046875
2 0.5765625 0.7703125 0.0375 0.046875
2 0.6015625 0.753125 0.0328125 0.046875
2 0.57421875 0.725 0.034375 0.046875
2 0.59375 0.69921875 0.040625 0.0546875
2 0.54453125 0.7109375 0.034375 0.046875
2 0.54921875 0.76171875 0.028125 0.05
2 0.52265625 0.74609375 0.034375 0.046875
2 0.49453125 0.82578125 0.034375 0.046875
2 0.4625 0.8109375 0.0375 0.0453125
2 0.434375 0.79140625 0.03125 0.04375
2 0.42734375 0.83828125 0.03125 0.04375
2 0.40546875 0.8109375 0.0390625 0.0515625
2 0.38046875 0.83203125 0.0421875 0.05
2 0.34453125 0.83203125 0.0390625 0.053125
2 0.3515625 0.790625 0.0359375 0.04375
2 0.32109375 0.79375 0.0359375 0.046875
2 0.31328125 0.7484375 0.0421875 0.059375
2 0.33359375 0.709375 0.034375 0.04375
2 0.3234375 0.671875 0.0328125 0.05
2 0.34453125 0.6453125 0.0375 0.046875
2 0.33203125 0.603125 0.03125 0.046875
2 0.32421875 0.5578125 0.0375 0.046875
2 0.30390625 0.51640625 0.034375 0.04375
2 0.296875 0.4703125 0.0421875 0.05
2 0.32890625 0.465625 0.04375 0.0546875
2 0.3578125 0.43984375 0.040625 0.05
2 0.38828125 0.4515625 0.0390625 0.046875
2 0.3828125 0.409375 0.04375 0.046875
2 0.4171875 0.44921875 0.040625 0.046875
2 0.4125 0.40078125 0.0390625 0.05
2 0.4421875 0.41796875 0.034375 0.05
2 0.471875 0.42890625 0.0375 0.05
2 0.509375 0.47265625 0.034375 0.046875
2 0.5203125 0.509375 0.0375 0.04375
2 0.47890625 0.465625 0.0375 0.04375
2 0.484375 0.49765625 0.0375 0.040625
2 0.52890625 0.55234375 0.0375 0.05
2 0.56015625 0.5640625 0.0375 0.05
2 0.58359375 0.65078125 0.0390625 0.05
2 0.57265625 0.61015625 0.034375 0.04375
2 0.55234375 0.63828125 0.034375 0.046875
2 0.5390625 0.59765625 0.034375 0.046875
2 0.56328125 0.684375 0.0359375 0.05
2 0.39609375 0.60546875 0.034375 0.0375