2 0.61328125 0.6125 0.021875 0.034375
2 0.596875 0.5828125 0.0234375 0.0265625
2 0.6125 0.578125 0.0171875 0.021875
2 0.62421875 0.59453125 0.015625 0.025
2 0.60234375 0.55859375 0.0234375 0.0234375
2 0.6109375 0.5359375 0.025 0.0265625
2 0.60703125 0.5078125 0.0265625 0.025
2 0.61171875 0.48125 0.0234375 0.028125
2 0.62578125 0.49609375 0.01875 0.025
2 0.63359375 0.47421875 0.021875 0.0265625
2 0.64140625 0.4953125 0.0234375 0.0296875
2 0.65625 0.50859375 0.015625 0.03125
2 0.70546875 0.59296875 0.021875 0.0296875
2 0.68671875 0.58828125 0.0265625 0.028125
2 0.67421875 0.60703125 0.0234375 0.0375
2 0.6421875 0.603125 0.025 0.028125
0 0.634375 0.58046875 0.0203125 0.028125
0 0.62109375 0.565625 0.01875 0.0234375
0 0.62421875 0.54140625 0.01875 0.025
0 0.62734375 0.5171875 0.01875 0.0234375
0 0.64140625 0.53359375 0.01875 0.028125
0 0.63828125 0.55703125 0.01875 0.028125
0 0.65078125 0.5796875 0.01875 0.0265625
0 0.66015625 0.59765625 0.01875 0.028125
0 0.65625 0.5546875 0.01875 0.0265625
0 0.65703125 0.53046875 0.01875 0.028125