2 0.82890625 0.75390625 0.0375 0.04375
2 0.8359375 0.7 0.0328125 0.0375
2 0.846875 0.66640625 0.03125 0.0375
2 0.86171875 0.696875 0.0296875 0.0390625
2 0.825 0.65078125 0.03125 0.040625
2 0.84765625 0.63515625 0.03125 0.0390625
2 0.825 0.61640625 0.0359375 0.0421875
2 0.8 0.6234375 0.03125 0.0390625
2 0.7953125 0.653125 0.0296875 0.0375
2 0.81171875 0.678125 0.028125 0.04375
2 0.81484375 0.71484375 0.03125 0.040625
2 0.78671875 0.71953125 0.03125 0.0375
2 0.79453125 0.7484375 0.034375 0.040625
2 0.76953125 0.759375 0.03125 0.0375
2 0.76328125 0.72890625 0.028125 0.0359375
2 0.76328125 0.69453125 0.0265625 0.040625
2 0.78671875 0.6828125 0.03125 0.0375
2 0.76953125 0.6609375 0.028125 0.040625
2 0.77734375 0.62734375 0.034375 0.034375
2 0.7859375 0.59453125 0.034375 0.040625
2 0.76015625 0.60625 0.03125 0.0375
2 0.76875 0.5734375 0.034375 0.0390625
2 0.75234375 0.6375 0.03125 0.040625
2 0.7453125 0.6671875 0.025 0.040625
2 0.7390625 0.7 0.0296875 0.0375
2 0.740625 0.73203125 0.0265625 0.0359375
2 0.7421875 0.765625 0.03125 0.0421875
2 0.71640625 0.76953125 0.0328125 0.0390625
2 0.715625 0.73515625 0.028125 0.034375
2 0.7109375 0.70390625 0.0328125 0.0359375
2 0.72109375 0.67421875 0.0296875 0.034375
2 0.72734375 0.64296875 0.028125 0.0359375
2 0.73671875 0.61171875 0.0265625 0.0359375
2 0.74296875 0.57890625 0.028125 0.034375
2 0.753125 0.54609375 0.03125 0.0390625
2 0.7265625 0.55703125 0.0328125 0.034375
2 0.73125 0.52578125 0.0296875 0.0359375
2 0.71953125 0.5859375 0.03125 0.04375
2 0.7140625 0.61484375 0.0296875 0.0390625
2 0.69296875 0.67890625 0.028125 0.0328125
2 0.6875 0.70703125 0.03125 0.034375
2 0.69140625 0.7375 0.03125 0.0375
2 0.66171875 0.72109375 0.034375 0.046875
2 0.64140625 0.7046875 0.03125 0.040625
2 0.66796875 0.68515625 0.03125 0.034375
2 0.62421875 0.67890625 0.03125 0.040625
2 0.60625 0.65546875 0.03125 0.0375
2 0.5921875 0.6265625 0.0265625 0.034375
2 0.6 0.596875 0.0296875 0.0328125
2 0.58203125 0.5875 0.028125 0.0390625
2 0.56015625 0.596875 0.03125 0.040625
2 0.7078125 0.53125 0.0296875 0.0328125
2 0.71953125 0.5015625 0.025 0.034375
2 0.69296875 0.5109375 0.034375 0.040625
2 0.6859375 0.540625 0.03125 0.034375
2 0.6984375 0.4796875 0.0296875 0.0375
2 0.675 0.4921875 0.028125 0.0375
2 0.66796875 0.52265625 0.028125 0.0375
2 0.68359375 0.4578125 0.028125 0.0375
2 0.659375 0.46640625 0.025 0.034375
2 0.66484375 0.43046875 0.028125 0.034375
2 0.64765625 0.409375 0.028125 0.0375
2 0.64140625 0.44453125 0.028125 0.0375
2 0.6234375 0.43359375 0.03125 0.034375
2 0.6078125 0.4125 0.0265625 0.0375
2 0.60078125 0.44453125 0.028125 0.040625
2 0.615625 0.46171875 0.03125 0.0421875
2 0.5890625 0.47265625 0.03125 0.034375
2 0.57265625 0.45390625 0.0296875 0.04375
2 0.5640625 0.48359375 0.0265625 0.034375
2 0.5359375 0.5875 0.028125 0.0390625
2 0.5125 0.56015625 0.028125 0.034375
2 0.5234375 0.528125 0.03125 0.040625
2 0.5359375 0.49453125 0.03125 0.0375
2 0.546875 0.521875 0.025 0.0390625
0 0.55234375 0.54453125 0.025 0.0453125
0 0.575 0.55234375 0.028125 0.0359375
0 0.58203125 0.525 0.028125 0.034375
0 0.59296875 0.49765625 0.025 0.034375
0 0.603125 0.53984375 0.025 0.034375
0 0.61171875 0.51328125 0.025 0.028125
0 0.62109375 0.4859375 0.028125 0.0375
0 0.64375 0.49921875 0.028125 0.0359375
0 0.634375 0.52734375 0.025 0.0359375
0 0.6234375 0.55234375 0.028125 0.0328125
0 0.6140625 0.5859375 0.025 0.04375
0 0.6328125 0.60703125 0.028125 0.034375
2 0.6171875 0.62421875 0.025 0.034375
2 0.63046875 0.65078125 0.021875 0.0375
2 0.6453125 0.66875 0.0234375 0.0265625
0 0.64609375 0.64140625 0.025 0.034375
0 0.665625 0.65859375 0.025 0.034375
0 0.68984375 0.6453125 0.028125 0.034375
0 0.671875 0.6234375 0.028125 0.0359375
0 0.65625 0.60390625 0.0234375 0.0359375
0 0.68046875 0.5953125 0.028125 0.0375
0 0.69453125 0.56953125 0.03125 0.040625
0 0.665625 0.57265625 0.025 0.0359375
0 0.6390625 0.578125 0.028125 0.034375
0 0.6484375 0.546875 0.028125 0.0375