0 0.521875 0.74921875 0.02265625 0.015625
0 0.50625 0.7359375 0.021875 0.01640625
0 0.54296875 0.74140625 0.02578125 0.01875
0 0.52421875 0.734375 0.021875 0.01484375
0 0.49375 0.72421875 0.021875 0.01484375
0 0.50234375 0.71171875 0.02265625 0.0125
0 0.5109375 0.72265625 0.01953125 0.01796875
0 0.528125 0.71640625 0.0203125 0.0140625
0 0.5328125 0.72421875 0.01953125 0.01484375
0 0.54609375 0.72734375 0.0234375 0.01640625
0 0.54921875 0.71328125 0.025 0.01640625
0 0.5390625 0.7 0.02265625 0.0125
0 0.51875 0.70703125 0.021875 0.0125
0 0.4921875 0.703125 0.02421875 0.01640625
0 0.50625 0.69609375 0.01953125 0.01484375
0 0.52578125 0.6921875 0.021875 0.015625
0 0.5421875 0.6859375 0.02265625 0.01484375
0 0.55703125 0.6953125 0.0234375 0.0171875
0 0.571875 0.68828125 0.02109375 0.0140625
0 0.559375 0.678125 0.0203125 0.0140625
0 0.575 0.671875 0.0203125 0.01484375
0 0.5265625 0.67734375 0.02265625 0.01640625
0 0.54296875 0.66953125 0.025 0.01640625
0 0.48984375 0.68671875 0.02109375 0.01640625
0 0.509375 0.68125 0.01953125 0.01484375
0 0.4953125 0.6703125 0.02265625 0.01484375
0 0.515625 0.6671875 0.02109375 0.01640625
0 0.578125 0.35625 0.0234375 0.015625
0 0.565625 0.3640625 0.02109375 0.0171875
0 0.59609375 0.36328125 0.025 0.01796875
0 0.58125 0.37265625 0.02109375 0.01484375
0 0.59921875 0.38046875 0.02265625 0.0171875
0 0.56796875 0.38046875 0.02421875 0.01796875
0 0.584375 0.38984375 0.02265625 0.0171875
0 0.5484375 0.3890625 0.0234375 0.01796875
0 0.56640625 0.39609375 0.02109375 0.01484375
0 0.54921875 0.40390625 0.02265625 0.01640625
0 0.565625 0.41171875 0.021875 0.0140625
0 0.5828125 0.40390625 0.02109375 0.01484375
0 0.60078125 0.39921875 0.02109375 0.0171875
0 0.52890625 0.41015625 0.02109375 0.01640625
0 0.546875 0.4171875 0.02109375 0.01640625
0 0.52890625 0.42421875 0.02265625 0.015625
0 0.52890625 0.43828125 0.02265625 0.01640625
0 0.528125 0.45078125 0.02265625 0.015625
0 0.528125 0.46640625 0.01875 0.01953125
0 0.546875 0.4296875 0.01953125 0.01875
0 0.5453125 0.446875 0.02109375 0.01640625
0 0.5453125 0.46171875 0.0203125 0.01796875
0 0.56328125 0.425 0.02421875 0.0171875
0 0.5625 0.440625 0.0203125 0.01640625
0 0.56171875 0.45390625 0.02265625 0.01796875
0 0.5796875 0.41953125 0.01953125 0.01484375
0 0.578125 0.43203125 0.02265625 0.0171875
0 0.578125 0.44765625 0.02109375 0.01640625
0 0.5765625 0.4625 0.02109375 0.01640625
0 0.6 0.41484375 0.02109375 0.01640625
0 0.5984375 0.428125 0.02265625 0.01640625
0 0.5984375 0.44296875 0.02109375 0.01484375
0 0.59765625 0.45546875 0.0234375 0.0171875
0 0.59609375 0.4703125 0.025 0.01796875
0 0.51015625 0.475 0.02109375 0.01796875
0 0.5109375 0.48984375 0.02265625 0.01484375
0 0.53046875 0.4796875 0.01875 0.015625
0 0.5453125 0.475 0.01953125 0.01640625
0 0.5640625 0.48046875 0.02265625 0.01640625
0 0.56171875 0.46640625 0.021875 0.01484375
0 0.578125 0.47578125 0.01875 0.01640625
0 0.59453125 0.4828125 0.02265625 0.0171875
0 0.5625 0.496875 0.0203125 0.01640625
0 0.54453125 0.50078125 0.02421875 0.01796875
0 0.5453125 0.48828125 0.02109375 0.0140625
0 0.52734375 0.49609375 0.0203125 0.015625
0 0.57734375 0.49140625 0.02109375 0.01640625
0 0.596875 0.4984375 0.0234375 0.01796875
0 0.5765625 0.50546875 0.02109375 0.015625
0 0.59375 0.5140625 0.0234375 0.0171875
0 0.521875 0.50859375 0.02421875 0.01640625
0 0.540625 0.5171875 0.02109375 0.015625
0 0.5609375 0.5109375 0.0203125 0.01640625
0 0.559375 0.525 0.02109375 0.01484375
0 0.57421875 0.51875 0.021875 0.015625
0 0.521875 0.52265625 0.02265625 0.01640625
0 0.5390625 0.53046875 0.02109375 0.01484375
0 0.52109375 0.5375 0.01875 0.015625
0 0.5921875 0.528125 0.02109375 0.015625
0 0.57109375 0.53203125 0.01953125 0.01484375
0 0.5375 0.54375 0.02109375 0.015625
0 0.55546875 0.53828125 0.01953125 0.01640625
0 0.57265625 0.546875 0.0203125 0.01640625
0 0.590625 0.5421875 0.02421875 0.0140625
0 0.51953125 0.55078125 0.02265625 0.0140625
0 0.5375 0.5578125 0.02109375 0.01640625
0 0.5546875 0.55234375 0.0203125 0.01640625
0 0.571875 0.5609375 0.02265625 0.015625
0 0.58984375 0.55546875 0.01953125 0.01484375
0 0.553125 0.56640625 0.02109375 0.01484375
0 0.5171875 0.5640625 0.02265625 0.015625
0 0.53515625 0.571875 0.01953125 0.01484375
0 0.5703125 0.57421875 0.01875 0.01328125
0 0.58828125 0.56875 0.02265625 0.01484375
0 0.58671875 0.5828125 0.021875 0.015625
0 0.5515625 0.5796875 0.01953125 0.01484375
0 0.5171875 0.578125 0.02265625 0.0171875
0 0.53359375 0.5859375 0.02109375 0.01640625
0 0.55078125 0.59375 0.01875 0.015625
0 0.56875 0.5875 0.0171875 0.0140625
0 0.51640625 0.5921875 0.02265625 0.01640625
0 0.5328125 0.5984375 0.0171875 0.01484375
0 0.56640625 0.60234375 0.01875 0.0171875
0 0.58359375 0.596875 0.0203125 0.01640625
0 0.546875 0.609375 0.02109375 0.01484375
0 0.51484375 0.60625 0.02109375 0.01484375
0 0.5328125 0.61328125 0.01875 0.0140625
0 0.5015625 0.61328125 0.02890625 0.01875
0 0.51484375 0.621875 0.0171875 0.01484375
0 0.53046875 0.6296875 0.02109375 0.01640625
0 0.546875 0.62265625 0.021875 0.01796875
0 0.565625 0.61484375 0.0203125 0.015625
0 0.5828125 0.61015625 0.0203125 0.01640625
0 0.5796875 0.62578125 0.02265625 0.01484375
0 0.5640625 0.63125 0.01953125 0.01328125
0 0.496875 0.6296875 0.02265625 0.01640625
0 0.51484375 0.6359375 0.0203125 0.01484375
0 0.53125 0.6453125 0.021875 0.015625
0 0.54609375 0.6359375 0.0203125 0.01640625
0 0.56171875 0.64453125 0.02265625 0.015625
0 0.58125 0.63984375 0.0234375 0.01640625
0 0.57734375 0.6546875 0.0234375 0.01484375
0 0.56171875 0.6609375 0.021875 0.015625
0 0.54609375 0.65390625 0.02265625 0.0171875
0 0.51328125 0.65234375 0.01953125 0.0140625
0 0.53046875 0.659375 0.02265625 0.015625
0 0.49921875 0.64453125 0.02109375 0.01640625
0 0.49765625 0.659375 0.02109375 0.01484375
2 0.640625 0.28125 0.0234375 0.01875
2 0.61640625 0.2828125 0.0234375 0.02109375
2 0.59765625 0.28359375 0.02265625 0.01875
2 0.57734375 0.28671875 0.02578125 0.01953125
2 0.56015625 0.29453125 0.0234375 0.01796875
2 0.5390625 0.30234375 0.0234375 0.01875
2 0.55859375 0.309375 0.02109375 0.01640625
2 0.57578125 0.3046875 0.021875 0.01640625
2 0.59296875 0.29921875 0.0203125 0.01796875
2 0.6109375 0.29765625 0.0234375 0.01796875
2 0.63359375 0.29609375 0.02265625 0.01796875
2 0.6265625 0.309375 0.02265625 0.01640625
2 0.6046875 0.31171875 0.02421875 0.01484375
2 0.58828125 0.3140625 0.02109375 0.015625
2 0.571875 0.31953125 0.02265625 0.0171875
2 0.54140625 0.31796875 0.025 0.01640625
2 0.55703125 0.3265625 0.0234375 0.0171875
2 0.56796875 0.33671875 0.02109375 0.01796875
2 0.584375 0.3296875 0.01953125 0.01484375
2 0.60234375 0.32421875 0.0203125 0.01640625
2 0.621875 0.3234375 0.0234375 0.01640625
2 0.6140625 0.3359375 0.02578125 0.015625
2 0.5984375 0.33984375 0.02265625 0.01796875
2 0.61328125 0.35 0.02265625 0.01484375
2 0.5828125 0.34609375 0.02109375 0.015625
2 0.5390625 0.33671875 0.0234375 0.0203125
2 0.55390625 0.34609375 0.02109375 0.0171875
2 0.52578125 0.3453125 0.0234375 0.01796875
2 0.53984375 0.35546875 0.025 0.01484375
2 0.521875 0.36171875 0.02265625 0.01796875
2 0.53671875 0.36875 0.02265625 0.0171875
2 0.51875 0.37578125 0.0234375 0.015625
2 0.534375 0.38515625 0.01875 0.015625
2 0.51640625 0.3921875 0.02265625 0.01640625
2 0.6125 0.36484375 0.02109375 0.01796875
2 0.6140625 0.38203125 0.02109375 0.01875
2 0.51328125 0.40859375 0.01875 0.015625
2 0.49609375 0.415625 0.025 0.01875
2 0.51484375 0.421875 0.01953125 0.0171875
2 0.49765625 0.43125 0.02265625 0.01640625
2 0.51328125 0.4375 0.01875 0.01484375
2 0.61484375 0.39765625 0.01875 0.01875
2 0.61484375 0.4140625 0.01953125 0.01875
2 0.61328125 0.428125 0.021875 0.01953125
2 0.6125 0.44296875 0.0203125 0.01796875
2 0.6125 0.45703125 0.01953125 0.01796875
2 0.61015625 0.4703125 0.0203125 0.01796875
2 0.49765625 0.44609375 0.021875 0.01640625
2 0.5 0.459375 0.0203125 0.015625
2 0.49296875 0.47265625 0.02109375 0.01640625
2 0.4921875 0.48671875 0.01875 0.0171875
2 0.61015625 0.4859375 0.01875 0.01640625
2 0.4921875 0.5015625 0.01953125 0.0171875
2 0.61171875 0.50078125 0.0171875 0.01796875
2 0.50859375 0.50625 0.01875 0.01796875
2 0.49375 0.515625 0.02421875 0.01796875
2 0.490625 0.5296875 0.021875 0.01640625
2 0.61015625 0.51484375 0.01953125 0.015625
2 0.61015625 0.52890625 0.02109375 0.01875
2 0.50625 0.53046875 0.0203125 0.0171875
2 0.48984375 0.54296875 0.02109375 0.01640625
2 0.61015625 0.54375 0.02265625 0.01875
2 0.60859375 0.5578125 0.02734375 0.01796875
2 0.4859375 0.5578125 0.0234375 0.0171875
2 0.48984375 0.57109375 0.0203125 0.01640625
2 0.60859375 0.5734375 0.021875 0.01796875
2 0.48671875 0.584375 0.02265625 0.0171875
2 0.60703125 0.58828125 0.0234375 0.01640625
2 0.60390625 0.6015625 0.02421875 0.01484375
2 0.48359375 0.59921875 0.0234375 0.01953125
2 0.48125 0.61484375 0.01953125 0.0171875
2 0.60234375 0.61640625 0.0234375 0.01875
2 0.6015625 0.63125 0.0234375 0.0171875
2 0.60078125 0.64609375 0.02578125 0.0171875
2 0.59921875 0.6609375 0.025 0.01796875
2 0.5953125 0.675 0.02734375 0.01953125
2 0.590625 0.69140625 0.02578125 0.01953125
2 0.48046875 0.628125 0.01953125 0.0140625
2 0.47890625 0.64296875 0.02265625 0.0171875
2 0.47890625 0.6578125 0.0234375 0.0171875
2 0.47578125 0.67265625 0.025 0.01640625
2 0.471875 0.6859375 0.02421875 0.01484375
2 0.46875 0.69921875 0.025 0.01640625
2 0.4671875 0.71328125 0.025 0.01875
2 0.57265625 0.7 0.0203125 0.01484375
2 0.571875 0.7125 0.02421875 0.01484375
2 0.56953125 0.7265625 0.0234375 0.01796875
2 0.47421875 0.7359375 0.02265625 0.0171875
2 0.56875 0.740625 0.02421875 0.01640625
2 0.56640625 0.75625 0.0265625 0.01796875
2 0.546875 0.76171875 0.025 0.01796875
2 0.5375 0.7734375 0.02734375 0.0203125
2 0.52109375 0.7640625 0.0234375 0.01796875
2 0.50546875 0.75546875 0.025 0.0171875
2 0.49140625 0.7484375 0.02265625 0.01796875