2 0.37265625 0.34453125 0.028125 0.034375
2 0.3515625 0.3375 0.025 0.0375
2 0.3296875 0.33828125 0.025 0.0359375
2 0.34921875 0.365625 0.025 0.0375
2 0.36875 0.375 0.025 0.03125
0 0.35703125 0.40390625 0.0234375 0.034375
2 0.3734375 0.4046875 0.0234375 0.034375
2 0.33984375 0.390625 0.021875 0.03125
2 0.32734375 0.36796875 0.025 0.0390625
2 0.321875 0.40625 0.021875 0.03125
2 0.3359375 0.421875 0.025 0.03125
2 0.3375 0.446875 0.0234375 0.0328125
2 0.31875 0.44140625 0.025 0.0328125
2 0.30234375 0.428125 0.025 0.034375
0 0.30234375 0.46875 0.0265625 0.0375
2 0.3234375 0.47109375 0.025 0.034375