2 0.3890625 0.85078125 0.0265625 0.040625
2 0.3859375 0.8875 0.028125 0.040625
2 0.41171875 0.86328125 0.03125 0.0453125
2 0.39375 0.81171875 0.028125 0.040625
2 0.4171875 0.83125 0.03125 0.04375
2 0.4421875 0.6203125 0.028125 0.0375
2 0.40078125 0.7765625 0.028125 0.0390625
2 0.42265625 0.9015625 0.028125 0.040625
2 0.575 0.26875 0.028125 0.0375
2 0.60859375 0.25703125 0.028125 0.0359375
2 0.44609375 0.9203125 0.028125 0.0359375
2 0.4375 0.65625 0.0265625 0.0359375
2 0.45 0.884375 0.028125 0.04375
2 0.5484375 0.27578125 0.028125 0.0375
2 0.6859375 0.4421875 0.028125 0.0390625
2 0.48125 0.46640625 0.028125 0.0390625
2 0.4609375 0.41328125 0.0265625 0.0375
2 0.4328125 0.72578125 0.0265625 0.040625
2 0.6328125 0.275 0.028125 0.0390625
2 0.67265625 0.54765625 0.025 0.0375
2 0.4375 0.69140625 0.028125 0.040625
2 0.67578125 0.715625 0.028125 0.034375
2 0.4546875 0.44921875 0.025 0.034375
2 0.66796875 0.6203125 0.0265625 0.0375
2 0.68984375 0.68203125 0.025 0.0359375
2 0.66015625 0.915625 0.028125 0.0359375
2 0.5859375 0.23828125 0.028125 0.034375
2 0.44921875 0.55234375 0.025 0.034375
2 0.45234375 0.521875 0.025 0.0359375
2 0.6890625 0.4046875 0.025 0.034375
2 0.5078125 0.3125 0.028125 0.0375
2 0.64609375 0.3609375 0.028125 0.0375
2 0.48046875 0.39140625 0.028125 0.0375
2 0.671875 0.65859375 0.028125 0.0375
2 0.475 0.53125 0.028125 0.04375
2 0.51875 0.91640625 0.028125 0.040625
2 0.56484375 0.93203125 0.028125 0.034375
2 0.47578125 0.765625 0.0296875 0.04375
2 0.49765625 0.8921875 0.0296875 0.04375
2 0.66171875 0.7421875 0.028125 0.0375
2 0.49296875 0.92109375 0.0296875 0.0421875
2 0.6046875 0.29140625 0.028125 0.0375
2 0.49921875 0.4125 0.028125 0.040625
2 0.48359375 0.66171875 0.028125 0.040625
2 0.5625 0.50703125 0.0296875 0.040625
2 0.64140625 0.67890625 0.028125 0.040625
2 0.53125 0.296875 0.028125 0.040625
2 0.590625 0.42734375 0.0296875 0.0421875
2 0.6359375 0.75 0.028125 0.0375
2 0.58046875 0.3 0.028125 0.0390625
2 0.6578125 0.45546875 0.028125 0.0375
2 0.6734375 0.35078125 0.0265625 0.0359375
2 0.67578125 0.76796875 0.028125 0.0375
2 0.6421875 0.39765625 0.028125 0.0375
2 0.62890625 0.78984375 0.03125 0.0390625
2 0.49921875 0.790625 0.03125 0.04375
2 0.50078125 0.44921875 0.028125 0.0421875
2 0.5890625 0.9203125 0.028125 0.0375
2 0.478125 0.8671875 0.028125 0.040625
2 0.64375 0.70703125 0.025 0.040625
2 0.67734375 0.47890625 0.0265625 0.0359375
2 0.6421875 0.6 0.028125 0.0421875
2 0.48359375 0.35625 0.025 0.034375
2 0.68046875 0.5125 0.025 0.034375
2 0.64375 0.853125 0.0296875 0.0390625
2 0.6234375 0.57578125 0.0296875 0.04375
2 0.65546875 0.3296875 0.028125 0.0359375
2 0.503125 0.85859375 0.0296875 0.0453125
2 0.55859375 0.55234375 0.0296875 0.040625
2 0.59375 0.3890625 0.028125 0.040625
2 0.63046875 0.46640625 0.028125 0.0390625
2 0.59375 0.8859375 0.028125 0.040625
2 0.5171875 0.81796875 0.0296875 0.0453125
2 0.659375 0.87734375 0.028125 0.0375
2 0.56953125 0.40234375 0.028125 0.040625
2 0.59765625 0.66640625 0.028125 0.040625
2 0.5484375 0.90546875 0.028125 0.0421875
2 0.65546875 0.4921875 0.0265625 0.0375
2 0.54296875 0.76015625 0.0296875 0.040625
2 0.58515625 0.771875 0.028125 0.040625
2 0.48046875 0.69453125 0.028125 0.040625
2 0.61015625 0.44453125 0.0265625 0.040625
2 0.46015625 0.67734375 0.025 0.0375
2 0.63828125 0.8921875 0.028125 0.034375
2 0.66953125 0.3828125 0.028125 0.034375
2 0.6703125 0.84453125 0.025 0.034375
2 0.52265625 0.5046875 0.028125 0.040625
2 0.575 0.37109375 0.0296875 0.040625
2 0.5765625 0.33359375 0.028125 0.0375
2 0.5625 0.77890625 0.0296875 0.0453125
2 0.565625 0.74375 0.0296875 0.0421875
2 0.57421875 0.85546875 0.0296875 0.03125
2 0.615625 0.91015625 0.0296875 0.0421875
2 0.52421875 0.88359375 0.025 0.0375
2 0.471875 0.90625 0.021875 0.04375
2 0.43828125 0.8546875 0.03125 0.0359375
2 0.4421875 0.8203125 0.025 0.0359375
2 0.41953125 0.796875 0.025 0.0375
2 0.425 0.7609375 0.025 0.0421875
2 0.44375 0.784375 0.0296875 0.0375
2 0.45078125 0.7515625 0.028125 0.0375
2 0.4671875 0.8046875 0.028125 0.040625
2 0.4609375 0.83984375 0.028125 0.0390625
2 0.4859375 0.8265625 0.03125 0.0421875
2 0.52734375 0.84765625 0.0265625 0.0375
2 0.54765625 0.86875 0.028125 0.03125
2 0.553125 0.83203125 0.0265625 0.0375
2 0.571875 0.89140625 0.025 0.0390625
2 0.61875 0.86640625 0.0296875 0.040625
2 0.59609375 0.83984375 0.0265625 0.0359375
2 0.578125 0.82109375 0.028125 0.04375
2 0.5421875 0.80078125 0.025 0.034375
2 0.52265625 0.7765625 0.0265625 0.0375
2 0.49921875 0.7578125 0.025 0.0359375
2 0.47734375 0.73984375 0.025 0.03125
2 0.45859375 0.71796875 0.0234375 0.0375
2 0.5 0.72109375 0.025 0.0375
2 0.51875 0.7421875 0.025 0.0375
2 0.54375 0.72890625 0.03125 0.0328125
2 0.52421875 0.7046875 0.028125 0.0375
2 0.50234375 0.68515625 0.0296875 0.0375
2 0.50859375 0.6484375 0.028125 0.034375
2 0.4875 0.6234375 0.025 0.034375
2 0.4625 0.6421875 0.0265625 0.0375
2 0.46640625 0.60859375 0.025 0.0375
2 0.44453125 0.58828125 0.034375 0.040625
2 0.46875 0.57109375 0.025 0.034375
2 0.49140625 0.59765625 0.025 0.0421875
2 0.49375 0.56015625 0.028125 0.0359375
2 0.5125 0.6109375 0.025 0.040625
2 0.51171875 0.58359375 0.0296875 0.0359375
2 0.52578125 0.6734375 0.0234375 0.040625
2 0.53359375 0.6359375 0.021875 0.0375
2 0.53828125 0.59921875 0.0234375 0.0375
2 0.5515625 0.65703125 0.025 0.0375
2 0.54921875 0.6921875 0.025 0.04375
2 0.5703125 0.71328125 0.0265625 0.03125
2 0.57265625 0.6796875 0.0265625 0.040625
2 0.59375 0.6984375 0.025 0.0375
2 0.59140625 0.73515625 0.021875 0.0359375
2 0.61015625 0.7578125 0.0234375 0.0375
2 0.60234375 0.79921875 0.0234375 0.0390625
2 0.61875 0.82734375 0.0234375 0.0359375
2 0.64453125 0.81796875 0.025 0.034375
2 0.67109375 0.81015625 0.028125 0.0375
2 0.65625 0.77890625 0.0265625 0.0390625
2 0.64375 0.63984375 0.025 0.0359375
2 0.6234375 0.65 0.028125 0.03125
2 0.6203125 0.6875 0.028125 0.0390625
2 0.61875 0.71328125 0.03125 0.0375
2 0.60078125 0.625 0.025 0.0359375
2 0.5765625 0.64140625 0.0265625 0.034375
2 0.55859375 0.6203125 0.0265625 0.0359375
2 0.578125 0.60703125 0.03125 0.0375
2 0.6 0.59296875 0.025 0.04375
2 0.62109375 0.615625 0.025 0.040625
2 0.665625 0.58125 0.0296875 0.040625
2 0.64765625 0.56015625 0.025 0.03125
2 0.6515625 0.5265625 0.0234375 0.0375
2 0.628125 0.53671875 0.028125 0.0375
2 0.62734375 0.50078125 0.03125 0.0375
2 0.60546875 0.5515625 0.028125 0.040625
2 0.58203125 0.5703125 0.03125 0.0375
2 0.58046875 0.53359375 0.028125 0.040625
2 0.60234375 0.51640625 0.0265625 0.03125
2 0.58203125 0.4953125 0.025 0.034375
2 0.60546875 0.4796875 0.0265625 0.028125
2 0.5859375 0.45703125 0.025 0.0375
2 0.56328125 0.46875 0.025 0.034375
2 0.5421875 0.4859375 0.0234375 0.034375
2 0.51640625 0.54375 0.025 0.0421875
2 0.5375 0.5640625 0.025 0.034375
2 0.55625 0.5859375 0.034375 0.040625
2 0.5390625 0.52890625 0.025 0.04375
2 0.4984375 0.5234375 0.03125 0.0421875
2 0.5 0.4859375 0.03125 0.0390625
2 0.475 0.5 0.028125 0.0390625
2 0.45390625 0.48671875 0.028125 0.0375
2 0.47734375 0.43359375 0.0234375 0.0375
2 0.5171875 0.4671875 0.025 0.0359375
2 0.51953125 0.43515625 0.025 0.034375
2 0.540625 0.453125 0.028125 0.034375
2 0.54609375 0.4203125 0.028125 0.0375
2 0.565625 0.43671875 0.03125 0.0390625
2 0.5203125 0.4 0.03125 0.0375
2 0.503125 0.37890625 0.028125 0.03125
2 0.51015625 0.346875 0.0234375 0.0375
2 0.5265625 0.3671875 0.025 0.04375
2 0.5453125 0.38359375 0.028125 0.0375
2 0.54921875 0.35 0.025 0.040625
2 0.53125 0.3296875 0.028125 0.0375
2 0.5515625 0.3109375 0.028125 0.0421875
2 0.5984375 0.36015625 0.025 0.0375
2 0.6015625 0.32734375 0.025 0.0359375
2 0.62109375 0.34453125 0.0296875 0.0375
2 0.62890625 0.30859375 0.028125 0.0375
2 0.61328125 0.4125 0.0296875 0.0390625
2 0.6171875 0.37265625 0.03125 0.04375
2 0.63359375 0.4328125 0.028125 0.0375
2 0.66015625 0.41953125 0.03125 0.0375