2 0.10859375 0.646875 0.02890625 0.01796875
2 0.1265625 0.6671875 0.02421875 0.0171875
2 0.15390625 0.61796875 0.02734375 0.01796875
2 0.17578125 0.61484375 0.02578125 0.0203125
2 0.196875 0.6203125 0.025 0.0203125
2 0.21796875 0.62421875 0.02421875 0.01953125
2 0.2421875 0.61484375 0.0234375 0.01640625
2 0.1453125 0.68125 0.02578125 0.0171875
2 0.16796875 0.69140625 0.025 0.0171875
2 0.2171875 0.690625 0.0234375 0.01796875
2 0.2390625 0.68828125 0.02265625 0.01875
2 0.2578125 0.67890625 0.02421875 0.01875
0 0.13984375 0.64296875 0.02421875 0.0171875
0 0.1421875 0.659375 0.0234375 0.01796875
0 0.15546875 0.671875 0.028125 0.0171875
0 0.175 0.68046875 0.025 0.0171875
1 0.2109375 0.66953125 0.0234375 0.01640625
1 0.20703125 0.653125 0.02578125 0.01875
1 0.21953125 0.6421875 0.02109375 0.0171875
1 0.23984375 0.65 0.021875 0.01484375
1 0.23203125 0.665625 0.02421875 0.01640625
1 0.1828125 0.6515625 0.0265625 0.01875
1 0.19765625 0.63984375 0.02265625 0.0171875
1 0.17109375 0.6375 0.02265625 0.0171875
0 0.2625 0.646875 0.021875 0.01640625
0 0.2578125 0.63203125 0.021875 0.01640625
0 0.23828125 0.63515625 0.02109375 0.01796875
0 0.25625 0.6609375 0.02421875 0.0171875
0 0.2796875 0.65859375 0.021875 0.01796875
0 0.2796875 0.62734375 0.02109375 0.01796875
0 0.27578125 0.6125 0.02421875 0.0171875
0 0.31015625 0.61171875 0.021875 0.0171875
0 0.31328125 0.62734375 0.0203125 0.015625
0 0.31328125 0.64140625 0.021875 0.01875
0 0.29921875 0.65234375 0.025 0.015625
0 0.32109375 0.65625 0.02265625 0.01796875
2 0.27734375 0.58203125 0.025 0.01640625
2 0.2578125 0.60546875 0.02109375 0.01875
2 0.2703125 0.59609375 0.02109375 0.01640625
0 0.2890625 0.6015625 0.02421875 0.01640625
2 0.3 0.66875 0.02109375 0.0171875
2 0.34453125 0.66953125 0.02109375 0.015625
2 0.3203125 0.66796875 0.02265625 0.01484375
0 0.3359375 0.64296875 0.02421875 0.015625
0 0.33046875 0.6296875 0.02109375 0.015625
0 0.33046875 0.61484375 0.02265625 0.0171875
0 0.35078125 0.63046875 0.02109375 0.01640625
0 0.35625 0.64453125 0.02421875 0.01640625
0 0.346875 0.65546875 0.02109375 0.015625
0 0.35234375 0.6 0.025 0.01640625
0 0.34921875 0.6140625 0.021875 0.01640625
1 0.38046875 0.615625 0.02109375 0.0171875
1 0.40078125 0.6203125 0.02265625 0.01484375
1 0.38125 0.63046875 0.0234375 0.01484375
1 0.39921875 0.6328125 0.02421875 0.0171875
1 0.4234375 0.60625 0.01796875 0.01640625
1 0.440625 0.61640625 0.02109375 0.015625
1 0.446875 0.63125 0.021875 0.0171875
1 0.359375 0.63203125 0.0203125 0.01484375
1 0.36015625 0.615625 0.01953125 0.01640625
1 0.43125 0.64375 0.0234375 0.01640625
1 0.45390625 0.64609375 0.0203125 0.0140625
1 0.465625 0.63515625 0.01953125 0.01640625
1 0.48203125 0.63046875 0.02265625 0.01484375
1 0.51796875 0.58359375 0.01953125 0.01796875
1 0.5015625 0.59296875 0.02109375 0.0140625
1 0.48515625 0.59921875 0.021875 0.01796875
1 0.46484375 0.60078125 0.025 0.0171875
1 0.47578125 0.61328125 0.02421875 0.0171875
1 0.4609375 0.61953125 0.0203125 0.01640625
1 0.496875 0.61328125 0.021875 0.0171875
1 0.51171875 0.60390625 0.025 0.01796875
1 0.5265625 0.59296875 0.0234375 0.0171875
1 0.534375 0.57265625 0.02421875 0.0171875
1 0.5421875 0.58359375 0.021875 0.0171875
1 0.546875 0.59765625 0.0234375 0.01640625
1 0.53203125 0.6078125 0.025 0.01484375
1 0.521875 0.61875 0.0203125 0.01640625
1 0.503125 0.628125 0.02265625 0.01484375
1 0.47421875 0.64921875 0.02265625 0.01484375
1 0.4921875 0.6421875 0.0265625 0.015625
1 0.51328125 0.63828125 0.021875 0.015625
1 0.53203125 0.63046875 0.02109375 0.015625
1 0.54453125 0.61796875 0.0203125 0.01640625
1 0.56015625 0.6109375 0.02109375 0.01796875
1 0.59140625 0.55390625 0.02109375 0.01484375
1 0.58046875 0.5671875 0.02109375 0.01640625
1 0.58125 0.58125 0.02109375 0.01484375
1 0.56015625 0.57421875 0.02578125 0.01796875
1 0.56328125 0.5890625 0.02421875 0.0171875
1 0.55078125 0.5640625 0.0234375 0.015625
1 0.57109375 0.55546875 0.021875 0.01875
1 0.22421875 0.67890625 0.0203125 0.0140625
1 0.29453125 0.62734375 0.0203125 0.01640625
1 0.2890625 0.64140625 0.021875 0.015625
0 0.60078125 0.5421875 0.0203125 0.0171875
0 0.6203125 0.54609375 0.01953125 0.0171875
0 0.62109375 0.5640625 0.02109375 0.015625
0 0.6046875 0.5734375 0.02109375 0.01796875
0 0.62421875 0.57890625 0.02109375 0.0171875
0 0.640625 0.57109375 0.01796875 0.01640625
0 0.63046875 0.59453125 0.021875 0.01484375
0 0.609375 0.590625 0.02109375 0.01796875
0 0.5921875 0.596875 0.02421875 0.01640625
0 0.60859375 0.60859375 0.02265625 0.01640625
0 0.590625 0.615625 0.0234375 0.0171875
0 0.5703125 0.63046875 0.0234375 0.01796875
0 0.5875 0.63671875 0.02265625 0.0171875
0 0.4734375 0.56640625 0.0203125 0.01640625
0 0.48984375 0.57109375 0.02265625 0.01640625
0 0.521875 0.56484375 0.0234375 0.0171875
0 0.5328125 0.5546875 0.0234375 0.0171875
0 0.478125 0.58359375 0.02578125 0.01875
0 0.45859375 0.5734375 0.021875 0.01640625
0 0.45703125 0.5875 0.021875 0.0171875
0 0.4 0.59453125 0.02109375 0.01640625
0 0.41953125 0.59453125 0.0203125 0.015625
0 0.43828125 0.5921875 0.02109375 0.0171875
0 0.390625 0.6046875 0.01875 0.01640625
0 0.3875 0.65703125 0.02109375 0.01796875
0 0.40234375 0.6484375 0.0234375 0.01796875
0 0.41484375 0.66484375 0.02265625 0.0171875
0 0.4375 0.6625 0.02109375 0.01640625
2 0.421875 0.7109375 0.02109375 0.015625
2 0.4 0.70703125 0.02265625 0.01796875
2 0.384375 0.70078125 0.02109375 0.02109375
2 0.403125 0.69296875 0.02578125 0.01875
2 0.4265625 0.69453125 0.0265625 0.01953125
2 0.38125 0.68125 0.025 0.0203125
2 0.39765625 0.6734375 0.0203125 0.01796875
2 0.42109375 0.67578125 0.0203125 0.01640625
2 0.43984375 0.675 0.0203125 0.0140625
2 0.3765625 0.66328125 0.02109375 0.01640625
0 0.46015625 0.6578125 0.02109375 0.01484375
0 0.50078125 0.653125 0.02109375 0.01328125
0 0.521875 0.64609375 0.0234375 0.01640625
2 0.4828125 0.6640625 0.02109375 0.0171875
2 0.46015625 0.6703125 0.02265625 0.01484375
2 0.5015625 0.66875 0.02109375 0.01640625
2 0.51796875 0.6578125 0.01953125 0.0140625
2 0.5375 0.65703125 0.01953125 0.0171875
2 0.5484375 0.6453125 0.0203125 0.015625
2 0.5609375 0.6578125 0.021875 0.0171875
2 0.5828125 0.65859375 0.021875 0.01640625
2 0.61640625 0.6359375 0.01953125 0.0171875
2 0.63359375 0.609375 0.021875 0.01484375
2 0.59921875 0.6265625 0.0203125 0.0140625
2 0.66171875 0.5828125 0.02421875 0.0171875
2 0.64609375 0.59453125 0.01875 0.0140625
2 0.6578125 0.56953125 0.02109375 0.0171875
2 0.6375 0.54609375 0.01796875 0.0171875
2 0.64609375 0.53203125 0.0234375 0.0171875
2 0.6359375 0.525 0.02109375 0.01484375
2 0.62578125 0.53671875 0.02109375 0.01328125
2 0.6296875 0.51328125 0.0234375 0.01640625
2 0.6140625 0.51953125 0.01953125 0.01640625
2 0.60234375 0.53046875 0.02421875 0.01640625
2 0.5921875 0.51875 0.0203125 0.01640625
0 0.578125 0.54140625 0.01953125 0.01328125
2 0.54140625 0.53515625 0.0203125 0.01875
2 0.55859375 0.5375 0.0203125 0.0140625
2 0.50546875 0.553125 0.02265625 0.015625
2 0.521875 0.5453125 0.025 0.015625
2 0.37421875 0.5890625 0.02109375 0.0171875
2 0.3359375 0.59609375 0.01953125 0.01640625
2 0.19296875 0.6875 0.0203125 0.015625
0 0.20078125 0.67734375 0.02109375 0.01640625
1 0.1609375 0.64765625 0.01796875 0.01640625
0 0.425 0.621875 0.02109375 0.0171875