2 0.590625 0.4625 0.01875 0.0203125
2 0.57578125 0.45390625 0.021875 0.01875
2 0.5609375 0.44453125 0.025 0.015625
2 0.55703125 0.45703125 0.025 0.015625
2 0.56875 0.4671875 0.021875 0.0171875
2 0.5390625 0.45078125 0.01875 0.01875
2 0.52421875 0.43828125 0.01875 0.0171875
2 0.5046875 0.44140625 0.021875 0.0171875
2 0.5734375 0.484375 0.025 0.0171875
2 0.53984375 0.4734375 0.01875 0.0171875
2 0.553125 0.4859375 0.01875 0.0140625
2 0.5703125 0.496875 0.025 0.015625
2 0.56640625 0.51171875 0.01875 0.01875
2 0.4921875 0.446875 0.01875 0.0140625
2 0.4671875 0.46171875 0.01875 0.0140625
2 0.45703125 0.475 0.01875 0.015625
2 0.4515625 0.48671875 0.021875 0.015625
2 0.44609375 0.5015625 0.021875 0.015625
2 0.43828125 0.51953125 0.025 0.0171875
2 0.5328125 0.5796875 0.01875 0.015625
2 0.53828125 0.56640625 0.01875 0.015625
2 0.54453125 0.553125 0.021875 0.01875
2 0.53359375 0.5421875 0.015625 0.0125
2 0.54296875 0.53125 0.01875 0.0125
2 0.54609375 0.521875 0.01875 0.0140625
2 0.55078125 0.50859375 0.0171875 0.0140625
2 0.5546875 0.4984375 0.01875 0.0125
2 0.51953125 0.45078125 0.015625 0.0140625
2 0.4203125 0.53203125 0.0203125 0.015625
2 0.4328125 0.54453125 0.01875 0.015625
2 0.44375 0.53203125 0.021875 0.0140625
2 0.41328125 0.546875 0.0171875 0.0125
2 0.40234375 0.55546875 0.021875 0.0171875
2 0.5 0.61484375 0.0265625 0.0171875
2 0.5140625 0.5984375 0.025 0.015625
2 0.51484375 0.58515625 0.01875 0.0125
0 0.51328125 0.5453125 0.025 0.0171875
0 0.5203125 0.53203125 0.015625 0.0109375
0 0.50703125 0.51875 0.01875 0.015625
0 0.52421875 0.51953125 0.01875 0.015625
0 0.53125 0.50625 0.01875 0.015625
0 0.52734375 0.4875 0.015625 0.0125
0 0.5171875 0.478125 0.01875 0.015625
0 0.5265625 0.4640625 0.015625 0.0140625
0 0.509375 0.4671875 0.01875 0.015625
0 0.49375 0.47265625 0.01875 0.015625
0 0.5046875 0.484375 0.021875 0.0125
0 0.48671875 0.48359375 0.021875 0.015625
0 0.51171875 0.5046875 0.01875 0.015625
0 0.49140625 0.50859375 0.021875 0.015625
0 0.47578125 0.49921875 0.0203125 0.0125
0 0.49609375 0.496875 0.0203125 0.015625
0 0.4890625 0.521875 0.021875 0.01875
0 0.46875 0.52734375 0.01875 0.0125
0 0.4671875 0.51171875 0.0171875 0.0171875
0 0.50234375 0.53125 0.021875 0.0125
0 0.49765625 0.54609375 0.01875 0.0125
0 0.50234375 0.5640625 0.021875 0.015625
0 0.49609375 0.58125 0.021875 0.015625
0 0.4828125 0.5640625 0.01875 0.015625
0 0.453125 0.55546875 0.0171875 0.015625
0 0.45625 0.540625 0.0203125 0.015625
0 0.47890625 0.54296875 0.0203125 0.015625
0 0.45546875 0.57890625 0.01875 0.0125
0 0.47578125 0.578125 0.0203125 0.015625
0 0.46796875 0.590625 0.021875 0.015625
0 0.45078125 0.59453125 0.01875 0.0140625
0 0.446875 0.56875 0.025 0.01875
0 0.43515625 0.55859375 0.021875 0.0140625
0 0.4234375 0.57109375 0.01875 0.015625
0 0.4375 0.58125 0.021875 0.0125
0 0.4328125 0.59453125 0.0203125 0.015625
0 0.41171875 0.58203125 0.0203125 0.015625
0 0.40546875 0.59765625 0.01875 0.015625
0 0.4265625 0.60859375 0.025 0.015625
0 0.40546875 0.6109375 0.021875 0.015625
0 0.3890625 0.6015625 0.0234375 0.0140625
0 0.3828125 0.61484375 0.0234375 0.015625
0 0.39140625 0.6390625 0.025 0.01875
0 0.3796875 0.62890625 0.025 0.015625
0 0.36328125 0.6359375 0.0234375 0.015625
0 0.371875 0.646875 0.025 0.015625
0 0.3875 0.65703125 0.021875 0.0140625
0 0.353125 0.6453125 0.01875 0.0140625
0 0.36484375 0.65703125 0.021875 0.015625
0 0.37578125 0.66640625 0.0234375 0.0109375
0 0.35546875 0.66953125 0.025 0.01875
0 0.34140625 0.6609375 0.021875 0.0171875
0 0.325 0.66640625 0.021875 0.0140625
0 0.25390625 0.77734375 0.025 0.015625
0 0.24296875 0.7640625 0.0234375 0.0125
0 0.25703125 0.74921875 0.028125 0.021875
0 0.26640625 0.765625 0.028125 0.0171875
0 0.27421875 0.778125 0.025 0.015625
0 0.26796875 0.79375 0.028125 0.0171875
0 0.3046875 0.77109375 0.028125 0.01875
0 0.32734375 0.775 0.028125 0.01875
0 0.33203125 0.759375 0.0328125 0.01875
0 0.32421875 0.7453125 0.025 0.021875
0 0.3046875 0.74140625 0.01875 0.021875
0 0.2875 0.7296875 0.025 0.01875
0 0.30078125 0.71328125 0.021875 0.0140625
0 0.315625 0.703125 0.025 0.015625
0 0.3265625 0.6921875 0.025 0.015625
0 0.34921875 0.6859375 0.01875 0.015625
0 0.334375 0.6765625 0.025 0.0140625
0 0.36796875 0.684375 0.021875 0.01875
0 0.35703125 0.70078125 0.025 0.021875
0 0.3453125 0.71328125 0.025 0.01875
0 0.3375 0.73046875 0.025 0.01875
0 0.3640625 0.728125 0.021875 0.015625
0 0.39609375 0.671875 0.025 0.015625
0 0.4046875 0.65859375 0.0234375 0.0203125
0 0.3953125 0.69453125 0.025 0.0203125
0 0.4046875 0.6375 0.025 0.01875
0 0.4015625 0.6234375 0.021875 0.015625
0 0.4203125 0.6203125 0.021875 0.01875
2 0.4640625 0.60625 0.025 0.01875
2 0.490625 0.59765625 0.0234375 0.0171875
2 0.459375 0.61953125 0.0171875 0.015625
2 0.4390625 0.62265625 0.021875 0.0171875
2 0.45078125 0.63203125 0.025 0.015625
2 0.42734375 0.63515625 0.01875 0.0125
2 0.44140625 0.64765625 0.025 0.0171875
2 0.43046875 0.66015625 0.025 0.01875
2 0.43046875 0.6828125 0.025 0.01875
2 0.415625 0.67265625 0.0171875 0.0140625
2 0.41875 0.646875 0.0171875 0.015625
2 0.425 0.6953125 0.028125 0.01875
2 0.41015625 0.70859375 0.025 0.01875
2 0.39609375 0.7296875 0.025 0.0203125
2 0.38671875 0.71328125 0.01875 0.015625
2 0.36796875 0.71171875 0.01875 0.015625
2 0.3859375 0.75859375 0.0265625 0.021875
2 0.365625 0.7484375 0.021875 0.0171875
2 0.35546875 0.76171875 0.01875 0.01875
2 0.33203125 0.790625 0.028125 0.01875
2 0.315625 0.80234375 0.025 0.01875
2 0.31015625 0.7875 0.0171875 0.015625
2 0.29609375 0.80859375 0.021875 0.0203125
2 0.275 0.8125 0.028125 0.0203125
2 0.2890625 0.78984375 0.01875 0.01875
2 0.24765625 0.809375 0.025 0.0171875
2 0.23125 0.8171875 0.0234375 0.0171875
2 0.2390625 0.79453125 0.021875 0.01875
2 0.215625 0.8078125 0.03125 0.0234375
2 0.21171875 0.79453125 0.028125 0.0171875
2 0.2140625 0.76875 0.025 0.01875
2 0.22578125 0.75234375 0.021875 0.01875
2 0.221875 0.73515625 0.021875 0.015625
2 0.21015625 0.74765625 0.025 0.01875
2 0.2375 0.77578125 0.0203125 0.01875
2 0.25703125 0.7296875 0.025 0.0171875
2 0.26328125 0.7125 0.0296875 0.01875
2 0.2921875 0.7 0.021875 0.015625
2 0.303125 0.68828125 0.025 0.0171875
2 0.3046875 0.66015625 0.025 0.01875
2 0.31640625 0.6515625 0.021875 0.021875
2 0.3265625 0.640625 0.0296875 0.01875
2 0.33671875 0.628125 0.028125 0.015625
2 0.346875 0.6140625 0.01875 0.0171875
2 0.36875 0.61328125 0.01875 0.015625
2 0.34609375 0.59609375 0.025 0.01875
2 0.35546875 0.58515625 0.021875 0.015625
2 0.3671875 0.57578125 0.025 0.015625
2 0.38359375 0.5859375 0.0234375 0.015625