0 0.68046875 0.47890625 0.0296875 0.0375
0 0.69765625 0.4734375 0.028125 0.040625
0 0.6875 0.509375 0.0296875 0.0375
0 0.6875 0.4390625 0.03125 0.0453125
0 0.67734375 0.39921875 0.0296875 0.040625
0 0.66171875 0.3671875 0.03125 0.04375
2 0.6046875 0.29375 0.034375 0.04375
2 0.62734375 0.2765625 0.0296875 0.04375
2 0.640625 0.309375 0.03125 0.04375
2 0.6203125 0.33359375 0.0296875 0.04375
2 0.61640625 0.3671875 0.03125 0.040625
2 0.64296875 0.35859375 0.03125 0.040625
2 0.63515625 0.3953125 0.0296875 0.0390625
2 0.6609375 0.3328125 0.03125 0.040625
2 0.7140625 0.3609375 0.0359375 0.04375
2 0.72734375 0.40078125 0.034375 0.0375
2 0.734375 0.43125 0.0328125 0.0328125
2 0.75078125 0.46171875 0.0359375 0.040625
2 0.73046875 0.47734375 0.028125 0.040625
2 0.70390625 0.4171875 0.03125 0.04375
2 0.65 0.42265625 0.034375 0.040625
2 0.640625 0.459375 0.0296875 0.0390625
2 0.6546875 0.49375 0.03125 0.04375
2 0.7296875 0.51875 0.03125 0.05
2 0.7203125 0.55625 0.034375 0.04375
2 0.69296875 0.56171875 0.034375 0.046875