0 0.5046875 0.71171875 0.0375 0.0234375
0 0.49375 0.6921875 0.0375 0.025
0 0.4640625 0.74296875 0.0375 0.0296875
0 0.4546875 0.71796875 0.03125 0.025
0 0.4265625 0.71484375 0.0375 0.025
0 0.44453125 0.7015625 0.03125 0.0234375
0 0.4109375 0.69921875 0.040625 0.025
0 0.48125 0.6703125 0.0328125 0.025
0 0.4921875 0.653125 0.034375 0.021875
0 0.50703125 0.634375 0.034375 0.0265625
0 0.54609375 0.58671875 0.028125 0.021875
0 0.51484375 0.52421875 0.03125 0.025
0 0.52265625 0.50625 0.028125 0.0265625
0 0.53515625 0.48828125 0.03125 0.025
1 0.38125 0.65859375 0.0296875 0.025
1 0.42265625 0.6796875 0.0296875 0.025
1 0.4578125 0.59140625 0.0296875 0.021875
1 0.4046875 0.578125 0.03125 0.021875
1 0.41875 0.54296875 0.0265625 0.025
1 0.43828125 0.559375 0.0265625 0.0234375
1 0.4734375 0.5515625 0.025 0.021875
1 0.52578125 0.5625 0.03125 0.0265625
2 0.4421875 0.75859375 0.034375 0.025
2 0.42265625 0.74296875 0.034375 0.025
2 0.47890625 0.76328125 0.034375 0.025
2 0.49296875 0.74296875 0.034375 0.0265625
2 0.53125 0.71796875 0.034375 0.028125
2 0.5421875 0.6984375 0.0359375 0.025
2 0.51875 0.678125 0.034375 0.028125
2 0.5515625 0.6765625 0.0375 0.0296875
2 0.5359375 0.65859375 0.034375 0.0265625
2 0.54453125 0.63828125 0.03125 0.0265625
2 0.57421875 0.65234375 0.0375 0.0265625
2 0.571875 0.63125 0.0359375 0.025
2 0.56015625 0.6171875 0.034375 0.0265625
2 0.5859375 0.61171875 0.0296875 0.0265625
2 0.61484375 0.62421875 0.0328125 0.025
2 0.6125 0.603125 0.0359375 0.0265625
2 0.60078125 0.58359375 0.034375 0.025
2 0.63046875 0.58203125 0.034375 0.028125
2 0.6125 0.56484375 0.0375 0.025
2 0.57421875 0.59140625 0.0296875 0.025
2 0.3375 0.61171875 0.03125 0.025
2 0.35625 0.5984375 0.03125 0.0234375
2 0.35390625 0.5765625 0.0328125 0.025
2 0.55390625 0.54921875 0.0328125 0.0234375
2 0.54296875 0.52890625 0.0328125 0.025
2 0.553125 0.5125 0.0328125 0.025
2 0.5640625 0.49140625 0.0328125 0.0265625
2 0.5734375 0.471875 0.03125 0.021875
2 0.5796875 0.453125 0.034375 0.0265625
2 0.55859375 0.459375 0.034375 0.028125
2 0.5640625 0.43671875 0.028125 0.025
2 0.38046875 0.48671875 0.034375 0.028125
2 0.36875 0.5578125 0.0296875 0.021875
2 0.3703125 0.53046875 0.0296875 0.025
2 0.55234375 0.40546875 0.034375 0.028125
2 0.53671875 0.3875 0.0296875 0.025
2 0.47578125 0.359375 0.03125 0.01875
2 0.42734375 0.36328125 0.0265625 0.021875
2 0.4109375 0.38359375 0.0296875 0.025
2 0.43671875 0.39296875 0.025 0.0203125
2 0.41484375 0.4140625 0.0296875 0.028125
2 0.40546875 0.43515625 0.03125 0.021875