2 0.50703125 0.62265625 0.01875 0.01875
2 0.49921875 0.609375 0.01875 0.01875
2 0.490625 0.5953125 0.0140625 0.021875
2 0.50234375 0.5921875 0.015625 0.021875
2 0.51171875 0.603125 0.015625 0.0203125
2 0.49609375 0.57578125 0.015625 0.0171875
2 0.484375 0.56171875 0.015625 0.01875
2 0.4875 0.54375 0.015625 0.021875
2 0.52734375 0.6078125 0.015625 0.021875
2 0.5171875 0.5765625 0.015625 0.015625
2 0.52890625 0.58828125 0.0125 0.01875
2 0.53828125 0.6046875 0.0140625 0.021875
2 0.553125 0.60078125 0.015625 0.01875
2 0.4921875 0.53203125 0.0125 0.01875
2 0.50625 0.509375 0.0125 0.015625
2 0.51796875 0.5 0.0140625 0.01875
2 0.5296875 0.49453125 0.0140625 0.021875
2 0.54375 0.48984375 0.015625 0.021875
2 0.559375 0.4828125 0.015625 0.021875
2 0.615625 0.56953125 0.0140625 0.01875
2 0.603125 0.575 0.015625 0.01875
2 0.590625 0.58046875 0.01875 0.021875
2 0.58125 0.5703125 0.0109375 0.015625
2 0.5703125 0.5796875 0.0125 0.01875
2 0.5625 0.58203125 0.0125 0.01875
2 0.55 0.58671875 0.0125 0.015625
2 0.540625 0.58984375 0.0109375 0.01875
2 0.49609375 0.5578125 0.0125 0.0140625
2 0.571875 0.465625 0.0140625 0.01875
2 0.5828125 0.47734375 0.0140625 0.01875
2 0.571875 0.4875 0.0125 0.021875
2 0.58515625 0.459375 0.0125 0.015625
2 0.59296875 0.44921875 0.015625 0.021875
2 0.64765625 0.53984375 0.015625 0.025
2 0.6328125 0.55234375 0.015625 0.021875
2 0.6203125 0.553125 0.0109375 0.015625
0 0.58359375 0.5515625 0.015625 0.0234375
0 0.57109375 0.5578125 0.009375 0.0140625
0 0.55859375 0.54609375 0.015625 0.0171875
0 0.559375 0.56171875 0.0140625 0.01875
0 0.54765625 0.56796875 0.0140625 0.015625
0 0.53046875 0.5640625 0.0109375 0.0140625
0 0.52109375 0.55546875 0.0140625 0.015625
0 0.50859375 0.5640625 0.0125 0.0140625
0 0.51171875 0.54765625 0.015625 0.01875
0 0.51640625 0.53359375 0.0140625 0.0171875
0 0.52734375 0.54375 0.0109375 0.01875
0 0.5265625 0.52734375 0.015625 0.01875
0 0.54609375 0.55 0.015625 0.01875
0 0.54921875 0.53203125 0.0140625 0.021875
0 0.540625 0.5171875 0.0125 0.01875
0 0.5390625 0.5359375 0.015625 0.01875
0 0.5625 0.5296875 0.015625 0.0203125
0 0.56640625 0.51015625 0.0125 0.015625
0 0.55234375 0.50859375 0.015625 0.015625
0 0.5703125 0.54140625 0.0109375 0.0203125
0 0.584375 0.5375 0.0125 0.015625
0 0.60078125 0.54140625 0.015625 0.0203125
0 0.61640625 0.5359375 0.015625 0.021875
0 0.60078125 0.5234375 0.015625 0.01875
0 0.59296875 0.49609375 0.0140625 0.015625
0 0.57890625 0.4984375 0.0140625 0.01875
0 0.58203125 0.5203125 0.0140625 0.01875
0 0.61484375 0.4984375 0.0125 0.01875
0 0.6140625 0.5171875 0.0140625 0.01875
0 0.62578125 0.509375 0.015625 0.021875
0 0.62890625 0.49375 0.0125 0.01875
0 0.60546875 0.490625 0.01875 0.021875
0 0.5953125 0.4796875 0.0125 0.0203125
0 0.60703125 0.46796875 0.0140625 0.01875
0 0.61640625 0.48125 0.0109375 0.021875
0 0.62890625 0.47734375 0.0140625 0.01875
0 0.6171875 0.4578125 0.0140625 0.01875
0 0.63203125 0.4515625 0.015625 0.01875
0 0.64140625 0.47109375 0.0140625 0.021875
0 0.64375 0.4515625 0.015625 0.021875
0 0.6359375 0.43671875 0.0125 0.021875
0 0.6484375 0.43046875 0.0140625 0.021875
0 0.6703125 0.4390625 0.015625 0.021875
0 0.6609375 0.428125 0.015625 0.025
0 0.66796875 0.41328125 0.0140625 0.021875
0 0.67734375 0.42109375 0.015625 0.025
0 0.68671875 0.43515625 0.0125 0.0203125
0 0.67578125 0.40390625 0.0125 0.0171875
0 0.68671875 0.4140625 0.0140625 0.0203125
0 0.6953125 0.425 0.009375 0.021875
0 0.6984375 0.40546875 0.01875 0.0234375
0 0.690625 0.39296875 0.015625 0.0203125
0 0.6953125 0.37734375 0.0125 0.01875
0 0.79765625 0.31171875 0.0140625 0.021875
0 0.7859375 0.3015625 0.0109375 0.021875
0 0.77265625 0.31484375 0.0203125 0.025
0 0.78671875 0.3234375 0.015625 0.025
0 0.7984375 0.33046875 0.015625 0.0234375
0 0.81328125 0.325 0.015625 0.025
0 0.7921875 0.359375 0.0171875 0.025
0 0.79609375 0.3796875 0.0171875 0.025
0 0.78203125 0.38359375 0.01875 0.0296875
0 0.76875 0.3765625 0.0203125 0.0234375
0 0.76484375 0.35859375 0.01875 0.01875
0 0.75390625 0.34296875 0.01875 0.021875
0 0.7390625 0.35546875 0.0125 0.0203125
0 0.7296875 0.36875 0.015625 0.025
0 0.71953125 0.37890625 0.015625 0.025
0 0.71328125 0.4 0.0140625 0.0171875
0 0.7046875 0.3859375 0.0125 0.021875
0 0.71171875 0.4171875 0.015625 0.021875
0 0.72734375 0.4078125 0.0203125 0.021875
0 0.7390625 0.39609375 0.01875 0.021875
0 0.7546875 0.38984375 0.01875 0.021875
0 0.753125 0.41328125 0.015625 0.021875
0 0.70078125 0.44296875 0.0140625 0.021875
0 0.68828125 0.45078125 0.01875 0.021875
0 0.72109375 0.4421875 0.01875 0.021875
0 0.66875 0.45078125 0.01875 0.021875
0 0.65546875 0.4484375 0.015625 0.0203125
0 0.653125 0.465625 0.01875 0.021875
2 0.63984375 0.50625 0.0171875 0.025
2 0.63203125 0.53046875 0.015625 0.021875
2 0.65234375 0.5015625 0.0140625 0.015625
2 0.6546875 0.4828125 0.015625 0.0203125
2 0.6640625 0.49375 0.015625 0.021875
2 0.6671875 0.47265625 0.0125 0.01875
2 0.678125 0.4859375 0.015625 0.025
2 0.68984375 0.475 0.01875 0.021875
2 0.7109375 0.47578125 0.015625 0.021875
2 0.7015625 0.46171875 0.0125 0.015625
2 0.67734375 0.4640625 0.0140625 0.015625
2 0.721875 0.46953125 0.0171875 0.025
2 0.73515625 0.45625 0.01875 0.021875
2 0.75390625 0.44296875 0.01875 0.025
2 0.73828125 0.434375 0.015625 0.01875
2 0.7375 0.41796875 0.0140625 0.015625
2 0.78046875 0.434375 0.01875 0.025
2 0.77109375 0.415625 0.015625 0.01875
2 0.78359375 0.40546875 0.01875 0.01875
2 0.8109375 0.384375 0.01875 0.025
2 0.82109375 0.36875 0.01875 0.0234375
2 0.8078125 0.3640625 0.015625 0.015625
2 0.8265625 0.35078125 0.01875 0.0203125
2 0.83046875 0.33125 0.01875 0.025
2 0.809375 0.34453125 0.01875 0.015625
2 0.828125 0.30546875 0.015625 0.021875
2 0.834375 0.290625 0.015625 0.021875
2 0.8140625 0.2984375 0.01875 0.01875
2 0.8265625 0.2765625 0.021875 0.028125
2 0.8140625 0.27265625 0.015625 0.025
2 0.78984375 0.275 0.015625 0.0234375
2 0.775 0.2859375 0.01875 0.01875
2 0.75859375 0.28203125 0.015625 0.021875
2 0.7703125 0.27109375 0.01875 0.025
2 0.796875 0.296875 0.015625 0.01875
2 0.75390625 0.31484375 0.015625 0.0234375
2 0.7375 0.3203125 0.01875 0.028125
2 0.7265625 0.34765625 0.0140625 0.01875
2 0.715625 0.35703125 0.015625 0.021875
2 0.68984375 0.359375 0.01875 0.0234375
2 0.68125 0.36953125 0.0203125 0.0203125
2 0.671875 0.37890625 0.01875 0.028125
2 0.66015625 0.38828125 0.0140625 0.025
2 0.646875 0.39765625 0.015625 0.01875
2 0.64609375 0.41796875 0.015625 0.0171875
2 0.63046875 0.39765625 0.015625 0.021875
2 0.6203125 0.40546875 0.015625 0.01875
2 0.6125 0.41640625 0.015625 0.0234375
2 0.62109375 0.43203125 0.0140625 0.021875