2 0.33828125 0.72734375 0.034375 0.025
2 0.31015625 0.72734375 0.0234375 0.021875
2 0.29453125 0.715625 0.025 0.01875
2 0.30234375 0.7 0.02109375 0.01875
2 0.31953125 0.71171875 0.0234375 0.0171875
2 0.32578125 0.69375 0.02421875 0.0203125
2 0.33984375 0.70625 0.02421875 0.01796875
2 0.35703125 0.7203125 0.025 0.01875
2 0.36640625 0.7046875 0.0265625 0.0234375
2 0.38984375 0.70859375 0.028125 0.01953125
2 0.3859375 0.69296875 0.0265625 0.01875
2 0.35234375 0.69296875 0.025 0.01875
2 0.33515625 0.678125 0.0234375 0.0203125
2 0.3109375 0.68125 0.02578125 0.0234375
2 0.290625 0.684375 0.02578125 0.02421875
2 0.29453125 0.665625 0.02734375 0.02265625
2 0.31796875 0.665625 0.0234375 0.01875
2 0.3046875 0.64921875 0.025 0.0203125
2 0.409375 0.69609375 0.025 0.021875
2 0.4265625 0.68359375 0.025 0.0203125
2 0.43359375 0.66640625 0.021875 0.01953125
2 0.275 0.5453125 0.03125 0.02109375
2 0.36796875 0.553125 0.0234375 0.01796875
2 0.40234375 0.565625 0.021875 0.0171875
2 0.378125 0.56796875 0.02109375 0.01484375
2 0.35625 0.5671875 0.0265625 0.01875
2 0.3328125 0.56796875 0.0265625 0.01953125
2 0.3203125 0.5859375 0.0265625 0.01796875
2 0.31015625 0.60625 0.02890625 0.02109375
2 0.30234375 0.62890625 0.025 0.01953125
2 0.43359375 0.57890625 0.025 0.01640625
2 0.41328125 0.58203125 0.028125 0.01953125
2 0.4515625 0.59296875 0.02421875 0.01875
2 0.4765625 0.59140625 0.02421875 0.021875
2 0.46953125 0.6078125 0.02421875 0.01796875
2 0.4453125 0.60703125 0.021875 0.01640625
2 0.46328125 0.62265625 0.021875 0.01640625
2 0.4453125 0.63515625 0.0265625 0.01640625
2 0.440625 0.64921875 0.025 0.015625
2 0.4234375 0.56484375 0.021875 0.0234375
0 0.44140625 0.56015625 0.02421875 0.01953125
0 0.378125 0.5875 0.0265625 0.0171875
0 0.35234375 0.58828125 0.0265625 0.01796875
0 0.34296875 0.6046875 0.02578125 0.01796875
0 0.36640625 0.60234375 0.025 0.0171875
0 0.390625 0.6 0.02890625 0.02109375
0 0.41484375 0.59765625 0.025 0.0203125
0 0.4078125 0.6125 0.0234375 0.015625
0 0.3828125 0.61484375 0.025 0.015625
0 0.35859375 0.61953125 0.0234375 0.0171875
0 0.3359375 0.62109375 0.02734375 0.015625
0 0.32890625 0.6390625 0.02734375 0.02109375
0 0.3484375 0.63515625 0.0234375 0.01875
0 0.365625 0.6453125 0.028125 0.01796875
0 0.37421875 0.6296875 0.01953125 0.01796875
0 0.39609375 0.62734375 0.02578125 0.01875
0 0.42109375 0.625 0.02421875 0.01953125
0 0.41328125 0.6390625 0.02734375 0.01796875
0 0.390625 0.6421875 0.0265625 0.015625
0 0.40625 0.65390625 0.021875 0.01640625
0 0.38359375 0.65703125 0.02578125 0.01640625
0 0.33984375 0.65390625 0.0265625 0.01796875
0 0.359375 0.66171875 0.0234375 0.0171875
0 0.3546875 0.67421875 0.02734375 0.021875
0 0.37734375 0.67265625 0.02578125 0.01953125
0 0.39765625 0.67109375 0.02734375 0.021875