2 0.18671875 0.69921875 0.0203125 0.015625
2 0.396875 0.37890625 0.015625 0.0125
2 0.4234375 0.4203125 0.015625 0.0125
2 0.3625 0.4375 0.021875 0.015625
2 0.37578125 0.44453125 0.015625 0.0125
2 0.38671875 0.45390625 0.01875 0.015625
2 0.36953125 0.45234375 0.01875 0.0125
2 0.37421875 0.4640625 0.01875 0.0125
2 0.38984375 0.46640625 0.015625 0.0125
2 0.30625 0.434375 0.0203125 0.015625
2 0.2890625 0.43203125 0.015625 0.0125
2 0.2765625 0.421875 0.0203125 0.0125
2 0.27109375 0.43046875 0.01875 0.0125
2 0.28125 0.44375 0.01875 0.015625
2 0.265625 0.44921875 0.021875 0.0140625
2 0.278125 0.459375 0.0171875 0.0125
2 0.26171875 0.4625 0.01875 0.015625
2 0.28125 0.47421875 0.021875 0.015625
2 0.26640625 0.47578125 0.0171875 0.015625
2 0.2828125 0.48515625 0.015625 0.0125
2 0.2984375 0.4890625 0.021875 0.0140625
2 0.265625 0.49140625 0.01875 0.0125
2 0.28359375 0.49765625 0.015625 0.0125
2 0.27109375 0.50546875 0.015625 0.0125
2 0.29296875 0.51015625 0.021875 0.0125
2 0.32109375 0.5109375 0.0234375 0.0140625
2 0.371875 0.490625 0.01875 0.0125
2 0.38515625 0.49609375 0.01875 0.015625
2 0.2703125 0.51796875 0.021875 0.015625
2 0.28828125 0.5234375 0.01875 0.015625
2 0.303125 0.52421875 0.01875 0.015625
2 0.32265625 0.52421875 0.025 0.015625
2 0.3296875 0.53515625 0.01875 0.0140625
2 0.3140625 0.5390625 0.0171875 0.0140625
2 0.296875 0.53671875 0.01875 0.0125
2 0.33203125 0.54765625 0.01875 0.0125
2 0.30703125 0.5515625 0.021875 0.0125
2 0.33125 0.56171875 0.0265625 0.015625
2 0.30703125 0.5625 0.021875 0.0125
2 0.33203125 0.5734375 0.021875 0.0140625
2 0.31484375 0.57421875 0.015625 0.0125
2 0.2984375 0.57578125 0.015625 0.0125
2 0.32578125 0.58671875 0.01875 0.0125
2 0.30625 0.58828125 0.01875 0.0125
2 0.35 0.596875 0.01875 0.0125
2 0.3171875 0.6 0.025 0.0125
2 0.28359375 0.58359375 0.01875 0.015625
2 0.265625 0.5828125 0.01875 0.015625
2 0.25703125 0.5703125 0.021875 0.015625
2 0.2921875 0.59453125 0.015625 0.0140625
2 0.28046875 0.6015625 0.01875 0.0171875
2 0.25390625 0.58984375 0.0203125 0.0140625
2 0.2625 0.603125 0.01875 0.015625
2 0.246875 0.60546875 0.0203125 0.0140625
2 0.25078125 0.6171875 0.021875 0.015625
2 0.2671875 0.61640625 0.0203125 0.0140625
2 0.28828125 0.61640625 0.01875 0.0125
2 0.30078125 0.60703125 0.021875 0.0125
2 0.31953125 0.61328125 0.021875 0.015625
2 0.30390625 0.6234375 0.021875 0.015625
2 0.29609375 0.634375 0.021875 0.0140625
2 0.278125 0.62734375 0.0203125 0.0125
2 0.2765625 0.6390625 0.01875 0.0125
2 0.26015625 0.63203125 0.01875 0.015625
2 0.2453125 0.63203125 0.01875 0.0140625
2 0.28984375 0.6484375 0.021875 0.015625
2 0.26171875 0.646875 0.01875 0.015625
2 0.24453125 0.6484375 0.021875 0.015625
2 0.40859375 0.3890625 0.01875 0.0140625