0 0.13828125 0.56640625 0.0359375 0.04375
0 0.15859375 0.5953125 0.034375 0.04375
0 0.14765625 0.534375 0.0359375 0.04375
0 0.171875 0.55703125 0.034375 0.0375
0 0.1921875 0.58515625 0.0359375 0.040625
0 0.2171875 0.58203125 0.040625 0.034375
0 0.20625 0.54765625 0.034375 0.0390625
0 0.18515625 0.51875 0.0375 0.04375
0 0.215625 0.51640625 0.0375 0.04375
0 0.22890625 0.54375 0.034375 0.046875
0 0.24765625 0.57734375 0.028125 0.0390625
0 0.27890625 0.5796875 0.0375 0.0359375
0 0.26171875 0.5484375 0.0375 0.04375
0 0.24453125 0.515625 0.0375 0.04375
0 0.2609375 0.4890625 0.034375 0.040625
0 0.27578125 0.52265625 0.034375 0.040625
0 0.296875 0.553125 0.03125 0.0375
0 0.31015625 0.52578125 0.03125 0.0390625
0 0.28984375 0.4921875 0.034375 0.0359375
0 0.3171875 0.48984375 0.034375 0.0390625
0 0.33828125 0.5125 0.03125 0.046875
0 0.328125 0.5484375 0.034375 0.046875
0 0.35234375 0.5609375 0.0359375 0.05
0 0.3828125 0.5640625 0.0375 0.0453125
0 0.36484375 0.52890625 0.0359375 0.0453125
0 0.3765625 0.49140625 0.0375 0.0453125
0 0.3515625 0.48203125 0.0375 0.040625
0 0.3875 0.52890625 0.040625 0.05
0 0.41328125 0.546875 0.0375 0.046875
0 0.4265625 0.51953125 0.0265625 0.040625
0 0.403125 0.49765625 0.034375 0.0375
0 0.396875 0.465625 0.034375 0.040625
0 0.425 0.475 0.034375 0.0453125
0 0.44453125 0.5 0.03125 0.040625
0 0.4484375 0.4625 0.03125 0.0375
0 0.4671875 0.521875 0.0375 0.05625
0 0.47109375 0.4890625 0.03125 0.04375
0 0.490625 0.4703125 0.0265625 0.0328125
0 0.4734375 0.446875 0.03125 0.046875
0 0.4984375 0.51796875 0.0375 0.0578125
0 0.5140625 0.490625 0.034375 0.0453125
2 0.4984375 0.69453125 0.034375 0.04375
2 0.30859375 0.7078125 0.05 0.0515625
2 0.29609375 0.66484375 0.028125 0.0390625
2 0.32421875 0.65625 0.03125 0.040625
2 0.353125 0.659375 0.028125 0.0453125
2 0.3796875 0.64296875 0.03125 0.04375
2 0.35859375 0.61953125 0.03125 0.05
2 0.33203125 0.62265625 0.0328125 0.040625
2 0.3046875 0.63671875 0.034375 0.046875
2 0.31328125 0.5984375 0.03125 0.034375
2 0.38046875 0.6078125 0.034375 0.046875
2 0.40625 0.59765625 0.0328125 0.0390625
2 0.4421875 0.6078125 0.0234375 0.04375
2 0.41953125 0.5796875 0.0359375 0.03125
2 0.44609375 0.559375 0.028125 0.046875
2 0.4703125 0.58515625 0.040625 0.040625
2 0.49609375 0.5703125 0.03125 0.040625
2 0.471875 0.54609375 0.034375 0.04375
2 0.5203125 0.56328125 0.034375 0.0453125
2 0.5421875 0.553125 0.03125 0.0453125
2 0.52109375 0.52265625 0.025 0.0390625
2 0.5453125 0.5171875 0.028125 0.0390625
2 0.5671875 0.51484375 0.025 0.05
2 0.57265625 0.47421875 0.0265625 0.0375
2 0.54765625 0.47734375 0.034375 0.0359375
0 0.55546875 0.43984375 0.034375 0.05
2 0.575 0.39609375 0.03125 0.04375
2 0.54140625 0.39453125 0.0375 0.046875
2 0.56015625 0.36953125 0.034375 0.0359375
2 0.53515625 0.34921875 0.03125 0.0515625
2 0.5125 0.36328125 0.03125 0.040625
2 0.50390625 0.39453125 0.028125 0.040625
2 0.503125 0.43046875 0.03125 0.046875
2 0.5234375 0.4203125 0.0265625 0.0453125
2 0.52578125 0.453125 0.03125 0.0453125
2 0.48359375 0.4046875 0.0328125 0.040625
2 0.45859375 0.41484375 0.03125 0.04375
2 0.4375 0.42578125 0.028125 0.04375
2 0.4125 0.434375 0.028125 0.0453125
2 0.36796875 0.44375 0.0265625 0.046875
2 0.38984375 0.4375 0.03125 0.046875
2 0.34453125 0.4578125 0.028125 0.040625
2 0.265625 0.6328125 0.0328125 0.0453125
2 0.2390625 0.64453125 0.0375 0.04375
2 0.21484375 0.65234375 0.0375 0.053125
2 0.18359375 0.6546875 0.040625 0.040625
2 0.1546875 0.6609375 0.034375 0.0515625
2 0.13125 0.67109375 0.03125 0.05
2 0.1359375 0.6234375 0.03125 0.04375
2 0.10703125 0.6203125 0.0375 0.0453125
2 0.10234375 0.553125 0.0359375 0.05
2 0.109375 0.50625 0.040625 0.0453125
2 0.1421875 0.50234375 0.0375 0.05
2 0.18046875 0.4875 0.0375 0.04375
2 0.20546875 0.4828125 0.034375 0.04375
2 0.234375 0.475 0.0375 0.04375
2 0.2875 0.45703125 0.0328125 0.04375