0 0.36484375 0.53125 0.028125 0.0203125
0 0.365625 0.5125 0.0234375 0.02109375
0 0.3859375 0.51640625 0.02734375 0.02109375
0 0.4109375 0.5125 0.025 0.0203125
0 0.3984375 0.5 0.025 0.021875
0 0.37265625 0.49453125 0.028125 0.021875
0 0.38671875 0.48125 0.02734375 0.02421875
0 0.4125 0.484375 0.02734375 0.021875
0 0.42890625 0.49453125 0.0265625 0.021875
0 0.446875 0.5078125 0.02734375 0.02265625
0 0.48671875 0.5046875 0.028125 0.021875
0 0.4375 0.478125 0.0296875 0.01875
0 0.425 0.465625 0.0296875 0.02109375
0 0.4015625 0.46484375 0.02890625 0.01953125
0 0.38515625 0.4515625 0.025 0.01953125
0 0.40859375 0.446875 0.0296875 0.0265625
0 0.36484375 0.46015625 0.03203125 0.0234375
2 0.35 0.4328125 0.03359375 0.0234375
2 0.32578125 0.44296875 0.03359375 0.01875
2 0.34453125 0.45625 0.0234375 0.021875
2 0.32109375 0.46953125 0.02890625 0.02265625
2 0.34296875 0.4765625 0.02265625 0.01875
0 0.36171875 0.48046875 0.02109375 0.01796875
2 0.31875 0.4890625 0.02265625 0.021875
2 0.33671875 0.4953125 0.02734375 0.02265625
2 0.32890625 0.51640625 0.028125 0.02421875
2 0.34453125 0.5265625 0.02265625 0.0234375
2 0.35234375 0.51015625 0.01484375 0.01796875
2 0.36640625 0.44765625 0.02421875 0.0203125
2 0.42578125 0.440625 0.02734375 0.0234375
2 0.44140625 0.45546875 0.0234375 0.021875
2 0.45703125 0.4703125 0.025 0.0234375
2 0.47578125 0.48046875 0.0296875 0.02265625
2 0.46640625 0.5046875 0.0234375 0.02421875
2 0.5015625 0.4984375 0.02578125 0.02109375
2 0.515625 0.51796875 0.0296875 0.0234375
2 0.49296875 0.5203125 0.02734375 0.01875
2 0.46953125 0.52421875 0.028125 0.01953125
2 0.421875 0.52734375 0.025 0.01875
2 0.4375 0.53984375 0.02734375 0.02109375
2 0.39296875 0.5421875 0.03046875 0.02109375
2 0.41796875 0.5453125 0.0296875 0.01953125
2 0.38046875 0.55859375 0.02734375 0.02265625
2 0.40625 0.56171875 0.02578125 0.0234375
2 0.42890625 0.559375 0.025 0.0234375
2 0.453125 0.5625 0.025 0.025
2 0.4609375 0.5421875 0.02421875 0.01953125
2 0.48125 0.53671875 0.025 0.0234375
2 0.50703125 0.53671875 0.028125 0.02109375
2 0.47421875 0.55859375 0.0328125 0.0265625
2 0.5 0.55546875 0.0296875 0.021875
2 0.47421875 0.6046875 0.0328125 0.02421875
2 0.5 0.60703125 0.025 0.0234375
2 0.51875 0.5953125 0.03125 0.021875
2 0.53203125 0.6109375 0.028125 0.02421875
2 0.5140625 0.625 0.0296875 0.02265625
2 0.48984375 0.6265625 0.03046875 0.0234375
2 0.5296875 0.634375 0.02734375 0.02265625
2 0.55078125 0.621875 0.02734375 0.021875
2 0.55078125 0.63984375 0.0296875 0.02265625