0 0.33125 0.425 0.01875 0.021875
0 0.31953125 0.43671875 0.01875 0.021875
0 0.3125 0.41875 0.0203125 0.025
0 0.3390625 0.4015625 0.0171875 0.025
0 0.32578125 0.40078125 0.015625 0.025
0 0.33671875 0.378125 0.01875 0.021875
0 0.3234375 0.36640625 0.01875 0.025
0 0.3296875 0.34765625 0.015625 0.025
0 0.3140625 0.34921875 0.0203125 0.028125
0 0.303125 0.33125 0.0171875 0.021875
0 0.3171875 0.38359375 0.0171875 0.021875
0 0.3109375 0.4015625 0.0171875 0.025
0 0.3046875 0.36875 0.01875 0.021875
0 0.296875 0.3859375 0.021875 0.0234375
0 0.28671875 0.36484375 0.01875 0.028125
0 0.29375 0.35078125 0.0171875 0.021875
0 0.28984375 0.32890625 0.021875 0.028125
0 0.2734375 0.33984375 0.01875 0.025
0 0.259375 0.33828125 0.01875 0.028125
0 0.25390625 0.35390625 0.01875 0.021875
0 0.2625 0.375 0.01875 0.025
0 0.26953125 0.359375 0.01875 0.025
0 0.27734375 0.3828125 0.01875 0.025
0 0.2796875 0.4 0.0171875 0.025
0 0.26875 0.41484375 0.0203125 0.025
0 0.26171875 0.39765625 0.01875 0.028125
0 0.28515625 0.42109375 0.01875 0.021875
0 0.29453125 0.40859375 0.0203125 0.025
0 0.3015625 0.43125 0.0203125 0.021875
0 0.30703125 0.45078125 0.0171875 0.0265625
0 0.28984375 0.44140625 0.0234375 0.028125
0 0.28828125 0.46171875 0.01875 0.028125
0 0.303125 0.46875 0.01875 0.021875
0 0.31796875 0.484375 0.01875 0.021875
0 0.328125 0.4703125 0.01875 0.028125
0 0.3171875 0.45703125 0.01875 0.025
0 0.34140625 0.50078125 0.01875 0.0265625
0 0.38828125 0.5109375 0.01875 0.0265625
0 0.3875 0.49140625 0.021875 0.0234375
0 0.40390625 0.496875 0.01875 0.025
0 0.390625 0.5375 0.021875 0.0265625
0 0.40234375 0.5484375 0.01875 0.0296875
0 0.40859375 0.57421875 0.01875 0.0265625
0 0.43125 0.578125 0.0234375 0.0296875
0 0.4171875 0.56171875 0.0171875 0.021875
0 0.41875 0.54296875 0.01875 0.025
2 0.43671875 0.684375 0.01875 0.021875
2 0.43046875 0.6609375 0.021875 0.025
2 0.4015625 0.61953125 0.021875 0.025
2 0.42109375 0.61328125 0.0203125 0.0265625
2 0.4046875 0.60078125 0.01875 0.0234375
2 0.39375 0.58828125 0.0171875 0.021875
2 0.4171875 0.596875 0.01875 0.021875
2 0.3953125 0.56875 0.0140625 0.021875
2 0.38515625 0.55390625 0.01875 0.021875
2 0.37265625 0.5421875 0.01875 0.021875
2 0.3765625 0.51796875 0.015625 0.025
2 0.4171875 0.50859375 0.015625 0.0234375
2 0.4078125 0.475 0.0234375 0.021875
2 0.3890625 0.471875 0.021875 0.01875
2 0.378125 0.45859375 0.021875 0.025
2 0.36875 0.50390625 0.01875 0.028125
2 0.35859375 0.48984375 0.0171875 0.025
2 0.34140625 0.53125 0.025 0.0265625
2 0.3109375 0.5015625 0.01875 0.0265625
2 0.34375 0.4453125 0.021875 0.025
2 0.3484375 0.4265625 0.01875 0.021875
2 0.340625 0.34453125 0.021875 0.025
2 0.3359375 0.3109375 0.021875 0.0265625
2 0.32734375 0.32734375 0.01875 0.021875
2 0.31328125 0.32265625 0.01875 0.021875
2 0.3171875 0.303125 0.021875 0.0265625
2 0.28359375 0.30859375 0.021875 0.028125
2 0.265625 0.29921875 0.025 0.028125
2 0.2546875 0.31796875 0.021875 0.025
2 0.2375 0.325 0.01875 0.025
2 0.23828125 0.3453125 0.0171875 0.0296875
2 0.2390625 0.36796875 0.021875 0.028125
2 0.2734375 0.46640625 0.0171875 0.021875
2 0.27421875 0.4453125 0.01875 0.021875
2 0.35 0.38984375 0.021875 0.021875