2 0.409375 0.52265625 0.01484375 0.0109375
2 0.4640625 0.540625 0.01640625 0.0125
2 0.44140625 0.55703125 0.015625 0.0109375
2 0.42109375 0.53203125 0.01484375 0.01015625
2 0.4296875 0.525 0.01328125 0.0109375
2 0.4046875 0.5328125 0.01484375 0.0109375
2 0.41328125 0.54140625 0.0140625 0.0125
2 0.4265625 0.540625 0.0140625 0.0109375
2 0.4375 0.53359375 0.01484375 0.0109375
2 0.4515625 0.53359375 0.01484375 0.0125
2 0.44140625 0.54453125 0.01640625 0.01171875
2 0.42890625 0.55234375 0.01484375 0.01171875
2 0.41484375 0.55234375 0.01484375 0.0109375
2 0.42890625 0.56328125 0.0171875 0.01328125
2 0.4421875 0.56640625 0.01640625 0.0109375
2 0.4265625 0.57421875 0.015625 0.0109375
2 0.4546875 0.56015625 0.01484375 0.01171875
2 0.4515625 0.54921875 0.0140625 0.0109375
2 0.465625 0.5515625 0.01484375 0.01171875
2 0.47734375 0.5421875 0.01484375 0.01171875
2 0.4859375 0.534375 0.0140625 0.0125
2 0.49140625 0.54375 0.0171875 0.01328125
2 0.48125 0.5515625 0.01640625 0.00859375
2 0.47109375 0.56015625 0.01640625 0.0109375
2 0.4859375 0.56015625 0.015625 0.0109375
2 0.49609375 0.553125 0.015625 0.0109375
2 0.5015625 0.56328125 0.01484375 0.0109375
2 0.49140625 0.571875 0.015625 0.01328125
2 0.478125 0.56953125 0.01484375 0.01171875
2 0.4640625 0.56875 0.01484375 0.009375
2 0.45625 0.57734375 0.0140625 0.0109375
2 0.4421875 0.57734375 0.01484375 0.01015625
2 0.4296875 0.584375 0.01640625 0.01328125
2 0.44375 0.58671875 0.01484375 0.0109375
2 0.459375 0.58828125 0.0140625 0.0140625
2 0.46953125 0.5796875 0.01484375 0.01171875
2 0.4828125 0.58046875 0.01328125 0.0125
2 0.4953125 0.5828125 0.0140625 0.01171875
2 0.471875 0.590625 0.0171875 0.01171875
2 0.48671875 0.59140625 0.015625 0.01328125
2 0.46171875 0.6 0.01484375 0.0109375
2 0.4484375 0.59765625 0.015625 0.0125
2 0.434375 0.596875 0.015625 0.01171875
2 0.44921875 0.60859375 0.0203125 0.01484375
2 0.465625 0.6109375 0.01640625 0.01328125
2 0.4765625 0.60234375 0.01796875 0.01328125