0 0.30625 0.59453125 0.028125 0.025
0 0.33203125 0.603125 0.03125 0.025
0 0.36171875 0.56953125 0.028125 0.025
0 0.3828125 0.55546875 0.034375 0.025
0 0.384375 0.58046875 0.03125 0.025
0 0.36953125 0.59609375 0.03125 0.028125
0 0.396875 0.59453125 0.0265625 0.021875
0 0.4125 0.57578125 0.0265625 0.028125
0 0.428125 0.56015625 0.028125 0.025
0 0.45546875 0.571875 0.0265625 0.0265625
0 0.4796875 0.5828125 0.028125 0.025
0 0.48671875 0.56484375 0.028125 0.0265625
0 0.35625 0.64140625 0.03125 0.0265625
0 0.40625 0.63203125 0.0328125 0.025
0 0.42265625 0.61640625 0.0265625 0.0265625
0 0.4421875 0.62890625 0.0328125 0.028125
0 0.4828125 0.67890625 0.03125 0.025
2 0.32890625 0.54140625 0.0328125 0.021875
2 0.31796875 0.5625 0.0375 0.0265625
2 0.30078125 0.5765625 0.0375 0.028125
2 0.27734375 0.59375 0.0375 0.025
2 0.25390625 0.6078125 0.0328125 0.028125
2 0.278125 0.621875 0.03125 0.028125
2 0.38515625 0.64765625 0.03125 0.025
2 0.36953125 0.6203125 0.034375 0.025
2 0.33359375 0.6234375 0.0375 0.025
2 0.30859375 0.61484375 0.034375 0.025
2 0.37421875 0.540625 0.03125 0.0234375
2 0.36953125 0.5203125 0.0328125 0.025
2 0.39140625 0.50859375 0.0328125 0.0265625
2 0.40078125 0.5296875 0.028125 0.025
2 0.42890625 0.525 0.0296875 0.025
2 0.453125 0.53828125 0.0296875 0.025
2 0.47578125 0.52890625 0.0296875 0.0234375
2 0.50234375 0.53828125 0.0296875 0.0234375
2 0.52890625 0.5828125 0.040625 0.03125
2 0.51953125 0.6046875 0.0265625 0.0265625
2 0.49375 0.609375 0.034375 0.025
2 0.46796875 0.61875 0.028125 0.0265625
2 0.4234375 0.59296875 0.03125 0.021875
2 0.44375 0.58671875 0.03125 0.021875
2 0.46640625 0.59609375 0.0296875 0.025
2 0.440625 0.60703125 0.0328125 0.025
2 0.490625 0.634375 0.03125 0.028125
2 0.51484375 0.625 0.0296875 0.028125
2 0.546875 0.62265625 0.034375 0.025
2 0.54296875 0.64296875 0.040625 0.0265625
2 0.51015625 0.65078125 0.0359375 0.025
2 0.484375 0.6546875 0.034375 0.025
2 0.43984375 0.65703125 0.0328125 0.028125
2 0.415625 0.66796875 0.034375 0.0265625
2 0.38125 0.67578125 0.0375 0.028125
2 0.52109375 0.703125 0.034375 0.028125
2 0.55546875 0.71796875 0.034375 0.028125
2 0.52421875 0.665625 0.03125 0.0296875
2 0.55625 0.66640625 0.034375 0.03125