0 0.3328125 0.6765625 0.03125 0.05
2 0.49609375 0.7015625 0.04375 0.046875
2 0.50234375 0.66015625 0.040625 0.04375
2 0.471875 0.67109375 0.0359375 0.0484375
2 0.4640625 0.63125 0.03125 0.04375
2 0.45703125 0.7109375 0.0359375 0.0546875
2 0.4390625 0.68203125 0.0375 0.0453125
2 0.43125 0.6359375 0.034375 0.053125
2 0.421875 0.71484375 0.03125 0.0484375
2 0.40625 0.6671875 0.03125 0.046875
2 0.41796875 0.74609375 0.034375 0.0484375
2 0.38671875 0.74375 0.0328125 0.040625
2 0.39375 0.70546875 0.03125 0.05
2 0.3671875 0.68984375 0.0328125 0.05
2 0.38046875 0.65390625 0.0296875 0.0375
2 0.36171875 0.628125 0.03125 0.053125
2 0.3328125 0.60859375 0.0375 0.05625
2 0.3234375 0.63828125 0.0328125 0.053125
2 0.35703125 0.73203125 0.0359375 0.046875
2 0.34921875 0.77109375 0.0359375 0.04375
2 0.31875 0.74609375 0.0375 0.05
2 0.32890625 0.7125 0.03125 0.04375
2 0.3109375 0.7921875 0.0375 0.0546875
2 0.2890625 0.759375 0.034375 0.046875
2 0.30078125 0.71875 0.040625 0.053125
2 0.26640625 0.73515625 0.0390625 0.05
2 0.2734375 0.69609375 0.0359375 0.053125
2 0.30625 0.68515625 0.040625 0.053125
2 0.29140625 0.64921875 0.034375 0.046875
2 0.2984375 0.61640625 0.0375 0.05
2 0.290625 0.578125 0.0375 0.053125
2 0.259375 0.65703125 0.040625 0.053125
2 0.26171875 0.62265625 0.0375 0.05
2 0.24921875 0.58046875 0.040625 0.053125
2 0.2296875 0.6421875 0.04375 0.053125
2 0.2234375 0.6015625 0.0375 0.053125
2 0.19296875 0.62265625 0.0390625 0.065625