0 0.6453125 0.53671875 0.0234375 0.0375
0 0.6265625 0.528125 0.021875 0.0296875
0 0.609375 0.52265625 0.025 0.034375
0 0.60625 0.496875 0.0234375 0.0296875
0 0.6234375 0.50390625 0.0234375 0.028125
0 0.634375 0.4859375 0.025 0.034375
0 0.61640625 0.47578125 0.021875 0.028125
0 0.6109375 0.45390625 0.025 0.0359375
0 0.628125 0.46015625 0.0234375 0.0375
2 0.59375 0.54609375 0.025 0.0328125
2 0.58984375 0.52109375 0.025 0.03125
2 0.58671875 0.4828125 0.021875 0.03125
2 0.5765625 0.4609375 0.025 0.034375
2 0.56015625 0.4421875 0.025 0.0375
2 0.57578125 0.43359375 0.021875 0.0296875
2 0.59375 0.44453125 0.0171875 0.03125
2 0.6078125 0.42890625 0.021875 0.025
2 0.6265625 0.4296875 0.021875 0.028125
2 0.64375 0.4375 0.01875 0.025
2 0.66171875 0.46015625 0.025 0.04375
2 0.67109375 0.4875 0.028125 0.0375
2 0.65390625 0.5 0.021875 0.0296875
2 0.67578125 0.515625 0.025 0.0375
2 0.69375 0.53046875 0.021875 0.0375
2 0.703125 0.55546875 0.021875 0.034375
2 0.6828125 0.565625 0.025 0.03125
2 0.675 0.540625 0.0234375 0.0328125
2 0.66640625 0.55703125 0.0234375 0.03125
2 0.6609375 0.5859375 0.0234375 0.0328125
2 0.6796875 0.59296875 0.025 0.034375
2 0.66953125 0.6109375 0.0265625 0.0375
2 0.64609375 0.571875 0.021875 0.03125
2 0.62890625 0.559375 0.025 0.03125
2 0.6109375 0.553125 0.025 0.0328125