0 0.6578125 0.4234375 0.025 0.0296875
0 0.6953125 0.40625 0.021875 0.0328125
0 0.715625 0.415625 0.025 0.028125
0 0.72421875 0.4421875 0.0234375 0.034375
0 0.73203125 0.38515625 0.025 0.0375
0 0.73515625 0.409375 0.025 0.034375
0 0.73984375 0.4375 0.025 0.034375
0 0.7375 0.35078125 0.01875 0.028125
0 0.74765625 0.36875 0.0203125 0.028125
0 0.76328125 0.38203125 0.0234375 0.034375
0 0.75078125 0.4015625 0.021875 0.034375
0 0.75703125 0.42890625 0.021875 0.03125
0 0.77265625 0.40859375 0.01875 0.0328125
0 0.76796875 0.353125 0.01875 0.0375
0 0.78515625 0.359375 0.0234375 0.03125
0 0.78359375 0.38828125 0.028125 0.03125
0 0.78984375 0.415625 0.021875 0.0296875
2 0.64140625 0.4296875 0.025 0.034375
2 0.6296875 0.45390625 0.021875 0.03125
2 0.634375 0.48125 0.0234375 0.034375
2 0.646875 0.46328125 0.0203125 0.03125
2 0.65390625 0.48828125 0.021875 0.0265625
2 0.66484375 0.465625 0.021875 0.03125
2 0.6734375 0.49453125 0.01875 0.03125
2 0.690625 0.5 0.025 0.0328125
2 0.67421875 0.3859375 0.0234375 0.028125
2 0.675 0.4140625 0.021875 0.028125
2 0.67890625 0.4421875 0.021875 0.0296875
2 0.68515625 0.4671875 0.0203125 0.028125
2 0.696875 0.45078125 0.021875 0.028125
2 0.69375 0.3796875 0.0234375 0.034375
2 0.69921875 0.47890625 0.0234375 0.028125
2 0.7140625 0.46171875 0.021875 0.03125
2 0.71796875 0.48828125 0.0234375 0.03125
2 0.73515625 0.47578125 0.0203125 0.0359375
2 0.74921875 0.4578125 0.0234375 0.028125
2 0.71640625 0.36484375 0.021875 0.03125
2 0.65625 0.4046875 0.025 0.028125
2 0.7640625 0.47734375 0.025 0.0328125
2 0.78046875 0.465625 0.025 0.03125
2 0.78828125 0.440625 0.025 0.0296875
2 0.78515625 0.3140625 0.025 0.0328125
2 0.74765625 0.33046875 0.0234375 0.028125
2 0.7640625 0.33515625 0.025 0.0265625
2 0.80078125 0.3265625 0.021875 0.0328125
2 0.8171875 0.3375 0.028125 0.034375
0 0.80078125 0.375 0.0234375 0.03125