0 0.5859375 0.45234375 0.0203125 0.028125
0 0.58671875 0.47890625 0.021875 0.0234375
0 0.584375 0.49609375 0.01875 0.021875
0 0.5984375 0.50078125 0.0203125 0.028125
0 0.60546875 0.4796875 0.0203125 0.028125
2 0.571875 0.39921875 0.021875 0.028125
2 0.59296875 0.40625 0.021875 0.0265625
2 0.571875 0.42578125 0.021875 0.028125
2 0.58984375 0.43125 0.01875 0.028125
2 0.60625 0.43515625 0.01875 0.028125
2 0.6203125 0.41875 0.025 0.025
2 0.6234375 0.4421875 0.01875 0.025
2 0.6390625 0.4484375 0.021875 0.028125
2 0.65625 0.45625 0.021875 0.028125
2 0.64375 0.47265625 0.01875 0.025
2 0.62421875 0.4625 0.0234375 0.028125
2 0.6078125 0.4578125 0.01875 0.0234375
2 0.5578125 0.44375 0.021875 0.0296875
2 0.57421875 0.44921875 0.021875 0.03125
2 0.54296875 0.46171875 0.01875 0.025
2 0.56171875 0.4703125 0.021875 0.021875
2 0.546875 0.48671875 0.021875 0.028125
2 0.5625 0.4953125 0.01875 0.025
2 0.5484375 0.5109375 0.021875 0.028125
2 0.56484375 0.51796875 0.021875 0.0234375
2 0.55078125 0.5359375 0.021875 0.025
2 0.55625 0.56015625 0.021875 0.0265625
2 0.5640625 0.58125 0.01875 0.025
2 0.5765625 0.56328125 0.021875 0.028125
2 0.56875 0.5421875 0.0203125 0.028125
2 0.5859375 0.5359375 0.01875 0.028125
2 0.59296875 0.55703125 0.021875 0.028125
2 0.60234375 0.5765625 0.01875 0.0265625
2 0.61328125 0.55703125 0.01875 0.03125
2 0.60546875 0.534375 0.021875 0.0296875
2 0.62265625 0.5359375 0.021875 0.028125
2 0.61640625 0.5109375 0.01875 0.028125
2 0.6296875 0.49140625 0.0203125 0.025
2 0.63359375 0.515625 0.01875 0.028125
2 0.6484375 0.49609375 0.0203125 0.028125
2 0.66171875 0.4796875 0.021875 0.028125
2 0.66796875 0.5015625 0.0203125 0.0328125
2 0.65234375 0.52265625 0.01875 0.0265625
2 0.66953125 0.5296875 0.025 0.0328125