0 0.6140625 0.534375 0.0359375 0.0265625
0 0.60625 0.55859375 0.034375 0.028125
0 0.5828125 0.53671875 0.034375 0.025
0 0.55390625 0.53359375 0.0375 0.025
0 0.525 0.52109375 0.034375 0.028125
0 0.575 0.5578125 0.034375 0.025
0 0.54921875 0.55625 0.034375 0.025
0 0.57421875 0.58125 0.0390625 0.0265625
2 0.72265625 0.59453125 0.034375 0.0296875
2 0.7171875 0.61875 0.040625 0.025
2 0.70859375 0.5765625 0.03125 0.025
2 0.690625 0.59765625 0.034375 0.025
2 0.65703125 0.61171875 0.03125 0.0234375
2 0.46953125 0.5734375 0.03125 0.021875
2 0.5703125 0.6140625 0.03125 0.0234375
2 0.65703125 0.5171875 0.034375 0.0234375
2 0.49296875 0.5890625 0.03125 0.021875
2 0.628125 0.615625 0.03125 0.021875
2 0.628125 0.64296875 0.03125 0.021875
2 0.66015625 0.63828125 0.03125 0.025
2 0.63359375 0.50078125 0.034375 0.021875
2 0.59453125 0.62890625 0.0328125 0.021875
2 0.68359375 0.62109375 0.0296875 0.021875
2 0.521875 0.58359375 0.03125 0.025
2 0.54609375 0.5984375 0.03125 0.0234375
2 0.675 0.56953125 0.034375 0.025
2 0.44765625 0.5578125 0.0296875 0.021875
2 0.6 0.60546875 0.0328125 0.0234375
2 0.45703125 0.515625 0.0296875 0.021875
2 0.6609375 0.54921875 0.034375 0.021875
2 0.53671875 0.6203125 0.03125 0.021875
2 0.45234375 0.5375 0.03125 0.0234375
2 0.60234375 0.50390625 0.0328125 0.021875
2 0.571875 0.50859375 0.03125 0.0234375
2 0.50234375 0.54609375 0.03125 0.021875
2 0.51484375 0.60546875 0.028125 0.021875
2 0.49140625 0.4875 0.03125 0.0234375
2 0.5453125 0.49453125 0.0328125 0.025
2 0.48046875 0.53125 0.0328125 0.025
2 0.46328125 0.49296875 0.0296875 0.0234375
2 0.515625 0.503125 0.0328125 0.021875
2 0.590625 0.65078125 0.03125 0.021875
2 0.60234375 0.5828125 0.0328125 0.025
2 0.62421875 0.5203125 0.0328125 0.021875
2 0.496875 0.56875 0.03125 0.0234375
2 0.32578125 0.51953125 0.0296875 0.025
2 0.42578125 0.49296875 0.03125 0.0234375
2 0.41796875 0.5203125 0.0296875 0.0234375
2 0.3140625 0.5015625 0.03125 0.021875
2 0.4765625 0.553125 0.034375 0.025
2 0.64140625 0.56953125 0.040625 0.028125
2 0.48515625 0.50859375 0.0328125 0.025
2 0.52890625 0.46640625 0.0296875 0.025
2 0.52890625 0.5609375 0.034375 0.028125
2 0.31875 0.54453125 0.028125 0.021875
2 0.55234375 0.57421875 0.03125 0.025
2 0.4484375 0.45078125 0.03125 0.0234375
0 0.59375 0.52734375 0.03125 0.021875
2 0.53203125 0.540625 0.028125 0.0234375
2 0.6328125 0.590625 0.0375 0.025
2 0.6625 0.5890625 0.03125 0.0234375