2 0.5734375 0.16484375 0.015625 0.021875
2 0.57265625 0.14765625 0.015625 0.01875
2 0.55859375 0.14140625 0.01875 0.0203125
2 0.5609375 0.1234375 0.015625 0.021875
2 0.546875 0.134375 0.0171875 0.021875
2 0.546875 0.11640625 0.015625 0.0203125
2 0.53359375 0.12734375 0.015625 0.0203125
2 0.53203125 0.11015625 0.015625 0.0203125
2 0.5328125 0.09140625 0.015625 0.025
2 0.521875 0.13515625 0.0125 0.0203125
2 0.52109375 0.1546875 0.015625 0.021875
2 0.5328125 0.1453125 0.015625 0.01875
2 0.5453125 0.153125 0.0125 0.01875
2 0.55703125 0.15859375 0.015625 0.021875
2 0.5578125 0.1765625 0.015625 0.0203125
2 0.5453125 0.1703125 0.015625 0.01875
2 0.5328125 0.1625 0.0125 0.0203125
2 0.53125 0.18046875 0.015625 0.01875
2 0.54375 0.1875 0.0140625 0.01875
2 0.5578125 0.19453125 0.0140625 0.0203125
2 0.56953125 0.20234375 0.015625 0.0234375
2 0.5703125 0.221875 0.015625 0.021875
2 0.57109375 0.240625 0.0171875 0.01875
2 0.559375 0.24921875 0.015625 0.021875
2 0.5578125 0.2296875 0.0125 0.0171875
2 0.5578125 0.2125 0.015625 0.01875
2 0.546875 0.2234375 0.015625 0.01875
2 0.54609375 0.20390625 0.0140625 0.01875
2 0.53359375 0.19765625 0.0125 0.01875
2 0.52265625 0.20546875 0.015625 0.021875
2 0.52109375 0.22421875 0.0125 0.01875
2 0.53203125 0.2171875 0.015625 0.021875
2 0.534375 0.23125 0.0125 0.01875
2 0.5453125 0.23828125 0.015625 0.01875
2 0.53359375 0.25078125 0.0140625 0.0203125
2 0.52265625 0.24140625 0.015625 0.01875
2 0.54765625 0.2578125 0.0140625 0.01875
2 0.5390625 0.26796875 0.015625 0.021875
2 0.55234375 0.2734375 0.015625 0.0203125
2 0.52578125 0.27421875 0.015625 0.01875
2 0.5234375 0.29140625 0.015625 0.01875
2 0.5359375 0.28515625 0.0125 0.01875
2 0.5484375 0.29140625 0.015625 0.01875
2 0.54921875 0.309375 0.0140625 0.0171875
2 0.52421875 0.30625 0.0125 0.01875
2 0.5359375 0.30078125 0.015625 0.01875
2 0.55 0.32734375 0.0171875 0.021875
2 0.5484375 0.34609375 0.015625 0.01875
2 0.55078125 0.36328125 0.015625 0.021875
0 0.53046875 0.34453125 0.015625 0.01875
0 0.53046875 0.32578125 0.015625 0.01875
0 0.53125 0.3734375 0.0140625 0.0203125
0 0.53125 0.39140625 0.0125 0.0203125
2 0.5515625 0.38828125 0.01875 0.025
2 0.55078125 0.40703125 0.01875 0.0171875
2 0.55078125 0.42421875 0.015625 0.0203125
2 0.52578125 0.42421875 0.0140625 0.01875
2 0.525 0.409375 0.015625 0.015625
2 0.53828125 0.43203125 0.015625 0.015625
2 0.5375 0.41796875 0.015625 0.0203125
2 0.5375 0.31875 0.015625 0.0171875
2 0.5359375 0.35234375 0.015625 0.01875
2 0.53984375 0.4484375 0.0171875 0.0203125
2 0.528125 0.471875 0.0125 0.0203125
2 0.540625 0.46484375 0.01875 0.01875
2 0.540625 0.48203125 0.015625 0.0203125
2 0.528125 0.48671875 0.015625 0.0203125
2 0.52734375 0.50625 0.015625 0.01875
2 0.53984375 0.49921875 0.015625 0.01875
2 0.5265625 0.52265625 0.015625 0.021875
2 0.5390625 0.515625 0.015625 0.01875
2 0.5390625 0.534375 0.015625 0.0203125
2 0.54375 0.54921875 0.015625 0.01875
0 0.5328125 0.5640625 0.0140625 0.021875
2 0.525 0.59140625 0.015625 0.0203125
2 0.53828125 0.59765625 0.015625 0.0171875
2 0.5390625 0.58203125 0.015625 0.0171875
2 0.55234375 0.57265625 0.015625 0.01875
2 0.55234375 0.59296875 0.015625 0.0203125
2 0.54921875 0.61015625 0.0171875 0.021875
2 0.5421875 0.56640625 0.0125 0.01875
2 0.53515625 0.61328125 0.01875 0.0203125
2 0.53828125 0.63125 0.015625 0.021875
2 0.55625 0.62421875 0.015625 0.0203125
2 0.55078125 0.6421875 0.01875 0.021875
2 0.5265625 0.6421875 0.0171875 0.021875
2 0.5296875 0.66484375 0.015625 0.025
2 0.5390625 0.65234375 0.015625 0.025
2 0.5515625 0.66015625 0.015625 0.0234375
2 0.5421875 0.671875 0.0171875 0.021875
2 0.5390625 0.690625 0.015625 0.021875
2 0.54296875 0.70703125 0.0171875 0.01875
2 0.5453125 0.72578125 0.01875 0.0203125
2 0.56015625 0.72265625 0.015625 0.021875
2 0.53125 0.73125 0.015625 0.021875
2 0.53125 0.75 0.015625 0.01875
2 0.54375 0.74296875 0.0171875 0.021875
2 0.55546875 0.7546875 0.015625 0.0203125
2 0.56328125 0.73984375 0.015625 0.0203125
2 0.5703125 0.76171875 0.015625 0.0234375
2 0.54140625 0.7625 0.015625 0.021875
2 0.540625 0.78203125 0.015625 0.01875
2 0.553125 0.77109375 0.01875 0.021875
2 0.5671875 0.78046875 0.0171875 0.0203125
2 0.55390625 0.7921875 0.015625 0.021875
2 0.53984375 0.8 0.015625 0.0234375
2 0.54140625 0.82109375 0.015625 0.0203125
2 0.553125 0.8078125 0.0171875 0.01875
2 0.5671875 0.796875 0.015625 0.01875
2 0.56796875 0.81796875 0.015625 0.021875
2 0.55546875 0.828125 0.0140625 0.01875
2 0.5421875 0.8390625 0.015625 0.021875
2 0.5546875 0.84609375 0.015625 0.021875
2 0.56796875 0.84140625 0.015625 0.0234375
2 0.53125 0.87421875 0.015625 0.0234375
2 0.54453125 0.8640625 0.015625 0.021875
2 0.5609375 0.8640625 0.015625 0.0203125
2 0.553125 0.87890625 0.0171875 0.0203125
2 0.55078125 0.9 0.0171875 0.025