2 0.10625 0.64921875 0.0296875 0.01875
2 0.12421875 0.66875 0.02421875 0.01796875
2 0.15078125 0.61953125 0.02734375 0.01796875
2 0.1734375 0.61640625 0.02578125 0.0203125
2 0.19453125 0.621875 0.025 0.0203125
2 0.215625 0.6265625 0.025 0.01953125
2 0.23984375 0.61640625 0.0234375 0.01640625
2 0.14296875 0.68359375 0.02578125 0.01796875
2 0.165625 0.69375 0.02578125 0.0171875
2 0.21484375 0.69296875 0.0234375 0.01796875
2 0.2375 0.690625 0.02265625 0.01875
2 0.25625 0.68125 0.02421875 0.01875
0 0.1375 0.6453125 0.02421875 0.0171875
0 0.13984375 0.66171875 0.0234375 0.01796875
0 0.153125 0.67421875 0.028125 0.0171875
0 0.17265625 0.6828125 0.025 0.01796875
1 0.20859375 0.67109375 0.0234375 0.01640625
1 0.2046875 0.65546875 0.02578125 0.01875
1 0.21796875 0.64375 0.02109375 0.0171875
1 0.2375 0.65234375 0.02265625 0.01484375
1 0.23046875 0.66796875 0.02421875 0.01640625
1 0.18046875 0.65390625 0.0265625 0.01875
1 0.1953125 0.6421875 0.02265625 0.0171875
1 0.16875 0.63984375 0.02265625 0.0171875
0 0.2609375 0.64921875 0.021875 0.01640625
0 0.25625 0.63359375 0.021875 0.01640625
0 0.2359375 0.63671875 0.02109375 0.01875
0 0.2546875 0.6625 0.02421875 0.01796875
0 0.27734375 0.66015625 0.021875 0.01796875
0 0.27734375 0.62890625 0.021875 0.01875
0 0.27421875 0.6140625 0.025 0.01796875
0 0.30859375 0.61328125 0.021875 0.0171875
0 0.31171875 0.6296875 0.0203125 0.015625
0 0.31171875 0.64296875 0.021875 0.01875
0 0.29765625 0.65390625 0.025 0.015625
0 0.31953125 0.65859375 0.02265625 0.01796875
2 0.27578125 0.58359375 0.025 0.01640625
2 0.25546875 0.6078125 0.021875 0.01875
2 0.26796875 0.59765625 0.02109375 0.01640625
0 0.28671875 0.60390625 0.02421875 0.01640625
2 0.29765625 0.67109375 0.02109375 0.01796875
2 0.34296875 0.671875 0.021875 0.015625
2 0.31796875 0.6703125 0.02265625 0.01484375
0 0.334375 0.6453125 0.02421875 0.015625
0 0.32890625 0.63125 0.021875 0.015625
0 0.328125 0.61640625 0.02265625 0.0171875
0 0.34921875 0.63203125 0.02109375 0.01640625
0 0.3546875 0.646875 0.025 0.01640625
0 0.3453125 0.6578125 0.02109375 0.015625
0 0.35078125 0.6015625 0.02578125 0.01640625
0 0.34765625 0.61640625 0.021875 0.01640625
1 0.37890625 0.6171875 0.02109375 0.0171875
1 0.39921875 0.621875 0.02265625 0.015625
1 0.3796875 0.63203125 0.0234375 0.01484375
1 0.3984375 0.634375 0.025 0.01796875
1 0.421875 0.6078125 0.01796875 0.01640625
1 0.43984375 0.61796875 0.021875 0.015625
1 0.4453125 0.63359375 0.02265625 0.0171875
1 0.3578125 0.63359375 0.0203125 0.01484375
1 0.35859375 0.6171875 0.01953125 0.01640625
1 0.4296875 0.64609375 0.0234375 0.01640625
1 0.45234375 0.6484375 0.0203125 0.0140625
1 0.46484375 0.6375 0.01953125 0.01640625
1 0.48125 0.6328125 0.02265625 0.015625
1 0.5171875 0.58515625 0.01953125 0.01796875
1 0.5 0.59453125 0.02109375 0.0140625
1 0.484375 0.60078125 0.021875 0.01796875
1 0.46328125 0.60234375 0.02578125 0.01796875
1 0.47421875 0.615625 0.02421875 0.0171875
1 0.46015625 0.62109375 0.0203125 0.01640625
1 0.49609375 0.61484375 0.021875 0.0171875
1 0.5109375 0.60546875 0.025 0.01796875
1 0.52578125 0.5953125 0.0234375 0.0171875
1 0.534375 0.57421875 0.025 0.0171875
1 0.54140625 0.58515625 0.021875 0.0171875
1 0.546875 0.59921875 0.0234375 0.01640625
1 0.53125 0.61015625 0.025 0.01484375
1 0.52109375 0.62109375 0.0203125 0.01640625
1 0.50234375 0.63046875 0.02265625 0.01484375
1 0.4734375 0.65078125 0.02265625 0.01484375
1 0.49140625 0.64375 0.0265625 0.015625
1 0.5125 0.640625 0.021875 0.015625
1 0.53125 0.63203125 0.021875 0.015625
1 0.54375 0.61953125 0.0203125 0.01640625
1 0.559375 0.61328125 0.02109375 0.01875
1 0.590625 0.55546875 0.02109375 0.015625
1 0.5796875 0.56875 0.021875 0.01640625
1 0.58125 0.5828125 0.021875 0.015625
1 0.56015625 0.57578125 0.02578125 0.01796875
1 0.5625 0.590625 0.02421875 0.0171875
1 0.55 0.565625 0.0234375 0.015625
1 0.5703125 0.55703125 0.02265625 0.01875
1 0.221875 0.68125 0.0203125 0.0140625
1 0.29296875 0.62890625 0.0203125 0.01640625
1 0.2875 0.64296875 0.021875 0.015625
0 0.60078125 0.54296875 0.0203125 0.01796875
0 0.61953125 0.54765625 0.01953125 0.0171875
0 0.62109375 0.565625 0.02109375 0.015625
0 0.6046875 0.575 0.02109375 0.01796875
0 0.62421875 0.58125 0.02109375 0.0171875
0 0.640625 0.57265625 0.01796875 0.01640625
0 0.6296875 0.59609375 0.02265625 0.01484375
0 0.609375 0.59296875 0.02109375 0.01796875
0 0.5921875 0.59921875 0.02421875 0.01640625
0 0.6078125 0.6109375 0.02265625 0.01640625
0 0.58984375 0.6171875 0.0234375 0.01796875
0 0.56953125 0.63203125 0.0234375 0.01796875
0 0.58671875 0.63828125 0.02265625 0.01796875
0 0.471875 0.56796875 0.0203125 0.01640625
0 0.4890625 0.57265625 0.02265625 0.01640625
0 0.52109375 0.56640625 0.0234375 0.0171875
0 0.53203125 0.55625 0.0234375 0.0171875
0 0.47734375 0.58515625 0.02578125 0.01875
0 0.4578125 0.575 0.021875 0.01640625
0 0.45625 0.5890625 0.021875 0.0171875
0 0.39921875 0.59609375 0.02109375 0.01640625
0 0.41796875 0.59609375 0.0203125 0.015625
0 0.43671875 0.59375 0.021875 0.01796875
0 0.3890625 0.60625 0.01875 0.01640625
0 0.38671875 0.659375 0.02109375 0.01796875
0 0.4015625 0.65078125 0.0234375 0.01796875
0 0.4140625 0.6671875 0.02265625 0.0171875
0 0.43671875 0.6640625 0.021875 0.01640625
2 0.42109375 0.71328125 0.021875 0.015625
2 0.39921875 0.709375 0.02265625 0.01796875
2 0.3828125 0.703125 0.021875 0.02109375
2 0.4015625 0.6953125 0.02578125 0.01875
2 0.42578125 0.696875 0.0265625 0.01953125
2 0.3796875 0.68359375 0.02578125 0.0203125
2 0.39609375 0.67578125 0.0203125 0.01796875
2 0.41953125 0.678125 0.0203125 0.01640625
2 0.4390625 0.67734375 0.0203125 0.0140625
2 0.375 0.665625 0.021875 0.01640625
0 0.45859375 0.66015625 0.02109375 0.01484375
0 0.5 0.65546875 0.02109375 0.01328125
0 0.52109375 0.64765625 0.0234375 0.01640625
2 0.48203125 0.66640625 0.02109375 0.0171875
2 0.45859375 0.671875 0.02265625 0.01484375
2 0.50078125 0.6703125 0.021875 0.01640625
2 0.5171875 0.66015625 0.01953125 0.0140625
2 0.53671875 0.65859375 0.01953125 0.0171875
2 0.54765625 0.64765625 0.0203125 0.015625
2 0.5609375 0.659375 0.02265625 0.0171875
2 0.58203125 0.6609375 0.021875 0.01640625
2 0.615625 0.6375 0.01953125 0.0171875
2 0.63359375 0.6109375 0.021875 0.01484375
2 0.59921875 0.628125 0.0203125 0.0140625
2 0.66171875 0.584375 0.02421875 0.0171875
2 0.64609375 0.59609375 0.01875 0.0140625
2 0.6578125 0.57109375 0.02109375 0.0171875
2 0.6375 0.54765625 0.01875 0.0171875
2 0.64609375 0.53359375 0.0234375 0.0171875
2 0.63515625 0.5265625 0.021875 0.01484375
2 0.62578125 0.5375 0.02109375 0.01328125
2 0.62890625 0.5140625 0.0234375 0.01640625
2 0.61328125 0.52109375 0.01953125 0.01640625
2 0.6015625 0.53203125 0.02421875 0.01640625
2 0.59140625 0.51953125 0.0203125 0.01640625
0 0.57734375 0.54296875 0.01953125 0.01328125
2 0.540625 0.53671875 0.0203125 0.01875
2 0.55859375 0.5390625 0.0203125 0.0140625
2 0.5046875 0.5546875 0.02265625 0.015625
2 0.52109375 0.546875 0.025 0.015625
2 0.37265625 0.590625 0.021875 0.0171875
2 0.334375 0.5984375 0.01953125 0.01640625
2 0.190625 0.68984375 0.0203125 0.015625
0 0.1984375 0.6796875 0.021875 0.01640625
1 0.15859375 0.64921875 0.01875 0.01640625
0 0.42421875 0.62421875 0.02109375 0.0171875