2 0.55703125 0.32421875 0.02578125 0.015625
2 0.59375 0.34140625 0.021875 0.01640625
2 0.575 0.34921875 0.02265625 0.01796875
2 0.5640625 0.3625 0.0234375 0.01640625
2 0.58515625 0.36796875 0.0203125 0.01640625
2 0.5953125 0.35625 0.01640625 0.0171875
2 0.6078125 0.346875 0.02421875 0.0203125
2 0.625 0.35625 0.021875 0.0140625
2 0.609375 0.3640625 0.02265625 0.0140625
2 0.60546875 0.37890625 0.02578125 0.01640625
2 0.625 0.3734375 0.02265625 0.0171875
2 0.64140625 0.3640625 0.021875 0.01953125
2 0.66328125 0.35703125 0.02265625 0.015625
2 0.6609375 0.37421875 0.02578125 0.01640625
2 0.64375 0.384375 0.0234375 0.0171875
2 0.678125 0.38203125 0.0234375 0.0171875
2 0.6625 0.39296875 0.02578125 0.01640625
2 0.69609375 0.3890625 0.0234375 0.01796875
2 0.678125 0.4203125 0.021875 0.01796875
2 0.7109375 0.403125 0.02109375 0.01484375
2 0.6828125 0.4015625 0.02265625 0.015625
2 0.69921875 0.4125 0.0234375 0.01484375
2 0.703125 0.42734375 0.0265625 0.01796875
2 0.56875 0.3796875 0.02578125 0.01796875
2 0.5890625 0.38984375 0.02109375 0.015625
2 0.6109375 0.3953125 0.02265625 0.01875
2 0.628125 0.3921875 0.0203125 0.015625
2 0.64296875 0.4015625 0.021875 0.0171875
2 0.65625 0.41328125 0.02265625 0.01640625
2 0.625 0.40703125 0.01953125 0.01640625
2 0.6046875 0.41015625 0.021875 0.01484375
2 0.584375 0.4046875 0.02109375 0.015625
2 0.565625 0.39453125 0.021875 0.01484375
2 0.5609375 0.4078125 0.025 0.01484375
2 0.58125 0.41875 0.02265625 0.0140625
2 0.61484375 0.4234375 0.02421875 0.01484375
2 0.63671875 0.41796875 0.0203125 0.01328125
2 0.63046875 0.43359375 0.01953125 0.01484375
2 0.6546875 0.42890625 0.021875 0.01484375
2 0.64921875 0.44140625 0.021875 0.01484375
2 0.671875 0.4359375 0.0234375 0.01640625
2 0.678125 0.421875 0.021875 0.01796875
2 0.55625 0.42265625 0.0265625 0.01640625
2 0.57578125 0.434375 0.02265625 0.015625
2 0.596875 0.428125 0.0203125 0.01484375
2 0.59296875 0.4421875 0.01953125 0.01484375
2 0.6109375 0.4390625 0.02265625 0.01484375
2 0.6296875 0.44921875 0.021875 0.01484375
2 0.6078125 0.45390625 0.02265625 0.01484375
2 0.55390625 0.4375 0.02578125 0.01640625
2 0.53125 0.44296875 0.02265625 0.01875
2 0.54921875 0.45078125 0.021875 0.01640625
2 0.571875 0.44609375 0.01953125 0.01484375
2 0.58671875 0.4578125 0.021875 0.0140625
2 0.565625 0.4609375 0.02265625 0.0171875
2 0.603125 0.46640625 0.021875 0.0171875
2 0.62578125 0.4609375 0.02265625 0.01796875
2 0.6171875 0.4765625 0.028125 0.01640625
2 0.58203125 0.4734375 0.021875 0.01640625
2 0.53203125 0.459375 0.02265625 0.01640625
2 0.546875 0.46875 0.021875 0.01484375
2 0.56171875 0.4796875 0.02265625 0.01640625
2 0.521875 0.47421875 0.021875 0.01640625
2 0.5390625 0.48203125 0.021875 0.01640625
2 0.54921875 0.4921875 0.0265625 0.01953125
2 0.5765625 0.48828125 0.02265625 0.01953125
2 0.59765625 0.48125 0.0171875 0.01484375
2 0.6140625 0.4921875 0.02421875 0.0171875
2 0.59375 0.4984375 0.025 0.0140625
2 0.56875 0.50234375 0.028125 0.0140625
2 0.5875 0.51171875 0.02421875 0.01484375
2 0.5140625 0.48828125 0.02734375 0.01796875
2 0.53125 0.49765625 0.02265625 0.01640625
2 0.50546875 0.50234375 0.025 0.01796875
2 0.52265625 0.51171875 0.02265625 0.01484375
2 0.54765625 0.50859375 0.0234375 0.01640625
2 0.54140625 0.52109375 0.025 0.01796875
2 0.56328125 0.51640625 0.02421875 0.0171875
2 0.584375 0.528125 0.02265625 0.01484375
2 0.559375 0.53046875 0.02578125 0.01796875
2 0.578125 0.54140625 0.0234375 0.01640625
2 0.571875 0.55625 0.0265625 0.01796875
2 0.56796875 0.56953125 0.0265625 0.015625
2 0.56484375 0.584375 0.028125 0.01640625
2 0.55390625 0.54609375 0.02734375 0.015625
2 0.5484375 0.559375 0.025 0.0140625
2 0.5453125 0.575 0.025 0.015625
2 0.54296875 0.59140625 0.02421875 0.0171875
2 0.5390625 0.53671875 0.0234375 0.01953125
2 0.521875 0.52578125 0.021875 0.01640625
2 0.50234375 0.51875 0.028125 0.01484375
2 0.48203125 0.5125 0.0265625 0.01640625
2 0.53125 0.54921875 0.02421875 0.01796875
2 0.5140625 0.53984375 0.02421875 0.01640625
2 0.496875 0.53203125 0.03046875 0.01953125
2 0.4734375 0.52734375 0.02578125 0.01796875
2 0.528125 0.5640625 0.025 0.01953125
2 0.51171875 0.55625 0.025 0.01796875
2 0.49375 0.54765625 0.025 0.01484375
2 0.475 0.54296875 0.02578125 0.01640625
2 0.525 0.58203125 0.021875 0.01875
2 0.5078125 0.57265625 0.0234375 0.01640625
2 0.49140625 0.56328125 0.02421875 0.015625
2 0.4734375 0.5578125 0.02265625 0.01640625
2 0.45078125 0.55078125 0.02734375 0.0171875
2 0.4328125 0.56328125 0.025 0.01796875
2 0.453125 0.565625 0.02265625 0.0171875
2 0.47421875 0.571875 0.0234375 0.01875
2 0.49140625 0.5796875 0.021875 0.01640625
2 0.50703125 0.5875 0.025 0.01953125
2 0.521875 0.5984375 0.0234375 0.0171875
2 0.53984375 0.61015625 0.021875 0.01640625
2 0.43984375 0.57734375 0.021875 0.015625
2 0.459375 0.5828125 0.021875 0.01640625
2 0.4765625 0.590625 0.02109375 0.01484375
2 0.49296875 0.6 0.02421875 0.0171875
2 0.50859375 0.61015625 0.021875 0.01640625
2 0.52421875 0.62109375 0.025 0.0203125
2 0.42578125 0.5890625 0.025 0.01796875
2 0.44609375 0.59296875 0.02109375 0.01796875
2 0.4640625 0.6015625 0.021875 0.0171875
2 0.48125 0.6125 0.02421875 0.0171875
2 0.496875 0.62265625 0.0234375 0.0171875
2 0.5109375 0.6359375 0.0203125 0.015625
2 0.428125 0.6046875 0.025 0.015625
2 0.44609375 0.6125 0.02265625 0.01640625
2 0.4640625 0.61953125 0.021875 0.01875
2 0.48203125 0.6296875 0.02578125 0.0171875
2 0.42578125 0.62109375 0.02578125 0.0171875
2 0.4453125 0.628125 0.0234375 0.01640625
2 0.4640625 0.6375 0.021875 0.015625
2 0.4265625 0.6359375 0.0234375 0.01640625
2 0.44296875 0.64453125 0.021875 0.015625
2 0.46328125 0.65390625 0.0203125 0.01640625
2 0.4828125 0.6453125 0.02265625 0.015625
2 0.5046875 0.65078125 0.021875 0.015625
2 0.48515625 0.66171875 0.02421875 0.01640625
2 0.50703125 0.6671875 0.021875 0.01640625
2 0.42421875 0.65234375 0.02265625 0.01796875
2 0.4015625 0.65703125 0.025 0.02109375
2 0.4421875 0.6609375 0.021875 0.0171875
2 0.4203125 0.6671875 0.02421875 0.01640625
2 0.46015625 0.66796875 0.021875 0.0171875
2 0.4390625 0.67578125 0.02421875 0.01484375
2 0.4796875 0.675 0.0265625 0.0171875
2 0.471875 0.6875 0.028125 0.01640625
2 0.446875 0.69140625 0.0265625 0.01796875
2 0.42109375 0.68359375 0.0234375 0.01640625
2 0.39921875 0.6765625 0.0234375 0.01796875
2 0.4203125 0.6984375 0.02265625 0.01640625
2 0.396875 0.6984375 0.02265625 0.0171875
2 0.4390625 0.70625 0.0234375 0.0171875
2 0.46171875 0.70078125 0.0234375 0.01640625
2 0.471875 0.7171875 0.0234375 0.01953125
2 0.4515625 0.71953125 0.0234375 0.0171875
2 0.415625 0.7125 0.02265625 0.01796875
2 0.3921875 0.715625 0.025 0.01796875
2 0.37109375 0.72578125 0.028125 0.01953125
2 0.4 0.73046875 0.021875 0.01640625
2 0.42734375 0.72578125 0.02421875 0.01484375
2 0.415625 0.73984375 0.02109375 0.01953125
2 0.43671875 0.740625 0.02421875 0.01796875
2 0.46015625 0.73203125 0.02265625 0.01640625
2 0.4546875 0.74921875 0.025 0.01796875
2 0.384375 0.740625 0.02734375 0.0171875
2 0.4 0.75 0.0203125 0.0171875
2 0.4234375 0.75546875 0.02265625 0.01640625
2 0.44296875 0.76171875 0.0234375 0.01796875
2 0.365625 0.76484375 0.02578125 0.01953125
2 0.3890625 0.76796875 0.01875 0.01796875
2 0.4125 0.76796875 0.02265625 0.01796875
2 0.42890625 0.7765625 0.025 0.01640625
2 0.4515625 0.7796875 0.0265625 0.01953125
2 0.353125 0.78046875 0.0265625 0.01640625
2 0.375 0.78359375 0.02734375 0.01796875
2 0.4 0.78359375 0.021875 0.0171875
2 0.41875 0.79140625 0.02265625 0.01640625
2 0.44140625 0.7953125 0.0234375 0.01796875
2 0.35546875 0.79609375 0.025 0.01796875
2 0.3796875 0.79765625 0.02734375 0.01796875
2 0.4015625 0.80078125 0.021875 0.01796875
2 0.42265625 0.80703125 0.021875 0.01953125
2 0.44296875 0.81328125 0.02578125 0.01796875
2 0.346875 0.81171875 0.02734375 0.0171875
2 0.36953125 0.8140625 0.0234375 0.01640625
2 0.39140625 0.81640625 0.02265625 0.01875
2 0.4109375 0.8234375 0.02109375 0.01796875
2 0.43125 0.82890625 0.02265625 0.01640625
2 0.353125 0.83046875 0.0234375 0.0171875
2 0.37578125 0.83046875 0.02265625 0.01796875
2 0.39921875 0.8359375 0.021875 0.0203125
2 0.4203125 0.8421875 0.021875 0.01640625
2 0.340625 0.84453125 0.025 0.02109375
2 0.3625 0.84453125 0.02265625 0.0171875
2 0.384375 0.85 0.02109375 0.01953125
2 0.40234375 0.85390625 0.028125 0.0171875
2 0.4296875 0.8546875 0.02890625 0.02265625
2 0.33046875 0.8625 0.021875 0.0171875
2 0.35703125 0.86171875 0.0234375 0.01796875
2 0.3796875 0.8640625 0.01953125 0.01796875
2 0.39921875 0.87265625 0.02421875 0.01796875
2 0.4203125 0.871875 0.02578125 0.01796875
2 0.334375 0.88203125 0.025 0.01953125
2 0.35859375 0.878125 0.02265625 0.01875
2 0.37734375 0.88359375 0.025 0.01953125
2 0.40234375 0.88828125 0.02578125 0.01796875
2 0.425 0.88828125 0.02421875 0.01953125
2 0.35 0.89609375 0.02109375 0.0171875
2 0.3703125 0.89921875 0.0234375 0.01640625
2 0.39140625 0.903125 0.0265625 0.01796875
2 0.415625 0.90546875 0.0265625 0.0171875
2 0.34453125 0.9140625 0.0265625 0.01640625
2 0.36640625 0.91640625 0.02265625 0.015625
2 0.38984375 0.91953125 0.02421875 0.01796875
2 0.4171875 0.921875 0.028125 0.01640625
2 0.35 0.93203125 0.02734375 0.01875
2 0.3734375 0.93203125 0.0234375 0.01953125
2 0.39921875 0.934375 0.02578125 0.01796875
2 0.421875 0.9375 0.0265625 0.0203125
2 0.35625 0.946875 0.028125 0.01796875
2 0.3828125 0.94921875 0.02109375 0.01640625
2 0.403125 0.953125 0.021875 0.01484375
2 0.425 0.95625 0.03125 0.02109375
2 0.34296875 0.96328125 0.025 0.01953125
2 0.36953125 0.9625 0.0234375 0.0171875
2 0.39296875 0.96796875 0.02421875 0.01953125
2 0.41484375 0.9734375 0.02734375 0.01875