2 0.25078125 0.20390625 0.01875 0.021875
2 0.61328125 0.44140625 0.015625 0.0171875
2 0.56640625 0.471875 0.015625 0.01875
2 0.546875 0.40234375 0.01875 0.025
2 0.5390625 0.41796875 0.015625 0.01875
2 0.52890625 0.43046875 0.0171875 0.021875
2 0.53046875 0.4109375 0.015625 0.0203125
2 0.5171875 0.41640625 0.0125 0.0203125
2 0.5140625 0.434375 0.0125 0.01875
2 0.55 0.3390625 0.01875 0.021875
2 0.55390625 0.31953125 0.0140625 0.01875
2 0.56484375 0.30546875 0.015625 0.0234375
2 0.5546875 0.29921875 0.0140625 0.021875
2 0.540625 0.3109375 0.01875 0.021875
2 0.534375 0.29375 0.015625 0.025
2 0.52265625 0.30703125 0.0140625 0.01875
2 0.51875 0.2890625 0.0171875 0.0203125
2 0.50625 0.3109375 0.015625 0.025
2 0.50390625 0.29375 0.01875 0.01875
2 0.49296875 0.3125 0.015625 0.01875
2 0.48828125 0.33046875 0.015625 0.025
2 0.48671875 0.29296875 0.015625 0.021875
2 0.47890625 0.31328125 0.015625 0.01875
2 0.4703125 0.29921875 0.0125 0.01875
2 0.465625 0.32421875 0.015625 0.025
2 0.4640625 0.35546875 0.015625 0.0265625
2 0.48671875 0.41328125 0.0140625 0.021875
2 0.48046875 0.428125 0.01875 0.021875
2 0.45625 0.2984375 0.015625 0.025
2 0.45 0.31875 0.0171875 0.021875
2 0.4484375 0.3359375 0.01875 0.021875
2 0.44921875 0.3578125 0.0171875 0.028125
2 0.43671875 0.365625 0.015625 0.0203125
2 0.4328125 0.3484375 0.015625 0.01875
2 0.434375 0.328125 0.0140625 0.021875
2 0.42265625 0.36875 0.015625 0.021875
2 0.41796875 0.340625 0.015625 0.025
2 0.40703125 0.36796875 0.015625 0.03125
2 0.40546875 0.33984375 0.0140625 0.0234375
2 0.39296875 0.36796875 0.015625 0.025
2 0.3921875 0.3484375 0.0140625 0.01875
2 0.39140625 0.33046875 0.0140625 0.01875
2 0.37890625 0.3609375 0.015625 0.021875
2 0.37734375 0.3390625 0.015625 0.021875
2 0.36640625 0.38828125 0.0125 0.021875
2 0.3640625 0.3515625 0.0140625 0.028125
2 0.38203125 0.31328125 0.015625 0.021875
2 0.3828125 0.29296875 0.0171875 0.021875
2 0.396875 0.28359375 0.01875 0.0234375
2 0.36953125 0.32265625 0.015625 0.01875
2 0.36171875 0.31015625 0.01875 0.021875
2 0.375 0.2796875 0.015625 0.021875
2 0.36015625 0.28984375 0.015625 0.0203125
2 0.35703125 0.271875 0.015625 0.021875
2 0.34453125 0.2765625 0.015625 0.025
2 0.34453125 0.29453125 0.015625 0.021875
2 0.3453125 0.31875 0.0140625 0.021875
2 0.35546875 0.3328125 0.015625 0.025
2 0.3484375 0.35390625 0.0171875 0.025
2 0.33671875 0.33671875 0.015625 0.025
2 0.32421875 0.328125 0.015625 0.025
2 0.3328125 0.3078125 0.015625 0.0234375
2 0.31953125 0.30625 0.015625 0.021875
2 0.32734375 0.28671875 0.015625 0.021875
2 0.32734375 0.26953125 0.015625 0.021875
2 0.30859375 0.32109375 0.0171875 0.025
2 0.31015625 0.2890625 0.01875 0.021875
2 0.309375 0.26953125 0.0171875 0.025
2 0.6015625 0.4546875 0.015625 0.021875