2 0.353125 0.659375 0.02890625 0.02109375
2 0.3484375 0.62109375 0.0265625 0.02109375
2 0.51015625 0.48359375 0.0265625 0.01953125
2 0.465625 0.49375 0.02421875 0.0203125
2 0.5328125 0.49609375 0.02578125 0.01875
2 0.39765625 0.50625 0.02578125 0.0203125
2 0.38984375 0.52265625 0.0234375 0.0171875
2 0.36953125 0.51484375 0.02578125 0.01953125
2 0.36953125 0.5328125 0.02890625 0.01953125
2 0.365625 0.55078125 0.02578125 0.0203125
2 0.38359375 0.56953125 0.0203125 0.01875
2 0.40703125 0.5984375 0.02109375 0.01953125
2 0.425 0.61484375 0.02109375 0.015625
2 0.4703125 0.65546875 0.02421875 0.0171875
2 0.47890625 0.64140625 0.025 0.01875
0 0.44296875 0.63515625 0.02421875 0.01875
2 0.4578125 0.64296875 0.01953125 0.0171875
2 0.5328125 0.63671875 0.0234375 0.01640625
2 0.66484375 0.6015625 0.02421875 0.01796875
2 0.68671875 0.60390625 0.02890625 0.021875
2 0.71171875 0.6109375 0.02890625 0.0171875
2 0.72265625 0.596875 0.02734375 0.01796875
2 0.70234375 0.58359375 0.025 0.0171875
2 0.73203125 0.56015625 0.02578125 0.0203125
2 0.71171875 0.55078125 0.02734375 0.01953125
2 0.6953125 0.5421875 0.025 0.0171875
2 0.68046875 0.52890625 0.02734375 0.0171875
2 0.66328125 0.51640625 0.0265625 0.01875
2 0.640625 0.51640625 0.0328125 0.01953125
2 0.61640625 0.5203125 0.02421875 0.01875
2 0.63515625 0.53671875 0.0265625 0.01796875
2 0.6546875 0.53203125 0.02578125 0.015625
2 0.6109375 0.540625 0.02578125 0.01953125
0 0.62421875 0.55703125 0.021875 0.02109375
0 0.659375 0.54453125 0.0265625 0.0171875
0 0.65625 0.559375 0.02578125 0.01875
0 0.6765625 0.55625 0.0265625 0.0203125
0 0.70234375 0.56484375 0.02890625 0.01875
2 0.725 0.578125 0.0265625 0.02109375
2 0.65390625 0.58203125 0.02890625 0.02265625
2 0.67890625 0.5890625 0.02421875 0.0171875
2 0.678125 0.57265625 0.02421875 0.01796875
2 0.6359375 0.571875 0.02421875 0.0171875
0 0.60078125 0.5578125 0.02578125 0.01953125
0 0.58984375 0.54140625 0.0265625 0.01875
0 0.56875 0.53984375 0.025 0.0171875
0 0.54609375 0.540625 0.02421875 0.0171875
0 0.58515625 0.5609375 0.02421875 0.015625
0 0.49453125 0.6375 0.0203125 0.01796875
0 0.51015625 0.62578125 0.02109375 0.0140625
0 0.52734375 0.61171875 0.025 0.01640625
0 0.5515625 0.61953125 0.02421875 0.0171875
0 0.55390625 0.58359375 0.0265625 0.015625
0 0.55390625 0.6 0.0296875 0.0203125
1 0.58125 0.5859375 0.02578125 0.01640625
1 0.575 0.57109375 0.021875 0.01875
1 0.50546875 0.56640625 0.025 0.0171875
1 0.51640625 0.58046875 0.0265625 0.01796875
1 0.47890625 0.58359375 0.02734375 0.01796875
1 0.5328125 0.5703125 0.02421875 0.01640625
1 0.55234375 0.565625 0.02578125 0.01953125
1 0.53828125 0.55234375 0.02109375 0.01796875
1 0.51953125 0.553125 0.021875 0.01796875
1 0.46328125 0.54296875 0.02265625 0.01796875
1 0.44140625 0.5390625 0.0234375 0.0171875
1 0.45703125 0.5578125 0.02578125 0.0171875
1 0.48515625 0.5390625 0.02265625 0.01875
1 0.50546875 0.5375 0.02578125 0.01796875
1 0.47890625 0.5546875 0.02265625 0.01796875
1 0.49765625 0.5515625 0.02421875 0.01796875
1 0.459375 0.575 0.02265625 0.01796875
1 0.478125 0.5703125 0.021875 0.01640625
1 0.45546875 0.5921875 0.02578125 0.0171875
1 0.46640625 0.60390625 0.028125 0.0171875
1 0.48984375 0.60546875 0.02265625 0.0140625
0 0.51015625 0.6 0.02265625 0.015625
0 0.49453125 0.58828125 0.02109375 0.01640625
0 0.5328125 0.5953125 0.0234375 0.01640625
0 0.4390625 0.60234375 0.0265625 0.01328125
0 0.4484375 0.61796875 0.021875 0.01953125
0 0.46640625 0.628125 0.02578125 0.01484375
0 0.4171875 0.5890625 0.02421875 0.01796875
0 0.4265625 0.5734375 0.02421875 0.01796875
0 0.40546875 0.56796875 0.02578125 0.01640625
0 0.3890625 0.54765625 0.02890625 0.01875
0 0.409375 0.5546875 0.021875 0.01796875
0 0.40703125 0.53828125 0.02421875 0.01875
0 0.428125 0.5578125 0.0234375 0.01640625
0 0.42890625 0.525 0.0234375 0.01875
0 0.48125 0.51875 0.028125 0.0171875
0 0.46640625 0.5265625 0.025 0.0171875
0 0.50234375 0.5 0.025 0.01796875
0 0.5125 0.5125 0.025 0.01796875
0 0.5265625 0.5296875 0.02421875 0.0203125
2 0.5890625 0.521875 0.0265625 0.0171875
2 0.546875 0.525 0.0203125 0.01796875
2 0.5984375 0.57421875 0.02265625 0.01875
2 0.57890625 0.6 0.0203125 0.01328125
2 0.45546875 0.51015625 0.021875 0.01953125
2 0.53046875 0.5125 0.02109375 0.01640625
2 0.4171875 0.5125 0.0234375 0.01640625