2 0.5234375 0.5453125 0.0171875 0.0125
2 0.45390625 0.5296875 0.01875 0.0125
2 0.5375 0.5515625 0.015625 0.0125
2 0.43046875 0.5453125 0.01875 0.0140625
2 0.525 0.55859375 0.0171875 0.0125
2 0.47578125 0.5703125 0.0171875 0.0125
2 0.46875 0.53046875 0.01875 0.0140625
2 0.45 0.5609375 0.01875 0.0125
2 0.56171875 0.56171875 0.01875 0.0140625
2 0.44375 0.53828125 0.01875 0.015625
2 0.5078125 0.58203125 0.01875 0.0125
2 0.490625 0.57578125 0.01875 0.0140625
2 0.5703125 0.5828125 0.015625 0.0125
2 0.52265625 0.5859375 0.015625 0.0125
2 0.5046875 0.54921875 0.01875 0.0140625
2 0.55625 0.58828125 0.01875 0.015625
2 0.54609375 0.5703125 0.01875 0.015625
2 0.4859375 0.534375 0.01875 0.0125
2 0.44765625 0.54921875 0.015625 0.0125
2 0.46015625 0.54140625 0.015625 0.0125
2 0.47578125 0.54296875 0.015625 0.0140625
2 0.4890625 0.54765625 0.0140625 0.0140625
2 0.509375 0.5578125 0.015625 0.0125
2 0.534375 0.5625 0.015625 0.0125
2 0.54921875 0.5578125 0.015625 0.0140625
2 0.559375 0.575 0.015625 0.0140625
2 0.5453125 0.58203125 0.01875 0.0125
2 0.5296875 0.5765625 0.0203125 0.0140625
2 0.51796875 0.56953125 0.01875 0.0125
2 0.50078125 0.56875 0.01875 0.0125
2 0.4890625 0.56328125 0.01875 0.0125
2 0.47890625 0.55703125 0.015625 0.0125
2 0.46328125 0.5546875 0.0171875 0.0140625