2 0.28828125 0.44296875 0.05234375 0.0421875
2 0.2609375 0.471875 0.05078125 0.03671875
2 0.303125 0.4765625 0.053125 0.03515625
2 0.33203125 0.44921875 0.0484375 0.03828125
2 0.35 0.47578125 0.0515625 0.03984375
2 0.33046875 0.50546875 0.05078125 0.040625
2 0.31171875 0.53671875 0.0546875 0.04296875
2 0.3546875 0.5390625 0.05078125 0.034375
2 0.37578125 0.5125 0.05078125 0.040625
2 0.39453125 0.484375 0.0515625 0.03515625
2 0.42421875 0.5078125 0.053125 0.0421875
2 0.40703125 0.53671875 0.05390625 0.0375
2 0.4515625 0.54296875 0.0453125 0.0375
2 0.4296875 0.56796875 0.04921875 0.03671875
2 0.475 0.57265625 0.05703125 0.03828125
2 0.45546875 0.596875 0.05 0.03828125
2 0.3890625 0.5671875 0.04609375 0.0359375
2 0.33984375 0.57109375 0.0546875 0.04296875
2 0.3625 0.59921875 0.04921875 0.0390625
2 0.40546875 0.59609375 0.0515625 0.04296875
2 0.37421875 0.634375 0.0578125 0.04609375
2 0.41953125 0.63359375 0.053125 0.04296875