0 0.48203125 0.36640625 0.028125 0.0375
0 0.45703125 0.3734375 0.0296875 0.034375
0 0.4796875 0.3984375 0.025 0.034375
0 0.4828125 0.428125 0.025 0.0390625
0 0.49609375 0.4578125 0.0296875 0.034375
0 0.4578125 0.40546875 0.0265625 0.0375
0 0.459375 0.4328125 0.025 0.0375
0 0.434375 0.40625 0.028125 0.040625
2 0.4203125 0.25390625 0.03125 0.034375
2 0.3953125 0.259375 0.025 0.040625
2 0.4390625 0.26796875 0.025 0.0328125
2 0.4171875 0.28671875 0.025 0.034375
2 0.40234375 0.32109375 0.025 0.0328125
2 0.4421875 0.5140625 0.0234375 0.03125
2 0.40078125 0.4109375 0.0234375 0.03125
2 0.5 0.32109375 0.025 0.034375
2 0.42578125 0.490625 0.021875 0.03125
2 0.3984375 0.3515625 0.021875 0.0328125
2 0.3703125 0.3515625 0.021875 0.03125
2 0.375 0.31796875 0.025 0.0328125
2 0.5171875 0.3453125 0.0234375 0.034375
2 0.38515625 0.3859375 0.0234375 0.034375
2 0.39296875 0.29375 0.021875 0.03125
2 0.43125 0.46015625 0.025 0.034375
2 0.415625 0.4359375 0.025 0.034375
2 0.44609375 0.30234375 0.025 0.0375
2 0.45859375 0.5375 0.021875 0.03125
2 0.409375 0.3796875 0.0234375 0.034375
2 0.5015625 0.528125 0.0234375 0.03125
2 0.4671875 0.3171875 0.0234375 0.034375
2 0.39296875 0.4453125 0.021875 0.03125
2 0.47890625 0.5328125 0.025 0.03125
2 0.5140625 0.378125 0.0234375 0.034375
2 0.50859375 0.409375 0.025 0.0328125
2 0.4703125 0.48046875 0.0234375 0.0328125
2 0.409375 0.46796875 0.021875 0.03125
2 0.53046875 0.4921875 0.025 0.0328125
2 0.5234375 0.43671875 0.025 0.034375
2 0.48515625 0.50390625 0.025 0.034375
2 0.525 0.521875 0.025 0.03125
2 0.5140625 0.46796875 0.0234375 0.034375
2 0.36171875 0.38984375 0.0234375 0.03125
2 0.4328125 0.37734375 0.025 0.034375
2 0.496875 0.35546875 0.021875 0.034375
2 0.446875 0.48671875 0.025 0.0328125
2 0.49765625 0.66328125 0.025 0.03125
2 0.52421875 0.56015625 0.025 0.0328125
2 0.496875 0.56875 0.025 0.03125
2 0.51640625 0.675 0.0234375 0.0328125
2 0.4625 0.5078125 0.0265625 0.034375
2 0.44609375 0.33828125 0.028125 0.040625
2 0.50859375 0.4984375 0.025 0.034375
2 0.55234375 0.45390625 0.025 0.03125
2 0.45546875 0.45390625 0.0296875 0.0375
2 0.471875 0.6703125 0.0234375 0.03125
2 0.440625 0.4296875 0.0265625 0.03125
2 0.56796875 0.53671875 0.025 0.034375
0 0.48984375 0.38671875 0.021875 0.03125
2 0.47578125 0.45078125 0.025 0.0296875
2 0.42421875 0.34609375 0.025 0.0375
2 0.42578125 0.315625 0.0234375 0.03125