2 0.61328125 0.5484375 0.0234375 0.03125
2 0.63359375 0.5359375 0.025 0.03125
2 0.64609375 0.58203125 0.025 0.0296875
2 0.6734375 0.571875 0.025 0.03125
2 0.71328125 0.47890625 0.025 0.03125
2 0.65625 0.5546875 0.025 0.028125
2 0.6578125 0.52890625 0.025 0.03125
2 0.734375 0.46640625 0.025 0.0296875
2 0.6921875 0.49453125 0.0234375 0.03125
2 0.63125 0.56328125 0.0234375 0.03125
2 0.6765625 0.51484375 0.025 0.03125
2 0.6953125 0.55546875 0.0234375 0.028125
2 0.73984375 0.5484375 0.025 0.028125
2 0.71171875 0.5390625 0.025 0.0296875
2 0.73046875 0.521875 0.025 0.03125
2 0.709375 0.50859375 0.021875 0.028125
2 0.6796875 0.53828125 0.01875 0.028125
2 0.69296875 0.52578125 0.021875 0.028125