2 0.5 0.4375 0.0359375 0.0421875
2 0.49375 0.4734375 0.03125 0.034375
2 0.46328125 0.35625 0.028125 0.0375
2 0.45546875 0.49609375 0.0296875 0.0375
2 0.4703125 0.39921875 0.028125 0.0359375
2 0.3578125 0.4890625 0.028125 0.0375
2 0.42734375 0.35625 0.028125 0.0375
2 0.4734375 0.434375 0.0296875 0.0359375
2 0.4671875 0.46484375 0.0265625 0.034375
2 0.33046875 0.5125 0.03125 0.0375
2 0.4109375 0.51484375 0.028125 0.0375
2 0.39140625 0.35234375 0.028125 0.034375
2 0.42578125 0.4875 0.028125 0.0359375
2 0.32421875 0.4765625 0.0296875 0.0375
2 0.4390625 0.45859375 0.0265625 0.034375
2 0.29765625 0.49765625 0.03125 0.0375
2 0.34765625 0.45234375 0.028125 0.034375
2 0.3484375 0.390625 0.028125 0.0359375
2 0.40078125 0.46796875 0.03125 0.0375
2 0.33125 0.4234375 0.03125 0.034375
2 0.41796875 0.4375 0.028125 0.0375
2 0.28125 0.4609375 0.03125 0.0375
2 0.315625 0.3859375 0.0265625 0.0375
2 0.3609375 0.35390625 0.0296875 0.034375
2 0.409375 0.38671875 0.028125 0.0375
2 0.3328125 0.3609375 0.028125 0.034375
2 0.378125 0.38671875 0.028125 0.0375
2 0.4328125 0.4109375 0.0265625 0.0328125
2 0.44765625 0.38671875 0.0265625 0.034375
2 0.39140625 0.415625 0.028125 0.034375
2 0.36328125 0.4203125 0.0265625 0.0328125
2 0.31171875 0.4515625 0.028125 0.034375
2 0.4484375 0.43046875 0.025 0.0375