2 0.6515625 0.42890625 0.028125 0.0296875
2 0.64765625 0.45859375 0.0234375 0.03125
2 0.66875 0.44765625 0.01875 0.028125
2 0.671875 0.41328125 0.021875 0.0296875
2 0.67890625 0.384375 0.0234375 0.03125
2 0.69375 0.4078125 0.021875 0.0265625
2 0.6875 0.43671875 0.01875 0.028125
2 0.684375 0.46796875 0.021875 0.028125
2 0.66796875 0.47890625 0.021875 0.028125
2 0.6609375 0.50625 0.0234375 0.034375
2 0.65703125 0.53828125 0.0234375 0.028125
2 0.67734375 0.5265625 0.01875 0.028125
2 0.68046875 0.49765625 0.01875 0.03125
2 0.6953125 0.51796875 0.025 0.0328125
2 0.71328125 0.4265625 0.0203125 0.025
2 0.7046875 0.4515625 0.021875 0.03125
2 0.725 0.44375 0.021875 0.03125
2 0.71953125 0.475 0.025 0.028125
2 0.70234375 0.4890625 0.0234375 0.03125
2 0.696875 0.37109375 0.021875 0.0265625
2 0.71171875 0.38671875 0.01875 0.025
2 0.72421875 0.4046875 0.021875 0.0296875
2 0.740625 0.38125 0.01875 0.03125
2 0.725 0.3703125 0.021875 0.028125
2 0.7125 0.3421875 0.0234375 0.03125
2 0.725 0.315625 0.021875 0.028125
2 0.7375 0.33984375 0.021875 0.025
2 0.75234375 0.3546875 0.021875 0.0265625
2 0.759375 0.384375 0.0234375 0.034375
2 0.7484375 0.31015625 0.025 0.028125
2 0.76328125 0.32890625 0.021875 0.0265625
2 0.771875 0.35390625 0.025 0.025
2 0.7796875 0.38203125 0.0203125 0.03125
2 0.75078125 0.2734375 0.025 0.0375
2 0.76171875 0.24765625 0.028125 0.0296875
2 0.7765625 0.26484375 0.021875 0.028125
2 0.77109375 0.28984375 0.025 0.03125
2 0.778125 0.315625 0.025 0.034375
2 0.790625 0.3421875 0.0265625 0.034375
2 0.8015625 0.375 0.028125 0.034375
2 0.809375 0.33203125 0.025 0.034375
2 0.8015625 0.3078125 0.025 0.0359375
2 0.796875 0.278125 0.025 0.0375
2 0.81796875 0.27890625 0.025 0.034375
2 0.8265625 0.3078125 0.025 0.0359375
2 0.81171875 0.25703125 0.03125 0.03125
2 0.79765625 0.23046875 0.028125 0.0359375
2 0.7796875 0.2203125 0.025 0.03125
2 0.79453125 0.2 0.028125 0.034375
2 0.80859375 0.1640625 0.0296875 0.040625
2 0.815625 0.20078125 0.025 0.034375
2 0.82421875 0.2234375 0.025 0.03125
2 0.8375 0.25390625 0.0265625 0.040625
2 0.83046875 0.16953125 0.028125 0.0375
2 0.83984375 0.1984375 0.028125 0.0359375
2 0.85625 0.16171875 0.028125 0.040625
2 0.86953125 0.1890625 0.0375 0.0453125
2 0.84765625 0.2171875 0.0296875 0.0375
2 0.6 0.7265625 0.028125 0.0375
2 0.621875 0.72421875 0.028125 0.0328125
2 0.62890625 0.69140625 0.025 0.0375
2 0.6453125 0.725 0.028125 0.0375
2 0.659375 0.709375 0.025 0.034375
2 0.65 0.6828125 0.0234375 0.034375
2 0.6328125 0.65859375 0.0296875 0.034375
2 0.63671875 0.6296875 0.0265625 0.034375
2 0.6421875 0.59765625 0.025 0.03125
2 0.6484375 0.56640625 0.025 0.0375
2 0.67109375 0.5609375 0.025 0.0328125
2 0.66484375 0.5890625 0.0265625 0.025
2 0.68046875 0.61171875 0.025 0.034375
2 0.65703125 0.6203125 0.025 0.03125
2 0.6734375 0.64296875 0.028125 0.03125
2 0.65390625 0.6515625 0.028125 0.028125
2 0.66640625 0.6765625 0.025 0.0375
2 0.68671875 0.671875 0.03125 0.034375
2 0.68359375 0.70625 0.03125 0.040625