2 0.2578125 0.4359375 0.0390625 0.034375
2 0.1375 0.55390625 0.040625 0.03125
2 0.6453125 0.46484375 0.0390625 0.028125
2 0.35625 0.4125 0.040625 0.028125
2 0.63984375 0.49296875 0.0390625 0.028125
2 0.4625 0.321875 0.040625 0.0296875
2 0.32109375 0.42734375 0.0390625 0.028125
2 0.5921875 0.340625 0.0359375 0.03125
2 0.5640625 0.321875 0.040625 0.03125
2 0.6125 0.4203125 0.0390625 0.028125
2 0.29453125 0.45 0.0421875 0.03125
2 0.39453125 0.3828125 0.0375 0.028125
2 0.6390625 0.52265625 0.0390625 0.028125
2 0.22421875 0.4765625 0.0390625 0.0296875
2 0.5296875 0.33046875 0.0375 0.03125
2 0.1 0.6078125 0.04375 0.03125
2 0.22265625 0.50703125 0.0390625 0.0296875
2 0.534375 0.2984375 0.040625 0.028125
2 0.5703125 0.28984375 0.0375 0.028125
2 0.5875 0.37109375 0.0375 0.028125
2 0.46171875 0.35234375 0.0375 0.0328125
2 0.5015625 0.31015625 0.0375 0.0265625
2 0.634375 0.553125 0.0375 0.0265625
2 0.5796875 0.4015625 0.040625 0.028125
2 0.25234375 0.525 0.040625 0.028125
2 0.26015625 0.46640625 0.0421875 0.03125
2 0.2578125 0.49609375 0.040625 0.028125
2 0.08515625 0.63828125 0.0421875 0.03125
2 0.13984375 0.6015625 0.0421875 0.03125
2 0.54609375 0.44296875 0.040625 0.028125
2 0.11171875 0.578125 0.040625 0.03125
2 0.32890625 0.4671875 0.040625 0.03125
2 0.11171875 0.665625 0.040625 0.03125
2 0.1625 0.57890625 0.04375 0.03125
2 0.5265625 0.3625 0.0390625 0.03125
2 0.1265625 0.63203125 0.04375 0.03125
2 0.60625 0.475 0.040625 0.028125
2 0.471875 0.65546875 0.040625 0.028125
2 0.52109375 0.39375 0.0390625 0.03125
2 0.38359375 0.440625 0.040625 0.03125
2 0.4859375 0.371875 0.040625 0.03125
2 0.23125 0.61484375 0.040625 0.0296875
2 0.3703125 0.471875 0.04375 0.03125
2 0.5546875 0.35078125 0.04375 0.034375
2 0.165625 0.64453125 0.040625 0.03125
2 0.5125 0.609375 0.0375 0.03125
2 0.1515625 0.67265625 0.040625 0.03125
2 0.19765625 0.6640625 0.040625 0.0296875
2 0.265625 0.6671875 0.040625 0.03125
2 0.2375 0.6484375 0.040625 0.03125
2 0.55078125 0.38046875 0.04375 0.03125
2 0.3515625 0.44296875 0.040625 0.03125
2 0.60234375 0.565625 0.0359375 0.028125
2 0.42734375 0.4296875 0.04375 0.03125
2 0.41796875 0.61171875 0.040625 0.03125
2 0.3578125 0.52734375 0.0390625 0.028125
2 0.309375 0.67109375 0.040625 0.028125
2 0.60546875 0.5046875 0.0375 0.028125
2 0.3890625 0.5390625 0.040625 0.03125
2 0.21171875 0.5640625 0.04375 0.0296875
2 0.3765625 0.625 0.040625 0.03125
2 0.478125 0.49140625 0.0375 0.028125
2 0.5421875 0.6296875 0.0375 0.0265625
2 0.32265625 0.49765625 0.0375 0.0296875
2 0.34765625 0.6765625 0.0390625 0.028125
2 0.60390625 0.53515625 0.0375 0.028125
2 0.44375 0.63515625 0.0390625 0.028125
2 0.1765625 0.5453125 0.0390625 0.028125
2 0.5703125 0.54296875 0.0390625 0.028125
2 0.5421875 0.596875 0.0390625 0.028125
2 0.33203125 0.64921875 0.0453125 0.03125
2 0.515625 0.45546875 0.040625 0.03125
2 0.17578125 0.61796875 0.04375 0.034375
2 0.57421875 0.6125 0.034375 0.025
2 0.29140625 0.48046875 0.04375 0.03125
2 0.359375 0.49609375 0.040625 0.03125
2 0.51015625 0.640625 0.0375 0.0265625
2 0.45390625 0.54140625 0.040625 0.03125
2 0.40234375 0.48125 0.04375 0.03125
2 0.53828125 0.528125 0.0375 0.028125
2 0.2 0.59765625 0.04375 0.03125
2 0.57734375 0.584375 0.0375 0.028125
2 0.421875 0.5265625 0.040625 0.03125
2 0.54375 0.4734375 0.04375 0.0328125
2 0.4875 0.40234375 0.04375 0.03125
2 0.41953125 0.45390625 0.0390625 0.0296875
2 0.57109375 0.48828125 0.040625 0.03125
2 0.45234375 0.5703125 0.040625 0.03125
2 0.21875 0.703125 0.040625 0.0296875
2 0.4796875 0.58984375 0.0375 0.0296875
2 0.28125 0.5671875 0.0421875 0.028125
2 0.3921875 0.41171875 0.0375 0.028125
2 0.3125 0.584375 0.040625 0.028125
2 0.259375 0.69921875 0.040625 0.03125
2 0.40390625 0.6421875 0.040625 0.0296875
2 0.43125 0.66953125 0.040625 0.028125
2 0.29375 0.6453125 0.0421875 0.03125
2 0.2421875 0.553125 0.0421875 0.028125
2 0.4234375 0.39765625 0.0421875 0.03125
2 0.38984375 0.509375 0.0421875 0.03125
2 0.31328125 0.55703125 0.04375 0.0296875
2 0.26796875 0.6265625 0.040625 0.0296875
2 0.51875 0.425 0.04375 0.03125
2 0.54609375 0.5640625 0.040625 0.03125
2 0.2765625 0.596875 0.040625 0.028125
2 0.47890625 0.6234375 0.0375 0.0296875
2 0.203125 0.63359375 0.040625 0.03125
2 0.45078125 0.47109375 0.0453125 0.034375
2 0.43125 0.3359375 0.034375 0.03125
2 0.45234375 0.44765625 0.046875 0.03125
2 0.1828125 0.690625 0.0390625 0.0296875
2 0.3078125 0.61328125 0.040625 0.03125
2 0.36796875 0.65390625 0.04375 0.0296875
2 0.3734375 0.59609375 0.04375 0.03125
2 0.4828125 0.55703125 0.040625 0.03125
2 0.35234375 0.5875 0.04375 0.03125
2 0.33828125 0.61328125 0.0421875 0.03125
2 0.54296875 0.5015625 0.04375 0.0296875
2 0.51640625 0.55 0.04375 0.034375
2 0.45234375 0.41484375 0.05 0.0375
2 0.48359375 0.44921875 0.05 0.0375
2 0.50546875 0.4828125 0.040625 0.028125
2 0.61015625 0.44765625 0.04375 0.0328125
2 0.578125 0.434375 0.0375 0.03125
2 0.55234375 0.41328125 0.034375 0.034375
2 0.57734375 0.4578125 0.0375 0.021875
2 0.50546875 0.50703125 0.04375 0.028125
2 0.4890625 0.53046875 0.040625 0.028125
2 0.459375 0.5125 0.040625 0.03125
2 0.4265625 0.49921875 0.04375 0.0328125
2 0.2390625 0.58046875 0.04375 0.034375
2 0.21328125 0.5375 0.04375 0.0359375
2 0.2859375 0.5375 0.04375 0.03125
2 0.32109375 0.52890625 0.04375 0.028125
2 0.29140625 0.50390625 0.040625 0.0375
2 0.425 0.36484375 0.040625 0.03125
2 0.45546875 0.38359375 0.03125 0.034375
2 0.5140625 0.57421875 0.040625 0.03125
2 0.50078125 0.3390625 0.04375 0.034375
2 0.575 0.51484375 0.0375 0.025
2 0.4203125 0.5515625 0.040625 0.0296875
2 0.38671875 0.56484375 0.040625 0.025
2 0.4171875 0.58203125 0.046875 0.0234375
2 0.4484375 0.60078125 0.034375 0.028125
2 0.23125 0.67421875 0.046875 0.028125
2 0.35078125 0.56171875 0.040625 0.028125