2 0.509375 0.5828125 0.04453125 0.03359375
2 0.546875 0.58984375 0.03984375 0.0390625
2 0.521875 0.60625 0.04140625 0.03203125
2 0.5578125 0.61875 0.0453125 0.0359375
2 0.525 0.6359375 0.0421875 0.0328125
2 0.5640625 0.64453125 0.04296875 0.03046875
2 0.5546875 0.6703125 0.040625 0.03125
2 0.51640625 0.66328125 0.046875 0.03359375
2 0.49140625 0.67890625 0.04453125 0.0375
2 0.51328125 0.69921875 0.03984375 0.0328125
2 0.5421875 0.69453125 0.046875 0.0359375
2 0.48125 0.59609375 0.0421875 0.03359375
2 0.4875 0.625 0.0453125 0.03671875
2 0.4140625 0.6 0.040625 0.03359375
2 0.3625 0.55625 0.04609375 0.034375
2 0.35078125 0.61953125 0.0421875 0.034375
2 0.3203125 0.63515625 0.03515625 0.03125
2 0.31015625 0.6609375 0.046875 0.0375
2 0.34921875 0.65703125 0.03671875 0.0359375
2 0.3671875 0.66953125 0.03828125 0.034375
2 0.39453125 0.6796875 0.0328125 0.034375
2 0.4421875 0.61640625 0.03671875 0.0359375
2 0.44453125 0.67734375 0.0421875 0.03515625
0 0.4140625 0.65390625 0.046875 0.03359375
0 0.421875 0.63359375 0.03515625 0.02890625
0 0.45390625 0.64609375 0.03828125 0.0328125