0 0.43671875 0.6296875 0.034375 0.021875
0 0.44453125 0.6125 0.02734375 0.0203125
0 0.45 0.59609375 0.03203125 0.0234375
0 0.4734375 0.59375 0.02734375 0.021875
0 0.4671875 0.609375 0.0265625 0.021875
0 0.484375 0.61953125 0.03203125 0.02265625
0 0.49375 0.60234375 0.02578125 0.02109375
0 0.5140625 0.59765625 0.03359375 0.02265625
0 0.5078125 0.61328125 0.034375 0.021875
2 0.42734375 0.58203125 0.03125 0.0234375
2 0.4515625 0.578125 0.0296875 0.0234375
2 0.48671875 0.57578125 0.02890625 0.0203125
2 0.50703125 0.56640625 0.03203125 0.0234375
2 0.52421875 0.55 0.034375 0.0234375
2 0.5328125 0.56484375 0.02734375 0.02109375
2 0.52265625 0.58203125 0.0296875 0.01640625
2 0.53671875 0.59453125 0.02265625 0.01953125
2 0.5359375 0.6125 0.02578125 0.0203125
2 0.52890625 0.62890625 0.0234375 0.0171875
2 0.50859375 0.6453125 0.04140625 0.0234375
2 0.4828125 0.65390625 0.0359375 0.0265625
2 0.47109375 0.63828125 0.02734375 0.0203125
2 0.45625 0.65859375 0.034375 0.0234375
2 0.44296875 0.675 0.034375 0.01953125
2 0.41953125 0.68359375 0.0328125 0.0203125
2 0.409375 0.66484375 0.028125 0.0234375
2 0.4328125 0.6578125 0.03125 0.021875
2 0.41796875 0.64921875 0.02890625 0.021875
2 0.390625 0.64453125 0.03125 0.021875
2 0.384375 0.66171875 0.0328125 0.0234375
2 0.3671875 0.65234375 0.03515625 0.02421875
2 0.40390625 0.63046875 0.0296875 0.0203125
2 0.41484375 0.61484375 0.02890625 0.0234375
2 0.42109375 0.59765625 0.03125 0.0234375