2 0.259375 0.69140625 0.028125 0.0375
2 0.25859375 0.72109375 0.025 0.025
2 0.271875 0.73828125 0.0203125 0.028125
2 0.2890625 0.7296875 0.0203125 0.0234375
2 0.2765625 0.71171875 0.01875 0.025
2 0.2953125 0.7046875 0.021875 0.0265625
2 0.2828125 0.6890625 0.01875 0.0265625
2 0.2671875 0.6703125 0.0203125 0.0265625
2 0.28359375 0.66015625 0.025 0.028125
2 0.2796875 0.634375 0.021875 0.03125
2 0.296875 0.6390625 0.0203125 0.028125
2 0.296875 0.67578125 0.0203125 0.028125
2 0.31328125 0.69453125 0.021875 0.025
2 0.309375 0.72109375 0.025 0.028125
2 0.30546875 0.74296875 0.0265625 0.028125
2 0.3265625 0.73828125 0.025 0.0296875
2 0.3265625 0.7125 0.0203125 0.025
2 0.34375 0.7265625 0.021875 0.0265625
2 0.29375 0.6140625 0.0234375 0.0265625
2 0.30703125 0.5953125 0.021875 0.0265625
2 0.325 0.5875 0.021875 0.025
2 0.45703125 0.759375 0.021875 0.034375
2 0.4484375 0.65859375 0.01875 0.025
2 0.43515625 0.62109375 0.01875 0.025
2 0.43203125 0.64765625 0.015625 0.0234375
2 0.43359375 0.671875 0.0203125 0.028125
2 0.43203125 0.696875 0.021875 0.028125
2 0.4125 0.7109375 0.01875 0.028125
2 0.390625 0.721875 0.021875 0.03125
2 0.365625 0.7296875 0.021875 0.028125
2 0.4203125 0.5875 0.0171875 0.028125
2 0.4171875 0.609375 0.021875 0.03125
2 0.40546875 0.56796875 0.0203125 0.0265625
2 0.40703125 0.540625 0.0234375 0.0265625
2 0.3890625 0.54765625 0.01875 0.0265625
2 0.38984375 0.575 0.01875 0.025
2 0.37265625 0.55546875 0.01875 0.025
2 0.359375 0.57421875 0.01875 0.028125
2 0.34375 0.5796875 0.0171875 0.0265625
2 0.4359375 0.5984375 0.025 0.025
0 0.440625 0.57890625 0.021875 0.0265625
0 0.4109375 0.64765625 0.01875 0.028125
0 0.41015625 0.675 0.01875 0.028125
0 0.3921875 0.68515625 0.01875 0.028125
0 0.3953125 0.6609375 0.01875 0.028125
0 0.39765625 0.634375 0.021875 0.03125
0 0.4 0.6078125 0.021875 0.028125
0 0.38359375 0.615625 0.0171875 0.025
0 0.38203125 0.6421875 0.0171875 0.0265625
0 0.3765625 0.66875 0.01875 0.025
0 0.37421875 0.69296875 0.0171875 0.0296875
0 0.3546875 0.70078125 0.021875 0.0296875
0 0.359375 0.6796875 0.0203125 0.025
0 0.34765625 0.6609375 0.01875 0.03125
0 0.36484375 0.6515625 0.01875 0.021875
0 0.36796875 0.628125 0.0203125 0.028125
0 0.3703125 0.60078125 0.021875 0.0265625
0 0.35546875 0.609375 0.01875 0.0296875
0 0.3515625 0.634375 0.0171875 0.028125
0 0.3390625 0.6171875 0.01875 0.025
0 0.33515625 0.6421875 0.01875 0.028125
0 0.3390625 0.6890625 0.01875 0.028125
0 0.33046875 0.66796875 0.01875 0.025
0 0.3171875 0.6734375 0.025 0.0296875
0 0.31875 0.6484375 0.021875 0.028125
0 0.3203125 0.62578125 0.0234375 0.0296875