2 0.4296875 0.57265625 0.0375 0.0625
2 0.52734375 0.22265625 0.0421875 0.0578125
2 0.54453125 0.31015625 0.0375 0.05625
2 0.5203125 0.42734375 0.0375 0.0546875
2 0.52890625 0.36953125 0.040625 0.05625
2 0.375 0.45 0.034375 0.053125
2 0.51171875 0.27890625 0.0390625 0.053125
2 0.34765625 0.35625 0.0390625 0.0546875
2 0.37890625 0.4 0.0375 0.053125
2 0.48125 0.509375 0.04375 0.0671875
2 0.43984375 0.51796875 0.040625 0.053125
2 0.409375 0.484375 0.0375 0.053125
2 0.44453125 0.459375 0.03125 0.0625
2 0.48359375 0.4484375 0.040625 0.0625
2 0.48984375 0.39375 0.0375 0.053125
2 0.5015625 0.3390625 0.0390625 0.05625
2 0.4609375 0.36015625 0.0375 0.053125
2 0.4515625 0.409375 0.03125 0.059375
2 0.4140625 0.43203125 0.04375 0.05625
2 0.41796875 0.378125 0.04375 0.046875
2 0.43046875 0.32265625 0.04375 0.059375
2 0.4703125 0.30546875 0.0375 0.059375
2 0.48125 0.24609375 0.0390625 0.05625
2 0.44375 0.27265625 0.0421875 0.0625
2 0.40234375 0.2828125 0.0421875 0.059375
2 0.39140625 0.3421875 0.040625 0.059375
2 0.35703125 0.28984375 0.0375 0.0703125
2 0.3296875 0.32109375 0.04375 0.0625
2 0.32578125 0.26015625 0.0484375 0.059375