0 0.33046875 0.509375 0.05859375 0.0359375
0 0.3421875 0.53828125 0.05 0.03984375
0 0.38046875 0.51484375 0.0453125 0.0484375
0 0.4203125 0.52578125 0.04765625 0.03359375
0 0.371875 0.55625 0.04140625 0.0390625
0 0.41015625 0.5546875 0.04140625 0.0359375
0 0.45234375 0.54609375 0.04609375 0.04140625
0 0.334375 0.56953125 0.05546875 0.03828125
0 0.36015625 0.59375 0.04296875 0.03828125
0 0.39765625 0.584375 0.04375 0.0359375
0 0.4359375 0.57890625 0.05 0.03984375
0 0.475 0.57734375 0.04609375 0.0375
0 0.51015625 0.58046875 0.0515625 0.0359375
0 0.35078125 0.6375 0.0515625 0.03984375
0 0.39140625 0.61796875 0.0484375 0.0390625
0 0.421875 0.60546875 0.05 0.04140625
0 0.46015625 0.6109375 0.04609375 0.04140625
0 0.4984375 0.609375 0.04375 0.03828125
0 0.5359375 0.60546875 0.0484375 0.0390625
0 0.43515625 0.64453125 0.04375 0.040625
0 0.3953125 0.6515625 0.05078125 0.03671875
0 0.47109375 0.64765625 0.0453125 0.03984375
0 0.50546875 0.63984375 0.0484375 0.0390625
0 0.53984375 0.63828125 0.0515625 0.0359375
0 0.58515625 0.62890625 0.0484375 0.034375
0 0.45625 0.68203125 0.040625 0.03515625
0 0.41484375 0.68046875 0.04375 0.03359375
0 0.39765625 0.70859375 0.04765625 0.03828125
0 0.44140625 0.71171875 0.0453125 0.03359375
0 0.41640625 0.7390625 0.0484375 0.03359375
0 0.39609375 0.76796875 0.04765625 0.0359375
0 0.440625 0.76171875 0.04375 0.0375
0 0.46015625 0.7359375 0.046875 0.0375
0 0.48203125 0.70546875 0.04375 0.03515625
0 0.4921875 0.6734375 0.04921875 0.03671875
0 0.5328125 0.66953125 0.0484375 0.03671875
0 0.5171875 0.703125 0.05 0.03671875
0 0.50390625 0.73359375 0.0453125 0.0328125
0 0.4921875 0.7625 0.04765625 0.03828125
0 0.53515625 0.7578125 0.04609375 0.0375
0 0.5484375 0.728125 0.04609375 0.03828125
0 0.590625 0.725 0.04609375 0.03828125
0 0.5609375 0.69765625 0.04609375 0.03828125
0 0.59765625 0.69140625 0.05078125 0.03828125
0 0.5734375 0.6671875 0.05078125 0.04140625
0 0.61015625 0.64921875 0.04609375 0.0390625
2 0.3078125 0.4390625 0.05 0.03671875
2 0.35 0.43515625 0.040625 0.03359375
2 0.29453125 0.47265625 0.04375 0.03828125
2 0.3328125 0.4703125 0.04140625 0.03828125
2 0.371875 0.46328125 0.04609375 0.03671875
2 0.41640625 0.478125 0.0453125 0.03984375
2 0.38046875 0.490625 0.04453125 0.03046875
2 0.31171875 0.6140625 0.04375 0.0375
2 0.29140625 0.646875 0.046875 0.03828125
2 0.31796875 0.6703125 0.046875 0.03671875
2 0.35546875 0.66875 0.03984375 0.03359375
2 0.29375 0.7046875 0.04921875 0.03359375
2 0.3390625 0.7 0.04375 0.03984375
2 0.31328125 0.734375 0.05234375 0.03828125
2 0.35546875 0.73671875 0.04296875 0.0421875
2 0.34296875 0.76484375 0.0515625 0.040625
2 0.37421875 0.7828125 0.0375 0.03671875
2 0.5828125 0.775 0.04609375 0.040625
2 0.62421875 0.77265625 0.04375 0.04140625
2 0.66640625 0.76328125 0.05234375 0.0390625
2 0.6359375 0.73984375 0.0484375 0.04453125
2 0.6703125 0.728125 0.0484375 0.03828125
2 0.70234375 0.715625 0.04296875 0.0375
2 0.646875 0.70078125 0.046875 0.04296875
2 0.6859375 0.68359375 0.0453125 0.03828125
2 0.678125 0.65625 0.05390625 0.040625
2 0.621875 0.6015625 0.04609375 0.040625
2 0.64609375 0.6265625 0.04765625 0.04140625