2 0.54296875 0.071875 0.021875 0.0296875
2 0.62890625 0.4640625 0.0234375 0.0296875
2 0.63984375 0.4421875 0.021875 0.028125
2 0.5484375 0.44296875 0.021875 0.028125
2 0.53046875 0.42890625 0.0203125 0.028125
2 0.584375 0.4375 0.021875 0.0296875
2 0.6578125 0.4296875 0.021875 0.028125
2 0.6765625 0.41171875 0.0234375 0.0296875
2 0.63671875 0.1796875 0.025 0.0328125
2 0.5828125 0.11015625 0.025 0.034375
2 0.659375 0.2578125 0.021875 0.03125
2 0.61640625 0.43125 0.021875 0.03125
2 0.52265625 0.08984375 0.021875 0.03125
2 0.5640625 0.42578125 0.021875 0.0296875
2 0.6671875 0.22734375 0.025 0.034375
2 0.6625 0.2859375 0.021875 0.03125
2 0.60546875 0.140625 0.025 0.03125
2 0.5984375 0.41875 0.021875 0.0296875
2 0.6859375 0.33515625 0.0234375 0.03125
2 0.68359375 0.36484375 0.021875 0.0296875
2 0.68125 0.29921875 0.025 0.03125
2 0.55703125 0.09453125 0.025 0.034375
2 0.50625 0.32109375 0.021875 0.03125
2 0.52109375 0.3765625 0.021875 0.0296875
2 0.49296875 0.26484375 0.0234375 0.03125
2 0.525 0.40234375 0.021875 0.0296875
2 0.50078125 0.29453125 0.025 0.03125
2 0.66875 0.384375 0.021875 0.03125
2 0.5078125 0.11640625 0.025 0.0375
2 0.48984375 0.2375 0.025 0.03125
2 0.53828125 0.11484375 0.021875 0.034375
2 0.4859375 0.1734375 0.021875 0.034375
2 0.54765625 0.4140625 0.021875 0.028125
2 0.665625 0.3203125 0.0234375 0.03125
2 0.503125 0.15234375 0.025 0.034375
2 0.571875 0.31875 0.021875 0.028125
2 0.65234375 0.403125 0.021875 0.03125
2 0.52421875 0.13671875 0.0234375 0.0328125
2 0.61328125 0.17109375 0.025 0.034375
2 0.51953125 0.27734375 0.0234375 0.03125
2 0.56484375 0.1609375 0.025 0.03125
2 0.48828125 0.2078125 0.025 0.0328125
2 0.58984375 0.1671875 0.025 0.03125
2 0.525 0.16953125 0.0234375 0.0328125
2 0.5609375 0.12421875 0.025 0.034375
2 0.53671875 0.25859375 0.021875 0.03125
2 0.50625 0.18828125 0.0234375 0.0328125
2 0.54296875 0.28671875 0.025 0.0296875
2 0.665625 0.3484375 0.021875 0.03125
2 0.61484375 0.4 0.021875 0.0296875
2 0.64921875 0.36796875 0.021875 0.03125
2 0.63984375 0.209375 0.021875 0.03125
2 0.5125 0.24921875 0.025 0.03125
2 0.52890625 0.33359375 0.025 0.03125
2 0.5328125 0.22890625 0.0234375 0.03125
2 0.54609375 0.15 0.025 0.034375
2 0.5421875 0.38359375 0.0234375 0.03125
2 0.54609375 0.315625 0.025 0.0296875
2 0.5578125 0.365625 0.0234375 0.0296875
2 0.575 0.346875 0.021875 0.0296875
2 0.5515625 0.21015625 0.0234375 0.03125
2 0.6453125 0.30546875 0.0234375 0.0328125
2 0.5921875 0.196875 0.025 0.03125
2 0.61640625 0.2015625 0.025 0.0328125
2 0.5875 0.2984375 0.0234375 0.03125
2 0.61484375 0.375 0.021875 0.03125
2 0.58046875 0.40703125 0.021875 0.028125
2 0.55390625 0.2390625 0.0234375 0.03125
2 0.63359375 0.3875 0.021875 0.03125
2 0.63046875 0.35625 0.021875 0.03125
2 0.55859375 0.26484375 0.025 0.03125
2 0.509375 0.21875 0.025 0.03125
2 0.54609375 0.18046875 0.025 0.03125
2 0.6390625 0.23984375 0.0234375 0.03125
2 0.5625 0.3953125 0.021875 0.028125
2 0.60625 0.3125 0.021875 0.0296875
2 0.64609375 0.33828125 0.021875 0.0296875
2 0.5734375 0.21484375 0.025 0.0328125
2 0.5796875 0.140625 0.025 0.03125
2 0.57890625 0.37734375 0.021875 0.0296875
2 0.5765625 0.24453125 0.025 0.0328125
2 0.61953125 0.23359375 0.025 0.03125
2 0.63984375 0.275 0.021875 0.03125
2 0.52890625 0.20078125 0.0234375 0.03125
2 0.61328125 0.340625 0.025 0.034375
2 0.5828125 0.2703125 0.025 0.03125
2 0.60078125 0.25234375 0.0234375 0.03125
2 0.6046875 0.28125 0.021875 0.03125
2 0.509375 0.35 0.021875 0.03125
2 0.52578125 0.30703125 0.0234375 0.03125
2 0.534375 0.36015625 0.025 0.028125
2 0.625 0.296875 0.021875 0.03125
2 0.59609375 0.22421875 0.025 0.03125
2 0.6265625 0.32421875 0.0234375 0.03125
2 0.596875 0.39140625 0.021875 0.028125
2 0.63359375 0.4171875 0.021875 0.028125
2 0.56875 0.1890625 0.025 0.03125
2 0.5671875 0.29296875 0.025 0.03125
2 0.553125 0.33828125 0.025 0.03125
2 0.59375 0.33671875 0.021875 0.0265625
2 0.621875 0.2609375 0.021875 0.0328125
2 0.59609375 0.359375 0.0234375 0.03125
2 0.64609375 0.51171875 0.021875 0.0234375
2 0.684375 0.4328125 0.015625 0.01875