2 0.46484375 0.5703125 0.025 0.0328125
2 0.30078125 0.39296875 0.0265625 0.034375
2 0.30703125 0.421875 0.028125 0.034375
2 0.43203125 0.546875 0.025 0.03125
2 0.284375 0.42265625 0.0265625 0.034375
2 0.41796875 0.52734375 0.025 0.034375
2 0.440625 0.57265625 0.0234375 0.03125
2 0.35546875 0.46953125 0.0265625 0.034375
2 0.37265625 0.490625 0.025 0.034375
2 0.36953125 0.5234375 0.025 0.03125
2 0.35234375 0.5015625 0.0234375 0.03125
2 0.41640625 0.55859375 0.028125 0.034375
2 0.39296875 0.5125 0.025 0.03125
2 0.3953125 0.54453125 0.021875 0.03125