2 0.1796875 0.428125 0.03515625 0.0234375
2 0.14765625 0.425 0.034375 0.025
2 0.16796875 0.446875 0.03984375 0.028125
2 0.21328125 0.43203125 0.0359375 0.02578125
2 0.19609375 0.45234375 0.0390625 0.02734375
2 0.3796875 0.47421875 0.03203125 0.02421875
2 0.24375 0.43828125 0.03359375 0.025
2 0.13515625 0.45703125 0.03515625 0.02421875
2 0.6859375 0.58984375 0.0328125 0.025
2 0.69609375 0.61875 0.03125 0.025
2 0.11875 0.47734375 0.03125 0.025
2 0.3484375 0.4703125 0.03125 0.02265625
2 0.15 0.48125 0.0375 0.025
2 0.6796875 0.5671875 0.03203125 0.025
2 0.53515625 0.68671875 0.03359375 0.025
2 0.51328125 0.5078125 0.034375 0.02421875
2 0.559375 0.490625 0.03203125 0.02265625
2 0.28828125 0.465625 0.034375 0.0234375
2 0.68046875 0.63984375 0.034375 0.02421875
2 0.44296875 0.675 0.03203125 0.021875
2 0.3171875 0.4703125 0.0359375 0.02421875
2 0.296875 0.67734375 0.0296875 0.02421875
2 0.52890625 0.484375 0.03046875 0.021875
2 0.3796875 0.6703125 0.0328125 0.0234375
2 0.32578125 0.6890625 0.03125 0.021875
2 0.12265625 0.6640625 0.03203125 0.02421875
2 0.7125 0.59921875 0.03046875 0.0234375
2 0.4390625 0.4796875 0.03046875 0.02109375
2 0.46484375 0.4828125 0.03125 0.02265625
2 0.5671875 0.6890625 0.03046875 0.02265625
2 0.64765625 0.53125 0.0328125 0.02421875
2 0.60546875 0.6515625 0.0328125 0.025
2 0.57890625 0.50703125 0.0328125 0.02421875
2 0.34609375 0.6734375 0.03203125 0.0234375
2 0.45703125 0.50234375 0.03828125 0.025
2 0.12265625 0.540625 0.034375 0.02421875
2 0.10859375 0.58125 0.03046875 0.02421875
2 0.253125 0.503125 0.0375 0.02578125
2 0.14375 0.52265625 0.0375 0.02578125
2 0.2734375 0.665625 0.0328125 0.025
2 0.11796875 0.51875 0.03671875 0.02578125
2 0.665625 0.615625 0.03203125 0.02421875
2 0.5609375 0.52421875 0.034375 0.02421875
2 0.34375 0.51015625 0.034375 0.0234375
2 0.478125 0.57890625 0.03515625 0.02578125
2 0.328125 0.64765625 0.034375 0.02421875
2 0.6609375 0.5515625 0.03515625 0.02578125
2 0.54765625 0.603125 0.03671875 0.02578125
2 0.2671875 0.6421875 0.03203125 0.02421875
2 0.65859375 0.59453125 0.03359375 0.025
2 0.5234375 0.6625 0.0328125 0.02421875
2 0.6140625 0.67578125 0.03125 0.0234375
2 0.2515625 0.678125 0.0328125 0.0234375
2 0.5734375 0.6484375 0.03125 0.025
2 0.2328125 0.63671875 0.034375 0.028125
2 0.23125 0.52421875 0.0390625 0.0265625
2 0.528125 0.525 0.03671875 0.02421875
2 0.11875 0.60234375 0.0328125 0.025
2 0.16484375 0.50546875 0.03515625 0.02421875
2 0.30390625 0.64921875 0.0359375 0.021875
2 0.503125 0.67890625 0.03125 0.0234375
2 0.396875 0.6484375 0.03671875 0.02421875
2 0.609375 0.51015625 0.02890625 0.021875
2 0.4734375 0.68125 0.03125 0.02109375
2 0.17734375 0.64921875 0.03359375 0.02578125
2 0.41796875 0.63203125 0.0375 0.02578125
2 0.6328125 0.659375 0.03125 0.02421875
2 0.17265625 0.52734375 0.0390625 0.02578125
2 0.4390625 0.575 0.0359375 0.02578125
2 0.58046875 0.60625 0.03515625 0.025
2 0.51328125 0.63828125 0.034375 0.025
2 0.1484375 0.60625 0.034375 0.02578125
2 0.2078125 0.53984375 0.0390625 0.02578125
2 0.15625 0.66328125 0.03359375 0.02578125
2 0.56953125 0.58515625 0.0359375 0.025
2 0.33984375 0.609375 0.03515625 0.025
2 0.13203125 0.56640625 0.03671875 0.02421875
2 0.49140625 0.66015625 0.03359375 0.02265625
2 0.2578125 0.56171875 0.0359375 0.02578125
2 0.24765625 0.5984375 0.034375 0.025
2 0.31484375 0.50703125 0.034375 0.02421875
2 0.5328125 0.6203125 0.03515625 0.02265625
2 0.3296875 0.48984375 0.03203125 0.02265625
2 0.14296875 0.64453125 0.03046875 0.025
2 0.58671875 0.671875 0.03046875 0.02421875
2 0.184375 0.67265625 0.03046875 0.021875
2 0.48046875 0.54375 0.03515625 0.02578125
2 0.59609375 0.58984375 0.0359375 0.02578125
2 0.62890625 0.59140625 0.03203125 0.025
2 0.2421875 0.57890625 0.03984375 0.02578125
2 0.27265625 0.58125 0.03671875 0.02578125
2 0.175 0.5890625 0.02734375 0.02578125
2 0.128125 0.625 0.0375 0.02578125
2 0.15078125 0.5453125 0.03359375 0.02109375
2 0.13125 0.5 0.0375 0.01953125
2 0.17578125 0.47109375 0.03125 0.0265625
2 0.20625 0.47421875 0.03125 0.02109375
2 0.22578125 0.45390625 0.03203125 0.021875
2 0.2578125 0.459375 0.03671875 0.02265625
2 0.2375 0.47578125 0.03359375 0.02578125
2 0.265625 0.48125 0.03359375 0.0234375
2 0.21953125 0.49609375 0.03515625 0.0234375
2 0.1890625 0.490625 0.034375 0.0234375
2 0.20078125 0.5125 0.03671875 0.02734375
2 0.18203125 0.5484375 0.03359375 0.0234375
2 0.16328125 0.565625 0.02734375 0.02421875
2 0.1953125 0.5703125 0.0328125 0.0234375
2 0.14375 0.58671875 0.034375 0.02109375
2 0.165625 0.628125 0.03515625 0.02578125
2 0.1890625 0.6078125 0.03125 0.0234375
2 0.2046875 0.5921875 0.0390625 0.025
2 0.22265625 0.5609375 0.03046875 0.021875
2 0.24375 0.54375 0.03359375 0.0234375
2 0.26015625 0.5234375 0.03125 0.021875
2 0.27578125 0.5046875 0.0265625 0.021875
2 0.29453125 0.48828125 0.0328125 0.02109375
2 0.2921875 0.52421875 0.0328125 0.02265625
2 0.2734375 0.54140625 0.0328125 0.02265625
2 0.28515625 0.5625 0.028125 0.0265625
2 0.30625 0.5453125 0.03203125 0.025
2 0.3234375 0.5265625 0.03359375 0.02578125
2 0.35546875 0.53203125 0.03046875 0.0234375
2 0.3765625 0.51328125 0.0296875 0.02265625
2 0.3609375 0.4921875 0.03203125 0.0234375
2 0.38984375 0.4953125 0.0328125 0.02265625
2 0.4078125 0.4765625 0.0359375 0.0296875
2 0.42265625 0.49765625 0.0296875 0.021875
2 0.39921875 0.51640625 0.03671875 0.02265625
2 0.43203125 0.51875 0.03125 0.0234375
2 0.3875 0.53515625 0.03515625 0.021875
2 0.41171875 0.534375 0.03125 0.02578125
2 0.33359375 0.546875 0.0359375 0.02109375
2 0.36640625 0.55390625 0.0328125 0.01875
2 0.39765625 0.5578125 0.0328125 0.02109375
2 0.34765625 0.56953125 0.0328125 0.021875
2 0.3171875 0.5671875 0.0375 0.02265625
2 0.2984375 0.58515625 0.02734375 0.0234375
2 0.328125 0.5875 0.03515625 0.0234375
2 0.31171875 0.60625 0.03203125 0.021875
2 0.2796875 0.60390625 0.03125 0.01796875
2 0.26015625 0.6203125 0.03203125 0.02109375
2 0.2234375 0.6140625 0.034375 0.0203125
2 0.19921875 0.628125 0.03125 0.02109375
2 0.2078125 0.65 0.03046875 0.02109375
2 0.21484375 0.6734375 0.0328125 0.025
2 0.24140625 0.66015625 0.034375 0.0234375
2 0.36328125 0.65 0.03125 0.02265625
2 0.35390625 0.63203125 0.0265625 0.0234375
2 0.32109375 0.62890625 0.034375 0.0234375
2 0.2984375 0.628125 0.0328125 0.0265625
2 0.37578125 0.6125 0.03125 0.02109375
2 0.3609375 0.590625 0.0296875 0.0234375
2 0.3796875 0.57578125 0.03125 0.0234375
2 0.39140625 0.5921875 0.0328125 0.0265625
2 0.40390625 0.6109375 0.0375 0.02265625
2 0.384375 0.6296875 0.0359375 0.021875
2 0.4140625 0.66875 0.03515625 0.02578125
2 0.43203125 0.653125 0.0265625 0.02109375
2 0.4609375 0.65625 0.03203125 0.02109375
2 0.45234375 0.6359375 0.0328125 0.0234375
2 0.48359375 0.63515625 0.03203125 0.0265625
2 0.43984375 0.61640625 0.03515625 0.025
2 0.4234375 0.5953125 0.0328125 0.028125
2 0.45546875 0.59453125 0.03515625 0.02421875
2 0.4703125 0.61328125 0.02734375 0.0234375
2 0.4890625 0.59609375 0.03046875 0.02109375
2 0.5015625 0.61640625 0.025 0.0234375
2 0.521875 0.59921875 0.03203125 0.02265625
2 0.51171875 0.5796875 0.0296875 0.02265625
2 0.496875 0.5609375 0.03046875 0.02109375
2 0.44609375 0.53828125 0.03671875 0.02265625
2 0.428125 0.55703125 0.03046875 0.021875
2 0.409375 0.5734375 0.0359375 0.0296875
2 0.459375 0.55859375 0.0390625 0.021875
2 0.4640625 0.5234375 0.03671875 0.02734375
2 0.49609375 0.52421875 0.034375 0.02734375
2 0.484375 0.503125 0.034375 0.02421875
2 0.49609375 0.484375 0.03359375 0.025
2 0.5421875 0.5046875 0.0328125 0.0203125
2 0.5125 0.53984375 0.03125 0.021875
2 0.540625 0.54140625 0.03046875 0.021875
2 0.525 0.56015625 0.0296875 0.0234375
2 0.55390625 0.5640625 0.03359375 0.0234375
2 0.53984375 0.58125 0.034375 0.0265625
2 0.57109375 0.5421875 0.0328125 0.0265625
2 0.58984375 0.52734375 0.02734375 0.02421875
2 0.6171875 0.53359375 0.03203125 0.02109375
2 0.6 0.54765625 0.0375 0.021875
2 0.5859375 0.56328125 0.0328125 0.0234375
2 0.61484375 0.5671875 0.03515625 0.02265625
2 0.6328125 0.5515625 0.03203125 0.025
2 0.64921875 0.56953125 0.03671875 0.0234375
2 0.60625 0.61015625 0.0328125 0.02109375
2 0.634375 0.6125 0.03125 0.021875
2 0.61953125 0.6296875 0.0328125 0.02578125
2 0.65078125 0.63671875 0.03359375 0.0234375
2 0.5609375 0.6234375 0.034375 0.02578125
2 0.59453125 0.6265625 0.0375 0.0265625
2 0.54296875 0.640625 0.0328125 0.0234375
2 0.5546875 0.6640625 0.03359375 0.0265625