0 0.3203125 0.6828125 0.03203125 0.02734375
0 0.33828125 0.69921875 0.040625 0.03203125
0 0.36875 0.69296875 0.0328125 0.03125
0 0.3578125 0.6703125 0.0359375 0.03203125
0 0.38125 0.6546875 0.0359375 0.03046875
0 0.40546875 0.6609375 0.034375 0.0296875
0 0.3984375 0.684375 0.0359375 0.02890625
0 0.39765625 0.70859375 0.0375 0.0296875
0 0.4234375 0.69140625 0.03515625 0.02890625
0 0.43203125 0.6703125 0.0328125 0.02734375
0 0.42578125 0.64375 0.034375 0.02890625
0 0.425 0.62109375 0.0359375 0.03125
0 0.4546875 0.62734375 0.04140625 0.03046875
0 0.478125 0.64296875 0.034375 0.02890625
0 0.503125 0.6578125 0.03515625 0.03046875
0 0.45234375 0.65234375 0.03359375 0.03046875
0 0.47265625 0.6671875 0.0375 0.0296875
0 0.45703125 0.68359375 0.0375 0.0296875
2 0.46171875 0.5203125 0.034375 0.03125
2 0.5046875 0.5234375 0.03984375 0.03125
2 0.484375 0.5375 0.04140625 0.03125
2 0.51328125 0.5484375 0.03515625 0.0265625
2 0.53828125 0.5546875 0.03359375 0.0265625
2 0.56015625 0.5421875 0.0375 0.0296875
2 0.46484375 0.55078125 0.03515625 0.02890625
2 0.4328125 0.55390625 0.0328125 0.028125
2 0.4890625 0.5625 0.0328125 0.02578125
2 0.46640625 0.571875 0.03359375 0.025
2 0.51875 0.57109375 0.034375 0.0265625
2 0.55 0.5796875 0.04140625 0.0265625
2 0.49375 0.58359375 0.03125 0.025
2 0.51875 0.59453125 0.03828125 0.0265625
2 0.5546875 0.60390625 0.0359375 0.02578125
2 0.5859375 0.60546875 0.0359375 0.0328125
2 0.684375 0.60390625 0.03984375 0.03046875
2 0.4875 0.60546875 0.0390625 0.02734375
2 0.5109375 0.6234375 0.03359375 0.02734375
2 0.53984375 0.61640625 0.03671875 0.02578125
2 0.459375 0.59453125 0.040625 0.0265625
2 0.43515625 0.578125 0.0390625 0.02890625
2 0.4078125 0.57578125 0.03671875 0.0265625
2 0.40546875 0.59921875 0.0375 0.0234375
2 0.434375 0.60390625 0.03125 0.02421875
2 0.37890625 0.58515625 0.0359375 0.0265625
2 0.35234375 0.596875 0.03828125 0.0296875
2 0.38046875 0.61171875 0.03671875 0.0265625
2 0.36796875 0.6328125 0.034375 0.0265625
2 0.3421875 0.61953125 0.04140625 0.0265625
2 0.32109375 0.60234375 0.0375 0.028125
2 0.2890625 0.61015625 0.03828125 0.0296875
2 0.31640625 0.62734375 0.03515625 0.0296875
2 0.2734375 0.63046875 0.040625 0.0265625
2 0.29140625 0.6453125 0.0390625 0.028125
2 0.27421875 0.665625 0.04453125 0.0328125
2 0.3375 0.640625 0.03828125 0.0265625
2 0.33671875 0.65859375 0.0328125 0.0234375
2 0.3109375 0.665625 0.034375 0.0234375
2 0.29140625 0.6859375 0.0296875 0.0265625
2 0.31328125 0.70546875 0.0328125 0.0234375
2 0.30234375 0.72734375 0.0390625 0.03125
2 0.3234375 0.74296875 0.0390625 0.03203125
2 0.3390625 0.72109375 0.04140625 0.028125
2 0.3578125 0.73828125 0.04140625 0.0328125
2 0.37890625 0.72265625 0.0359375 0.0296875
2 0.40859375 0.725 0.03828125 0.02890625
2 0.4375 0.7125 0.0390625 0.03125
2 0.46484375 0.70234375 0.0375 0.0296875
2 0.48828125 0.6921875 0.0375 0.0328125
2 0.509375 0.6765625 0.03203125 0.025
2 0.53671875 0.66796875 0.03984375 0.03203125
2 0.540625 0.64140625 0.03671875 0.03046875
2 0.56484375 0.65625 0.04140625 0.0328125