0 0.5640625 0.4984375 0.03125 0.028125
2 0.5828125 0.4875 0.03125 0.025
2 0.6125 0.496875 0.03125 0.0265625
2 0.61796875 0.5171875 0.0375 0.0265625
2 0.5875 0.51171875 0.034375 0.0234375
2 0.51484375 0.53984375 0.0375 0.0296875
2 0.5421875 0.5546875 0.034375 0.028125
2 0.57265625 0.5453125 0.0359375 0.0265625
2 0.5734375 0.56796875 0.0375 0.0265625
2 0.56796875 0.59453125 0.0375 0.0296875
2 0.59921875 0.5953125 0.0375 0.03125
2 0.53984375 0.58125 0.0359375 0.0265625
2 0.53984375 0.6046875 0.0359375 0.0234375
2 0.51015625 0.5875 0.034375 0.0234375
2 0.3515625 0.5609375 0.0359375 0.028125
2 0.36015625 0.53515625 0.0375 0.028125
2 0.3828125 0.51640625 0.040625 0.0265625
2 0.40859375 0.52890625 0.034375 0.028125
2 0.4859375 0.55078125 0.0359375 0.0296875
0 0.44140625 0.54453125 0.0375 0.0265625
0 0.3890625 0.53984375 0.0359375 0.025
0 0.4125 0.559375 0.04375 0.03125
0 0.4671875 0.56484375 0.034375 0.0265625
0 0.475 0.5890625 0.04375 0.028125
0 0.49765625 0.6078125 0.0421875 0.0265625
0 0.46484375 0.61484375 0.040625 0.028125
0 0.43671875 0.5984375 0.04375 0.0265625
0 0.40703125 0.61953125 0.04375 0.0296875
0 0.4375 0.62265625 0.046875 0.0265625
1 0.428125 0.64375 0.040625 0.0265625
1 0.4359375 0.70390625 0.040625 0.03125
1 0.45625 0.72109375 0.0359375 0.028125
1 0.48828125 0.71328125 0.040625 0.03125
1 0.46484375 0.6953125 0.040625 0.028125
1 0.54765625 0.72890625 0.04375 0.03125
1 0.471875 0.76796875 0.04375 0.03125
1 0.4359375 0.77109375 0.04375 0.0296875
1 0.4 0.75390625 0.040625 0.034375
0 0.3890625 0.65859375 0.04375 0.0296875
0 0.459375 0.64765625 0.0375 0.025
0 0.459375 0.671875 0.046875 0.025
0 0.43046875 0.68125 0.04375 0.0265625
0 0.496875 0.68203125 0.0375 0.0296875
0 0.53671875 0.70078125 0.04375 0.03125
0 0.55859375 0.75546875 0.046875 0.028125
0 0.51875 0.7484375 0.04375 0.025
0 0.53125 0.77421875 0.04375 0.0296875
0 0.56484375 0.78125 0.0484375 0.03125
0 0.53671875 0.809375 0.0375 0.034375
0 0.56796875 0.81640625 0.04375 0.0390625
2 0.51953125 0.86953125 0.04375 0.0328125
2 0.4828125 0.859375 0.034375 0.03125
2 0.45 0.84921875 0.0421875 0.034375
2 0.446875 0.8234375 0.040625 0.034375
2 0.4765625 0.83359375 0.040625 0.03125
2 0.47421875 0.81171875 0.0375 0.0296875
2 0.50625 0.81953125 0.046875 0.0296875
2 0.51171875 0.84296875 0.05 0.0328125
2 0.5515625 0.85625 0.05 0.034375
2 0.6 0.821875 0.034375 0.0328125
2 0.61875 0.80078125 0.046875 0.03125
2 0.60625 0.77265625 0.0421875 0.0296875
2 0.59921875 0.746875 0.040625 0.03125
2 0.62890625 0.746875 0.034375 0.0328125
2 0.646875 0.721875 0.040625 0.0328125
2 0.5859375 0.7265625 0.040625 0.03125
2 0.61484375 0.72265625 0.040625 0.03125
2 0.59921875 0.7 0.040625 0.03125
2 0.575 0.70078125 0.0375 0.025
2 0.3921875 0.7953125 0.0359375 0.034375
2 0.41171875 0.821875 0.040625 0.03125
0 0.4296875 0.79921875 0.04375 0.0328125
0 0.459375 0.790625 0.040625 0.03125
0 0.38046875 0.73125 0.0359375 0.028125
2 0.346875 0.68984375 0.0421875 0.0359375
2 0.37890625 0.68984375 0.040625 0.028125
2 0.32734375 0.6671875 0.05 0.03125
2 0.33828125 0.64296875 0.040625 0.028125
2 0.36015625 0.6625 0.0359375 0.0265625
2 0.36328125 0.6390625 0.0375 0.0265625
2 0.48515625 0.64375 0.034375 0.03125
2 0.49609375 0.66328125 0.040625 0.025
2 0.525 0.659375 0.04375 0.028125
2 0.509375 0.63359375 0.0375 0.03125
2 0.3265625 0.596875 0.04375 0.034375
2 0.3546875 0.61796875 0.04375 0.0296875
2 0.36875 0.5984375 0.0375 0.03125
0 0.4015625 0.59375 0.040625 0.0296875
2 0.3765625 0.57734375 0.0421875 0.025
2 0.3734375 0.56015625 0.04375 0.03125