0 0.43515625 0.575 0.02578125 0.01953125
0 0.46015625 0.57578125 0.02265625 0.021875
0 0.4765625 0.5734375 0.021875 0.0171875
0 0.48125 0.5875 0.02734375 0.01953125
0 0.4609375 0.59296875 0.028125 0.01953125
2 0.384375 0.56171875 0.028125 0.0203125
2 0.390625 0.58203125 0.025 0.021875
2 0.409375 0.5609375 0.02578125 0.0203125
2 0.41484375 0.57890625 0.02578125 0.01875
2 0.41875 0.59375 0.02578125 0.0171875
2 0.403125 0.6078125 0.0234375 0.0234375
2 0.425 0.6109375 0.0234375 0.01796875
2 0.43125 0.62578125 0.0265625 0.0203125
2 0.4390625 0.6421875 0.02578125 0.02109375
2 0.4546875 0.63046875 0.0234375 0.01875
2 0.44453125 0.61171875 0.02578125 0.02265625
2 0.440625 0.5953125 0.021875 0.01796875
2 0.42734375 0.54765625 0.02890625 0.0203125
2 0.43203125 0.5640625 0.0296875 0.0203125
2 0.44375 0.53359375 0.02421875 0.01875
2 0.45234375 0.5515625 0.021875 0.021875
2 0.46796875 0.5375 0.028125 0.021875
2 0.4765625 0.55234375 0.02421875 0.01875
2 0.49140625 0.5390625 0.02578125 0.0203125
2 0.4984375 0.5546875 0.021875 0.02109375
2 0.515625 0.54140625 0.02421875 0.02109375
2 0.53828125 0.54609375 0.025 0.0203125
2 0.559375 0.55390625 0.0234375 0.01875
2 0.54140625 0.565625 0.02734375 0.0203125
2 0.521875 0.5578125 0.02578125 0.01953125
2 0.51484375 0.575 0.0265625 0.01875
2 0.53515625 0.58203125 0.02578125 0.02109375
2 0.55390625 0.590625 0.025 0.01875
2 0.53515625 0.60078125 0.02890625 0.01875
2 0.5140625 0.59296875 0.02890625 0.02109375
2 0.515625 0.609375 0.0265625 0.0203125
2 0.49140625 0.60390625 0.02734375 0.01796875
2 0.47265625 0.61640625 0.02421875 0.01953125
2 0.49609375 0.62109375 0.0265625 0.01875
2 0.4765625 0.63515625 0.028125 0.01953125
2 0.46171875 0.64765625 0.02578125 0.021875
2 0.48203125 0.653125 0.03125 0.01953125
2 0.50234375 0.6390625 0.025 0.01796875
2 0.509375 0.6546875 0.03203125 0.0234375