0 0.4859375 0.7140625 0.0375 0.0234375
0 0.496875 0.69453125 0.0375 0.025
0 0.5265625 0.7453125 0.0390625 0.0296875
0 0.53671875 0.7203125 0.03125 0.025
0 0.56484375 0.7171875 0.0375 0.025
0 0.54609375 0.703125 0.03125 0.0234375
0 0.58046875 0.70078125 0.040625 0.025
0 0.509375 0.67265625 0.034375 0.025
0 0.4984375 0.6546875 0.034375 0.021875
0 0.48359375 0.6359375 0.034375 0.028125
0 0.44375 0.5875 0.0296875 0.021875
0 0.47578125 0.52421875 0.03125 0.025
0 0.46796875 0.50625 0.0296875 0.028125
0 0.4546875 0.48828125 0.03125 0.025
1 0.6109375 0.66015625 0.0296875 0.025
1 0.56875 0.68125 0.03125 0.025
1 0.53359375 0.5921875 0.03125 0.021875
1 0.58671875 0.57890625 0.03125 0.0234375
1 0.57265625 0.54375 0.028125 0.025
1 0.553125 0.559375 0.028125 0.0234375
1 0.51796875 0.55234375 0.025 0.021875
1 0.46484375 0.56328125 0.03125 0.0265625
2 0.54921875 0.76171875 0.034375 0.025
2 0.56875 0.7453125 0.034375 0.025
2 0.51171875 0.765625 0.034375 0.025
2 0.49765625 0.74609375 0.034375 0.0265625
2 0.45859375 0.71953125 0.034375 0.028125
2 0.44765625 0.70078125 0.0375 0.025
2 0.47109375 0.6796875 0.034375 0.028125
2 0.43828125 0.678125 0.0375 0.0296875
2 0.4546875 0.66015625 0.034375 0.0265625
2 0.4453125 0.63984375 0.03125 0.0265625
2 0.415625 0.65390625 0.0375 0.0265625
2 0.41796875 0.6328125 0.0375 0.025
2 0.43046875 0.61875 0.034375 0.0265625
2 0.40390625 0.6125 0.03125 0.0265625
2 0.37421875 0.625 0.0328125 0.025
2 0.3765625 0.6046875 0.0375 0.0265625
2 0.3890625 0.584375 0.034375 0.025
2 0.35859375 0.5828125 0.034375 0.028125
2 0.37734375 0.565625 0.0375 0.025
2 0.415625 0.5921875 0.03125 0.025
2 0.65546875 0.61328125 0.03125 0.025
2 0.6359375 0.59921875 0.03125 0.0234375
2 0.63828125 0.57734375 0.0328125 0.025
2 0.4359375 0.55 0.034375 0.0234375
2 0.446875 0.5296875 0.0328125 0.025
2 0.43671875 0.5125 0.034375 0.025
2 0.42578125 0.49140625 0.0328125 0.0265625
2 0.41640625 0.47109375 0.03125 0.0234375
2 0.41015625 0.45234375 0.0359375 0.0265625
2 0.43125 0.459375 0.0359375 0.028125
2 0.42578125 0.43671875 0.028125 0.025
2 0.6109375 0.4859375 0.034375 0.028125
2 0.6234375 0.55859375 0.0296875 0.021875
2 0.62109375 0.53046875 0.0296875 0.025
2 0.4375 0.4046875 0.034375 0.028125
2 0.453125 0.38671875 0.03125 0.025
2 0.515625 0.3578125 0.03125 0.0203125
2 0.5640625 0.3625 0.028125 0.021875
2 0.58125 0.3828125 0.03125 0.025
2 0.55390625 0.3921875 0.025 0.0203125
2 0.5765625 0.41328125 0.0296875 0.028125
2 0.5859375 0.434375 0.03125 0.021875