2 0.52421875 0.02421875 0.0234375 0.03125
2 0.61328125 0.42734375 0.025 0.03125
2 0.62421875 0.40625 0.0234375 0.0296875
2 0.5296875 0.40625 0.021875 0.028125
2 0.51171875 0.3921875 0.021875 0.028125
2 0.56640625 0.40078125 0.021875 0.03125
2 0.64296875 0.39296875 0.0234375 0.0296875
2 0.66171875 0.37421875 0.025 0.03125
2 0.6203125 0.13515625 0.025 0.034375
2 0.565625 0.0640625 0.025 0.034375
2 0.64375 0.215625 0.0234375 0.0328125
2 0.59921875 0.39453125 0.021875 0.03125
2 0.503125 0.04296875 0.0234375 0.0328125
2 0.54609375 0.3890625 0.021875 0.03125
2 0.6515625 0.18359375 0.025 0.034375
2 0.64765625 0.2453125 0.0234375 0.0328125
2 0.5890625 0.0953125 0.025 0.034375
2 0.58125 0.38125 0.021875 0.03125
2 0.67109375 0.2953125 0.0234375 0.0328125
2 0.66953125 0.32578125 0.0234375 0.03125
2 0.66640625 0.25859375 0.025 0.03125
2 0.53828125 0.04765625 0.025 0.0375
2 0.4859375 0.28125 0.0234375 0.03125
2 0.5015625 0.33828125 0.0234375 0.03125
2 0.47265625 0.2234375 0.025 0.03125
2 0.50546875 0.3640625 0.0234375 0.03125
2 0.48046875 0.253125 0.025 0.03125
2 0.65390625 0.34609375 0.0234375 0.03125
2 0.48828125 0.06953125 0.025 0.0375
2 0.46953125 0.19453125 0.025 0.0328125
2 0.51953125 0.06875 0.0234375 0.0359375
2 0.465625 0.12890625 0.0234375 0.034375
2 0.52890625 0.3765625 0.021875 0.03125
2 0.65078125 0.28046875 0.025 0.03125
2 0.48359375 0.1078125 0.025 0.034375
2 0.55390625 0.278125 0.0234375 0.0296875
2 0.63671875 0.36484375 0.0234375 0.03125
2 0.50546875 0.09140625 0.025 0.034375
2 0.596875 0.1265625 0.025 0.034375
2 0.5 0.23515625 0.025 0.0328125
2 0.546875 0.11640625 0.025 0.0328125
2 0.46796875 0.1640625 0.025 0.034375
2 0.57265625 0.12265625 0.025 0.0328125
2 0.50546875 0.125 0.025 0.034375
2 0.5421875 0.078125 0.0265625 0.0359375
2 0.51796875 0.21640625 0.0234375 0.03125
2 0.48671875 0.14375 0.025 0.034375
2 0.52421875 0.2453125 0.025 0.03125
2 0.65078125 0.30859375 0.021875 0.03125
2 0.5984375 0.3625 0.021875 0.03125
2 0.63359375 0.32890625 0.0234375 0.03125
2 0.62421875 0.16640625 0.021875 0.0328125
2 0.49296875 0.20625 0.025 0.034375
2 0.51015625 0.29296875 0.025 0.03125
2 0.5140625 0.1859375 0.025 0.03125
2 0.52734375 0.1046875 0.025 0.034375
2 0.5234375 0.3453125 0.025 0.03125
2 0.528125 0.275 0.025 0.03125
2 0.53984375 0.3265625 0.025 0.03125
2 0.5578125 0.30703125 0.0234375 0.03125
2 0.5328125 0.16640625 0.025 0.0328125
2 0.6296875 0.26484375 0.0234375 0.034375
2 0.575 0.153125 0.025 0.03125
2 0.59921875 0.1578125 0.025 0.034375
2 0.5703125 0.25703125 0.025 0.03125
2 0.59765625 0.33671875 0.021875 0.03125
2 0.5625 0.36953125 0.0234375 0.0296875
2 0.5359375 0.196875 0.025 0.03125
2 0.6171875 0.34921875 0.0234375 0.03125
2 0.6140625 0.3171875 0.021875 0.03125
2 0.540625 0.22265625 0.025 0.0328125
2 0.48984375 0.175 0.025 0.03125
2 0.528125 0.1359375 0.025 0.0328125
2 0.6234375 0.19765625 0.0234375 0.0328125
2 0.54453125 0.35703125 0.021875 0.0296875
2 0.58984375 0.271875 0.021875 0.03125
2 0.63046875 0.2984375 0.0234375 0.03125
2 0.55546875 0.171875 0.025 0.034375
2 0.5625 0.0953125 0.025 0.03125
2 0.5609375 0.3390625 0.021875 0.03125
2 0.559375 0.2015625 0.025 0.034375
2 0.603125 0.190625 0.025 0.0328125
2 0.62421875 0.23359375 0.0234375 0.0328125
2 0.509375 0.15703125 0.025 0.03125
2 0.59609375 0.3015625 0.0265625 0.034375
2 0.56484375 0.22890625 0.025 0.03125
2 0.58359375 0.21015625 0.025 0.034375
2 0.58828125 0.23984375 0.021875 0.03125
2 0.48984375 0.31015625 0.0234375 0.03125
2 0.50625 0.265625 0.0234375 0.0328125
2 0.515625 0.32109375 0.025 0.0296875
2 0.60859375 0.25546875 0.021875 0.03125
2 0.57890625 0.18125 0.025 0.0328125
2 0.61015625 0.28359375 0.025 0.0328125
2 0.5796875 0.353125 0.021875 0.0296875
2 0.6171875 0.3796875 0.0234375 0.028125
2 0.55078125 0.1453125 0.025 0.03125
2 0.54921875 0.25234375 0.025 0.0328125
2 0.53515625 0.2984375 0.025 0.03125
2 0.5765625 0.296875 0.021875 0.028125
2 0.60546875 0.21875 0.0234375 0.034375
2 0.57890625 0.3203125 0.025 0.0328125
2 0.63046875 0.47734375 0.021875 0.025
2 0.66953125 0.39609375 0.015625 0.01875