1 0.4890625 0.7984375 0.025 0.0203125
1 0.4625 0.790625 0.028125 0.021875
0 0.42421875 0.88984375 0.03125 0.021875
0 0.44921875 0.8953125 0.028125 0.0203125
0 0.47890625 0.8953125 0.028125 0.021875
0 0.48984375 0.88203125 0.0296875 0.0203125
0 0.51640625 0.8796875 0.0328125 0.021875
0 0.5328125 0.865625 0.028125 0.021875
0 0.54921875 0.85234375 0.0265625 0.0203125
0 0.5390625 0.83515625 0.028125 0.021875
0 0.525 0.85 0.028125 0.021875
0 0.51015625 0.8625 0.0234375 0.021875
0 0.48828125 0.8640625 0.0234375 0.021875
0 0.46484375 0.878125 0.028125 0.021875
0 0.46484375 0.8609375 0.028125 0.021875
0 0.43984375 0.87421875 0.028125 0.01875
0 0.4375 0.85546875 0.028125 0.01875
0 0.44765625 0.84140625 0.03125 0.021875
0 0.47578125 0.846875 0.03125 0.01875
0 0.49921875 0.84765625 0.025 0.0203125
0 0.51171875 0.83125 0.025 0.0234375
0 0.52734375 0.81953125 0.03125 0.021875
0 0.503125 0.81484375 0.028125 0.021875
0 0.48828125 0.83046875 0.0296875 0.021875
0 0.47890625 0.81484375 0.025 0.0203125
0 0.4625 0.828125 0.025 0.025
0 0.43828125 0.8203125 0.0328125 0.021875
0 0.421875 0.834375 0.028125 0.021875
0 0.4515625 0.8109375 0.03125 0.021875
0 0.5140625 0.78359375 0.028125 0.0203125
0 0.4703125 0.7609375 0.0296875 0.01875
0 0.43203125 0.79609375 0.025 0.01875
0 0.4171875 0.81015625 0.0265625 0.021875
0 0.4125 0.7859375 0.028125 0.021875
0 0.428125 0.7734375 0.028125 0.0203125
0 0.44921875 0.7734375 0.025 0.01875
0 0.44765625 0.75625 0.0234375 0.0203125
0 0.4265625 0.7546875 0.0265625 0.021875
0 0.40078125 0.7671875 0.028125 0.0203125
0 0.440625 0.73984375 0.0296875 0.021875
0 0.4203125 0.734375 0.025 0.021875
0 0.4015625 0.746875 0.028125 0.025
0 0.38203125 0.73515625 0.03125 0.021875
0 0.39453125 0.721875 0.028125 0.021875
2 0.42421875 0.93203125 0.03125 0.0203125
2 0.459375 0.928125 0.03125 0.021875
2 0.45234375 0.9125 0.028125 0.021875
2 0.43359375 0.9203125 0.021875 0.01875
2 0.41015625 0.9109375 0.028125 0.0203125
2 0.5 0.921875 0.03125 0.0234375
2 0.478125 0.91875 0.025 0.021875
2 0.51640625 0.90859375 0.03125 0.021875
2 0.54140625 0.90078125 0.025 0.021875
2 0.559375 0.821875 0.0265625 0.021875
2 0.54921875 0.80625 0.025 0.01875
2 0.40546875 0.875 0.025 0.01875
2 0.40703125 0.86015625 0.025 0.021875
2 0.3875 0.8265625 0.025 0.021875
2 0.3828125 0.81015625 0.0265625 0.021875
2 0.47890625 0.740625 0.0234375 0.0171875
2 0.37890625 0.77265625 0.025 0.021875
2 0.36015625 0.7625 0.0234375 0.021875
2 0.34375 0.7453125 0.028125 0.021875
2 0.3609375 0.72890625 0.025 0.021875
2 0.4171875 0.69375 0.028125 0.0203125
2 0.39140625 0.69140625 0.025 0.0203125
2 0.42578125 0.71171875 0.0265625 0.021875
2 0.44765625 0.71796875 0.028125 0.021875
2 0.4578125 0.7328125 0.0234375 0.01875
2 0.40390625 0.7078125 0.025 0.01875
2 0.38125 0.70703125 0.025 0.01875
2 0.36640625 0.69453125 0.025 0.021875
2 0.3359375 0.69765625 0.025 0.0203125
2 0.35546875 0.68046875 0.0234375 0.025
2 0.334375 0.67890625 0.0296875 0.025
2 0.30546875 0.6859375 0.028125 0.025
2 0.3390625 0.66015625 0.028125 0.01875
2 0.31640625 0.6640625 0.028125 0.01875
2 0.28984375 0.67265625 0.025 0.021875
2 0.259375 0.66953125 0.03125 0.0203125
2 0.28046875 0.65078125 0.03125 0.0234375
2 0.25546875 0.64765625 0.0296875 0.021875
2 0.26796875 0.63359375 0.0296875 0.0203125
2 0.2390625 0.63046875 0.028125 0.021875
2 0.2921875 0.6359375 0.028125 0.0203125
0 0.3109375 0.63359375 0.028125 0.01875
0 0.3265625 0.59921875 0.028125 0.01875
0 0.3078125 0.609375 0.025 0.01875
0 0.29921875 0.59375 0.025 0.01875
0 0.2796875 0.6046875 0.0234375 0.01875
0 0.3609375 0.6 0.03125 0.01875
0 0.34609375 0.5890625 0.025 0.01875
0 0.36875 0.5828125 0.0296875 0.021875
0 0.38359375 0.56796875 0.025 0.0203125
0 0.3953125 0.55234375 0.0265625 0.01875
0 0.4265625 0.55390625 0.028125 0.01875
0 0.40859375 0.565625 0.028125 0.01875
0 0.4 0.58359375 0.028125 0.0203125
0 0.34921875 0.55234375 0.028125 0.01875
0 0.3328125 0.56484375 0.0265625 0.0203125
0 0.31015625 0.56328125 0.028125 0.0203125
0 0.29375 0.57578125 0.025 0.0203125
0 0.27421875 0.5609375 0.028125 0.021875
0 0.265625 0.5453125 0.028125 0.021875
0 0.29296875 0.55 0.028125 0.021875
0 0.3125 0.5421875 0.03125 0.021875
0 0.33359375 0.5375 0.028125 0.0203125
2 0.34453125 0.64296875 0.028125 0.0171875
2 0.3484375 0.62265625 0.028125 0.0203125
2 0.2328125 0.60078125 0.0296875 0.01875
2 0.40703125 0.62578125 0.028125 0.01875
2 0.375 0.6203125 0.0296875 0.0203125
2 0.40625 0.60546875 0.0234375 0.01875
2 0.38515625 0.60546875 0.021875 0.01875
2 0.43359375 0.6 0.0234375 0.0203125
2 0.45234375 0.5890625 0.0265625 0.0234375
2 0.43359375 0.5765625 0.0234375 0.021875
2 0.45 0.56953125 0.025 0.021875
2 0.465625 0.559375 0.0234375 0.0203125
2 0.4515625 0.54453125 0.025 0.021875
2 0.43515625 0.534375 0.021875 0.0171875
2 0.4078125 0.53203125 0.025 0.01875
2 0.371875 0.54921875 0.025 0.021875
2 0.36640625 0.5328125 0.025 0.01875
2 0.384375 0.5234375 0.025 0.0203125
2 0.25 0.58359375 0.0265625 0.021875
2 0.26484375 0.61484375 0.025 0.0203125
2 0.22265625 0.5828125 0.0265625 0.01875
2 0.01640625 0.59296875 0.03125 0.0234375
2 0.2296875 0.5671875 0.028125 0.01875
2 0.2515625 0.5625 0.025 0.021875
2 0.234375 0.54921875 0.0265625 0.021875
2 0.2296875 0.53046875 0.028125 0.021875
2 0.2546875 0.5265625 0.025 0.0203125
0 0.359375 0.50625 0.028125 0.021875
2 0.259375 0.509375 0.028125 0.0203125
2 0.275 0.49609375 0.025 0.021875
2 0.278125 0.51640625 0.025 0.025
2 0.29921875 0.5234375 0.025 0.0203125
2 0.3125 0.5125 0.025 0.015625
2 0.31953125 0.49609375 0.028125 0.021875
2 0.33515625 0.50703125 0.021875 0.01875
2 0.35 0.5234375 0.0234375 0.0171875
2 0.3265625 0.5234375 0.025 0.0203125
2 0.2953125 0.503125 0.021875 0.0171875
2 0.29765625 0.4890625 0.025 0.0203125
2 0.31484375 0.478125 0.028125 0.01875
2 0.340625 0.48203125 0.021875 0.0203125
2 0.32109375 0.44375 0.0265625 0.021875
2 0.34765625 0.45625 0.028125 0.025
2 0.359375 0.48203125 0.028125 0.021875
2 0.37109375 0.46484375 0.028125 0.0203125
2 0.4109375 0.45234375 0.025 0.0171875
2 0.39375 0.46640625 0.028125 0.021875
2 0.38671875 0.48359375 0.025 0.0203125
2 0.3765625 0.49921875 0.01875 0.0171875
2 0.39765625 0.4984375 0.025 0.015625
2 0.40234375 0.51640625 0.0265625 0.01875
2 0.42421875 0.5171875 0.021875 0.01875
2 0.44609375 0.51796875 0.025 0.01875
2 0.45546875 0.5078125 0.028125 0.021875
2 0.43828125 0.5015625 0.025 0.01875
2 0.41640625 0.5 0.025 0.01875
2 0.4296875 0.48671875 0.025 0.021875
2 0.44609375 0.48828125 0.025 0.0203125
2 0.40625 0.48359375 0.0234375 0.01875
2 0.415625 0.46875 0.025 0.01875
2 0.43125 0.4578125 0.021875 0.021875
2 0.45078125 0.4578125 0.025 0.0203125
2 0.43984375 0.47109375 0.025 0.0203125