0 0.4046875 0.6359375 0.0359375 0.02734375
0 0.434375 0.61484375 0.034375 0.025
2 0.6140625 0.515625 0.0359375 0.03203125
2 0.5734375 0.54375 0.0328125 0.02421875
2 0.56796875 0.56640625 0.02734375 0.03046875
2 0.53828125 0.5578125 0.03828125 0.0234375
2 0.55546875 0.5796875 0.02734375 0.02578125
2 0.521875 0.57734375 0.0359375 0.0265625
2 0.5390625 0.59453125 0.0328125 0.025
2 0.49921875 0.578125 0.0296875 0.021875
2 0.47421875 0.57578125 0.02734375 0.01953125
2 0.48515625 0.59453125 0.0265625 0.02734375
2 0.50859375 0.5984375 0.03203125 0.021875
2 0.52734375 0.61015625 0.0375 0.02109375
2 0.503125 0.61640625 0.0296875 0.021875
2 0.475 0.6125 0.0296875 0.01796875
2 0.46484375 0.59375 0.03515625 0.025
2 0.44140625 0.590625 0.0375 0.0234375
2 0.47265625 0.63125 0.02734375 0.0265625
2 0.49765625 0.6390625 0.0375 0.0265625
2 0.44765625 0.63203125 0.03046875 0.025
2 0.45859375 0.6484375 0.0296875 0.028125
2 0.42890625 0.6421875 0.034375 0.02421875
2 0.425 0.65703125 0.0375 0.02109375
2 0.45703125 0.6921875 0.03046875 0.02421875
2 0.47734375 0.6921875 0.0265625 0.0234375
2 0.4953125 0.7046875 0.0328125 0.02578125
2 0.55625 0.7203125 0.0359375 0.025
2 0.565625 0.7078125 0.0328125 0.025