2 0.63125 0.59765625 0.028125 0.034375
2 0.6515625 0.6046875 0.025 0.0375
2 0.6734375 0.603125 0.025 0.0359375
2 0.65390625 0.57578125 0.025 0.0375
2 0.63515625 0.5671875 0.025 0.03125
0 0.646875 0.5375 0.0234375 0.034375
2 0.63046875 0.5375 0.0234375 0.034375
2 0.66328125 0.55078125 0.021875 0.03125
2 0.6765625 0.57421875 0.025 0.0390625
2 0.68203125 0.5359375 0.021875 0.03125
2 0.6671875 0.5203125 0.025 0.03125
2 0.66640625 0.4953125 0.0234375 0.0328125
2 0.684375 0.50078125 0.025 0.0328125
2 0.7015625 0.5140625 0.025 0.034375
0 0.7015625 0.4734375 0.0265625 0.0375
2 0.68046875 0.4703125 0.025 0.034375