0 0.46171875 0.5484375 0.025 0.0359375
0 0.44296875 0.5296875 0.0296875 0.03125
0 0.44375 0.5625 0.028125 0.0375
0 0.44453125 0.5015625 0.03125 0.034375
0 0.44609375 0.4703125 0.03125 0.0359375
0 0.44140625 0.44140625 0.0296875 0.040625
0 0.43359375 0.41640625 0.0296875 0.03125
0 0.41328125 0.4265625 0.028125 0.0359375
0 0.42421875 0.45234375 0.0234375 0.034375
0 0.4140625 0.396875 0.0265625 0.03125
0 0.425 0.484375 0.0296875 0.0390625
0 0.4265625 0.5125 0.028125 0.0375
0 0.42421875 0.54921875 0.03125 0.0375
0 0.40625 0.5328125 0.028125 0.0375
0 0.40546875 0.50078125 0.028125 0.0453125
0 0.40234375 0.471875 0.025 0.0375
0 0.39453125 0.44609375 0.025 0.0390625
0 0.39375 0.41328125 0.025 0.0375
0 0.39453125 0.38046875 0.0265625 0.034375
0 0.37734375 0.365625 0.03125 0.0390625
0 0.3765625 0.39609375 0.028125 0.034375
0 0.375 0.42890625 0.0296875 0.0375
0 0.3765625 0.459375 0.0296875 0.0375
0 0.38515625 0.490625 0.025 0.0328125
0 0.3859375 0.51875 0.0265625 0.040625
0 0.3671875 0.5046875 0.028125 0.04375
0 0.35546875 0.48046875 0.0234375 0.034375
0 0.35546875 0.446875 0.025 0.0390625
0 0.3546875 0.41796875 0.025 0.0390625
0 0.3546875 0.38203125 0.028125 0.0375
0 0.3578125 0.35078125 0.025 0.0390625
0 0.3328125 0.30234375 0.028125 0.0375
0 0.33828125 0.33359375 0.028125 0.0375
0 0.33828125 0.365625 0.025 0.040625
0 0.3359375 0.4 0.0265625 0.0375
0 0.3359375 0.43046875 0.0265625 0.0390625
0 0.33515625 0.46015625 0.028125 0.034375
0 0.33515625 0.490625 0.028125 0.0375
0 0.3140625 0.28203125 0.0265625 0.034375
0 0.3140625 0.31328125 0.028125 0.0375
0 0.31875 0.34453125 0.0265625 0.0375
0 0.31875 0.375 0.0328125 0.040625
0 0.315625 0.409375 0.028125 0.0375
0 0.315625 0.44140625 0.028125 0.0375
0 0.31328125 0.4703125 0.0296875 0.034375
0 0.29375 0.2875 0.025 0.034375
0 0.2921875 0.31953125 0.025 0.0390625
0 0.296875 0.35625 0.0296875 0.04375
0 0.29609375 0.38671875 0.028125 0.0390625
0 0.29375 0.41953125 0.028125 0.040625
0 0.2921875 0.44765625 0.028125 0.0390625
0 0.271875 0.4296875 0.028125 0.0375
0 0.275 0.396875 0.0265625 0.0375
0 0.275 0.3625 0.028125 0.04375
0 0.27109375 0.33125 0.0265625 0.0375
0 0.26875 0.3015625 0.0265625 0.040625
0 0.25234375 0.31171875 0.0265625 0.0375
0 0.25078125 0.34609375 0.028125 0.0390625
0 0.2546875 0.3765625 0.028125 0.040625
0 0.2546875 0.4125 0.0296875 0.0375
0 0.22890625 0.359375 0.028125 0.0375
0 0.23125 0.38984375 0.028125 0.040625
0 0.20859375 0.371875 0.0265625 0.040625
2 0.2453125 0.20625 0.028125 0.0375
2 0.284375 0.215625 0.0265625 0.0375
2 0.26484375 0.2234375 0.0265625 0.0375
2 0.246875 0.23984375 0.0296875 0.0375
2 0.225 0.253125 0.0265625 0.034375
2 0.24609375 0.275 0.021875 0.034375
2 0.2265625 0.28828125 0.028125 0.034375
2 0.221875 0.321875 0.0296875 0.0359375
2 0.203125 0.33515625 0.028125 0.034375
2 0.17734375 0.38203125 0.028125 0.0421875
2 0.196875 0.4 0.025 0.03125
2 0.21796875 0.41796875 0.03125 0.0375
2 0.23984375 0.43359375 0.0296875 0.0375
2 0.2609375 0.44609375 0.0296875 0.0375
2 0.278125 0.46953125 0.028125 0.034375
2 0.29921875 0.49375 0.028125 0.0375
2 0.31875 0.509375 0.0296875 0.0375
2 0.3390625 0.5234375 0.0265625 0.034375
2 0.28984375 0.24609375 0.025 0.034375
2 0.2671875 0.259375 0.0296875 0.034375
2 0.309375 0.234375 0.03125 0.0453125
2 0.32734375 0.25625 0.028125 0.0328125
2 0.34765625 0.2796875 0.0265625 0.0375
2 0.3671875 0.29375 0.025 0.034375
2 0.384375 0.31015625 0.028125 0.034375
2 0.3671875 0.3265625 0.028125 0.034375
2 0.4046875 0.3234375 0.0265625 0.0375
2 0.38828125 0.34296875 0.0265625 0.0375
2 0.4078125 0.3578125 0.025 0.0359375
2 0.42578125 0.371875 0.0265625 0.0375
2 0.44375 0.38984375 0.028125 0.034375
2 0.46328125 0.4015625 0.03125 0.0359375
2 0.4828125 0.4203125 0.028125 0.034375
2 0.46328125 0.4359375 0.025 0.0359375
2 0.48515625 0.4515625 0.0265625 0.034375
2 0.465625 0.46875 0.0265625 0.034375
2 0.48125 0.48515625 0.025 0.034375
2 0.503125 0.46640625 0.028125 0.0375
2 0.5 0.49453125 0.0296875 0.0375
2 0.5203125 0.50703125 0.028125 0.0375
2 0.5140625 0.5375 0.028125 0.0359375
2 0.4953125 0.5296875 0.025 0.034375
2 0.47890625 0.5140625 0.025 0.040625
2 0.4921875 0.5640625 0.0234375 0.0421875
2 0.5171875 0.5703125 0.028125 0.0421875
2 0.47734375 0.58203125 0.0265625 0.040625
2 0.45390625 0.59296875 0.028125 0.0375
2 0.41796875 0.59921875 0.03125 0.040625
2 0.39765625 0.58359375 0.028125 0.040625
2 0.375 0.56484375 0.0265625 0.0390625
2 0.35859375 0.546875 0.0265625 0.034375