2 0.47890625 0.30703125 0.028125 0.0359375
2 0.45234375 0.3078125 0.025 0.034375
2 0.4984375 0.34765625 0.03125 0.040625
2 0.4765625 0.33984375 0.028125 0.034375
2 0.45390625 0.3421875 0.025 0.034375
2 0.43203125 0.3421875 0.028125 0.03125
2 0.45859375 0.36875 0.0234375 0.034375
2 0.4359375 0.3703125 0.0234375 0.034375
2 0.41796875 0.3734375 0.028125 0.0390625
2 0.41328125 0.40390625 0.028125 0.034375
2 0.53125 0.378125 0.028125 0.0359375
2 0.5609375 0.4078125 0.025 0.034375
2 0.56796875 0.4390625 0.025 0.0375
2 0.590625 0.44453125 0.021875 0.0375
2 0.60859375 0.43828125 0.025 0.0359375
2 0.6140625 0.4625 0.0265625 0.034375
2 0.62265625 0.49140625 0.03125 0.0375
2 0.590625 0.46796875 0.028125 0.0375
2 0.5984375 0.4953125 0.025 0.034375
2 0.57265625 0.4640625 0.028125 0.0359375
2 0.57734375 0.490625 0.03125 0.034375
2 0.5703125 0.5203125 0.028125 0.0375
2 0.55078125 0.515625 0.025 0.03125
2 0.5546875 0.5375 0.021875 0.03125
2 0.55390625 0.5625 0.028125 0.0390625
2 0.5328125 0.55859375 0.021875 0.046875
2 0.5125 0.56640625 0.0265625 0.03125
2 0.49453125 0.57734375 0.03125 0.034375
2 0.4609375 0.56796875 0.025 0.0375
2 0.44296875 0.559375 0.03125 0.040625
2 0.42265625 0.55 0.025 0.046875
2 0.39921875 0.546875 0.025 0.053125
2 0.396875 0.43515625 0.028125 0.0453125
2 0.4203125 0.43046875 0.0265625 0.03125
2 0.37890625 0.4609375 0.0359375 0.053125
0 0.53046875 0.41171875 0.025 0.0390625
0 0.54375 0.44140625 0.021875 0.028125
0 0.5453125 0.4671875 0.028125 0.034375
0 0.5421875 0.49296875 0.028125 0.0359375
0 0.52109375 0.49375 0.0265625 0.034375
0 0.52890625 0.51796875 0.028125 0.034375
0 0.5109375 0.53828125 0.03125 0.0359375
0 0.49296875 0.540625 0.021875 0.03125
0 0.4875 0.5125 0.021875 0.025
0 0.47421875 0.53515625 0.025 0.034375
0 0.45390625 0.52109375 0.021875 0.021875
0 0.44765625 0.5375 0.0234375 0.028125
0 0.49609375 0.38125 0.028125 0.0375
0 0.515625 0.39921875 0.021875 0.03125
0 0.5015625 0.41796875 0.025 0.0375
0 0.51640625 0.43046875 0.025 0.040625
0 0.52734375 0.45390625 0.021875 0.0375
0 0.51171875 0.465625 0.021875 0.034375
0 0.4984375 0.4828125 0.025 0.0359375
0 0.49140625 0.4546875 0.021875 0.0390625
0 0.48125 0.43203125 0.01875 0.0375
0 0.48046875 0.4 0.0203125 0.034375
0 0.4609375 0.41015625 0.021875 0.03125
0 0.4625 0.43828125 0.021875 0.0359375
0 0.43828125 0.4109375 0.0265625 0.03125
0 0.44453125 0.43984375 0.025 0.04375
0 0.4515625 0.46484375 0.021875 0.034375
0 0.471875 0.4640625 0.01875 0.034375
0 0.475 0.490625 0.021875 0.03125
0 0.45625 0.49296875 0.0265625 0.034375
0 0.43828125 0.49140625 0.0265625 0.0375
0 0.421875 0.46875 0.0234375 0.0421875
0 0.396875 0.4953125 0.025 0.040625
2 0.26953125 0.45859375 0.034375 0.04375
2 0.25078125 0.4375 0.028125 0.04375
2 0.2546875 0.4078125 0.0375 0.0390625
2 0.25234375 0.37578125 0.025 0.04375
2 0.23359375 0.359375 0.03125 0.0421875
2 0.23125 0.39140625 0.028125 0.0359375
2 0.23203125 0.41796875 0.028125 0.034375
2 0.21171875 0.40625 0.028125 0.040625
2 0.19609375 0.3859375 0.0265625 0.0421875
2 0.21015625 0.35390625 0.025 0.0390625
2 0.18984375 0.33828125 0.021875 0.034375
2 0.17421875 0.3578125 0.03125 0.0453125
2 0.16953125 0.3203125 0.03125 0.0421875