0 0.65 0.43203125 0.0296875 0.0390625
0 0.62734375 0.4640625 0.0265625 0.0375
2 0.51953125 0.659375 0.034375 0.0390625
2 0.55 0.61484375 0.025 0.0359375
2 0.57421875 0.609375 0.0328125 0.0296875
2 0.56484375 0.57734375 0.025 0.040625
2 0.58828125 0.5953125 0.028125 0.0296875
2 0.5859375 0.559375 0.028125 0.0390625
2 0.6046875 0.578125 0.0265625 0.0359375
2 0.58671875 0.534375 0.025 0.03125
2 0.584375 0.50703125 0.021875 0.0296875
2 0.6046875 0.51953125 0.0296875 0.028125
2 0.60859375 0.5453125 0.025 0.034375
2 0.621875 0.56484375 0.0234375 0.040625
2 0.628125 0.5390625 0.025 0.03125
2 0.62421875 0.5078125 0.01875 0.03125
2 0.60390625 0.496875 0.0265625 0.0375
2 0.6 0.471875 0.025 0.040625
2 0.64375 0.50546875 0.028125 0.0296875
2 0.653125 0.5328125 0.028125 0.040625
2 0.6453125 0.47890625 0.0265625 0.034375
2 0.6625 0.48984375 0.03125 0.03125
2 0.65625 0.4578125 0.025 0.0375
2 0.67265625 0.45390625 0.0234375 0.040625
2 0.7109375 0.48828125 0.025 0.034375
2 0.71015625 0.5109375 0.025 0.028125
2 0.72421875 0.53046875 0.028125 0.0359375
2 0.74140625 0.59609375 0.0265625 0.0390625
2 0.72734375 0.60625 0.0265625 0.0359375