0 0.5703125 0.609375 0.0515625 0.0375
0 0.5390625 0.6578125 0.05 0.0375
0 0.5109375 0.63046875 0.053125 0.0375
0 0.4625 0.63203125 0.0484375 0.0375
0 0.43359375 0.60859375 0.05 0.0375
0 0.425 0.64375 0.0546875 0.0453125
0 0.45078125 0.66953125 0.0546875 0.0375
0 0.49609375 0.6640625 0.05 0.040625
0 0.5203125 0.69296875 0.0453125 0.0375
0 0.47734375 0.69921875 0.053125 0.0375
2 0.7625 0.5 0.05 0.0421875
2 0.72421875 0.51171875 0.0453125 0.0390625
2 0.7609375 0.53671875 0.05 0.0375
2 0.7140625 0.54609375 0.0453125 0.0390625
2 0.746875 0.5640625 0.04375 0.034375
2 0.6890625 0.51796875 0.05 0.040625
2 0.659375 0.5328125 0.04375 0.034375
2 0.684375 0.56015625 0.04375 0.040625
2 0.71640625 0.584375 0.05 0.040625
2 0.66328125 0.5890625 0.0390625 0.0265625
2 0.63984375 0.56328125 0.053125 0.04375
2 0.615625 0.5328125 0.0546875 0.040625
2 0.69453125 0.6125 0.0515625 0.0390625
2 0.665625 0.63203125 0.046875 0.04375
2 0.62578125 0.64375 0.0515625 0.0359375
2 0.60078125 0.65625 0.05625 0.0375
2 0.63515625 0.6078125 0.04375 0.0375
2 0.61171875 0.58046875 0.053125 0.04375
2 0.58515625 0.5546875 0.05625 0.0421875
2 0.546875 0.55859375 0.05 0.040625
2 0.5734375 0.58359375 0.0484375 0.034375
2 0.5359375 0.60625 0.040625 0.040625
2 0.51171875 0.5765625 0.053125 0.040625
2 0.4984375 0.60859375 0.046875 0.0328125
2 0.471875 0.57734375 0.05 0.0421875
2 0.42734375 0.57734375 0.0578125 0.0375
2 0.4109375 0.54765625 0.059375 0.040625
2 0.3828125 0.57421875 0.05 0.040625
2 0.36171875 0.61015625 0.053125 0.0375
2 0.34765625 0.6453125 0.05625 0.0375
2 0.38828125 0.6390625 0.053125 0.04375
2 0.3734375 0.67890625 0.05625 0.040625
2 0.4046875 0.70703125 0.059375 0.0390625
2 0.3859375 0.74296875 0.0546875 0.04375
2 0.41640625 0.7703125 0.0578125 0.040625
2 0.4375 0.7359375 0.05625 0.0375
2 0.4578125 0.7625 0.0578125 0.04375
2 0.4765625 0.728125 0.05 0.034375
2 0.509375 0.75546875 0.059375 0.0453125
2 0.51796875 0.72109375 0.05625 0.0359375
2 0.54453125 0.74453125 0.0515625 0.0421875
2 0.553125 0.7125 0.053125 0.0390625
2 0.5921875 0.696875 0.0578125 0.0421875
2 0.6328125 0.684375 0.04375 0.0375
2 0.6625 0.671875 0.0546875 0.04375
2 0.66875 0.7046875 0.05 0.0375
2 0.62890625 0.71796875 0.0578125 0.04375
2 0.6234375 0.75234375 0.05625 0.040625
2 0.59140625 0.73671875 0.053125 0.0296875
2 0.57734375 0.7625 0.059375 0.0421875
2 0.60546875 0.7859375 0.0625 0.040625