2 0.82265625 0.28203125 0.0359375 0.0421875
2 0.8296875 0.334375 0.03125 0.0359375
2 0.83984375 0.36640625 0.028125 0.034375
2 0.8546875 0.3375 0.028125 0.0375
2 0.81953125 0.38125 0.028125 0.0390625
2 0.84140625 0.39609375 0.03125 0.0375
2 0.81953125 0.41484375 0.034375 0.040625
2 0.7953125 0.4078125 0.03125 0.0375
2 0.790625 0.37890625 0.028125 0.0375
2 0.80625 0.3546875 0.028125 0.04375
2 0.809375 0.3203125 0.03125 0.040625
2 0.7828125 0.315625 0.03125 0.0359375
2 0.790625 0.28828125 0.03125 0.0375
2 0.76640625 0.27734375 0.03125 0.0375
2 0.76015625 0.30625 0.0265625 0.034375
2 0.76015625 0.33984375 0.025 0.0375
2 0.7828125 0.35078125 0.03125 0.034375
2 0.76640625 0.37109375 0.028125 0.040625
2 0.77421875 0.40390625 0.03125 0.034375
2 0.78203125 0.43515625 0.03125 0.0375
2 0.75703125 0.42421875 0.028125 0.0359375
2 0.765625 0.45546875 0.03125 0.0375
2 0.75 0.39375 0.028125 0.040625
2 0.74296875 0.365625 0.025 0.0375
2 0.73671875 0.334375 0.028125 0.0375
2 0.73828125 0.303125 0.025 0.034375
2 0.73984375 0.27109375 0.028125 0.040625
2 0.715625 0.2671875 0.03125 0.0375
2 0.71484375 0.3 0.028125 0.0328125
2 0.71015625 0.33046875 0.03125 0.034375
2 0.71953125 0.359375 0.028125 0.0328125
2 0.72578125 0.3890625 0.028125 0.034375
2 0.734375 0.41953125 0.025 0.034375
2 0.740625 0.45078125 0.0265625 0.0328125
2 0.75 0.48203125 0.0296875 0.0375
2 0.725 0.471875 0.03125 0.03125
2 0.7296875 0.5015625 0.028125 0.034375
2 0.71796875 0.44375 0.028125 0.040625
2 0.7125 0.41640625 0.028125 0.0375
2 0.69296875 0.3546875 0.028125 0.03125
2 0.68671875 0.328125 0.03125 0.034375
2 0.690625 0.2984375 0.028125 0.0359375
2 0.6625 0.3140625 0.034375 0.0453125
2 0.64296875 0.3296875 0.0296875 0.0390625
2 0.66875 0.34921875 0.03125 0.034375
2 0.6265625 0.3546875 0.0296875 0.0390625
2 0.609375 0.3765625 0.0296875 0.0375
2 0.59609375 0.4046875 0.025 0.03125
2 0.60390625 0.43359375 0.028125 0.03125
2 0.5859375 0.44296875 0.028125 0.0375
2 0.56484375 0.4328125 0.028125 0.040625
2 0.70703125 0.49609375 0.028125 0.03125
2 0.71796875 0.525 0.025 0.034375
2 0.69296875 0.515625 0.034375 0.0375
2 0.6859375 0.4875 0.0296875 0.034375
2 0.69765625 0.54609375 0.028125 0.0375
2 0.675 0.53359375 0.0265625 0.0359375
2 0.66875 0.5046875 0.0265625 0.034375
2 0.68359375 0.56640625 0.028125 0.034375
2 0.66015625 0.5578125 0.025 0.034375
2 0.665625 0.59296875 0.028125 0.0328125
2 0.64921875 0.61328125 0.028125 0.0359375
2 0.64296875 0.5796875 0.028125 0.0359375
2 0.62578125 0.58984375 0.03125 0.034375
2 0.6109375 0.61015625 0.025 0.034375
2 0.60390625 0.57890625 0.0265625 0.0375
2 0.61796875 0.56328125 0.03125 0.040625
2 0.5921875 0.55234375 0.03125 0.034375
2 0.57734375 0.5703125 0.028125 0.04375
2 0.56875 0.5421875 0.025 0.034375
2 0.5421875 0.44296875 0.0265625 0.0375
2 0.51953125 0.46875 0.028125 0.034375
2 0.5296875 0.49921875 0.0296875 0.040625
2 0.54140625 0.53203125 0.03125 0.034375
2 0.55234375 0.5046875 0.0234375 0.0375
0 0.5578125 0.48359375 0.025 0.04375
0 0.5796875 0.47578125 0.028125 0.034375
0 0.58671875 0.50234375 0.028125 0.0328125
0 0.596875 0.528125 0.025 0.0328125
0 0.60625 0.4875 0.025 0.0328125
0 0.61484375 0.51328125 0.025 0.028125
0 0.6234375 0.53984375 0.0265625 0.0375
0 0.6453125 0.5265625 0.028125 0.034375
0 0.6359375 0.5 0.025 0.034375
0 0.62578125 0.47578125 0.0265625 0.03125
0 0.61640625 0.44375 0.025 0.0421875
0 0.634375 0.4234375 0.0265625 0.034375
2 0.61953125 0.40703125 0.025 0.03125
2 0.6328125 0.38125 0.021875 0.034375
2 0.646875 0.3640625 0.021875 0.025
0 0.64765625 0.390625 0.025 0.0328125
0 0.66640625 0.37421875 0.0234375 0.0328125
0 0.68984375 0.38671875 0.0265625 0.034375
0 0.67265625 0.4078125 0.028125 0.034375
0 0.65703125 0.4265625 0.021875 0.034375
0 0.68046875 0.43515625 0.028125 0.0359375
0 0.69453125 0.459375 0.028125 0.0375
0 0.66640625 0.45625 0.025 0.034375
0 0.640625 0.4515625 0.0265625 0.03125
0 0.65 0.48125 0.0265625 0.034375