0 0.20859375 0.3421875 0.01875 0.021875
0 0.215625 0.359375 0.01875 0.01875
0 0.2203125 0.378125 0.01875 0.028125
2 0.253125 0.3390625 0.015625 0.025
2 0.246875 0.35625 0.015625 0.021875
2 0.2390625 0.33359375 0.015625 0.0234375
2 0.2328125 0.353125 0.015625 0.01875
2 0.22578125 0.33671875 0.0140625 0.021875
2 0.25625 0.3734375 0.0125 0.025
2 0.24296875 0.375 0.015625 0.0203125
2 0.25078125 0.38828125 0.0171875 0.021875
2 0.25390625 0.40390625 0.015625 0.021875
2 0.2359375 0.38671875 0.0140625 0.021875
2 0.240625 0.40390625 0.0140625 0.01875
2 0.25 0.41953125 0.015625 0.01875
2 0.25625 0.43515625 0.0171875 0.021875
2 0.23984375 0.4359375 0.015625 0.021875
2 0.23515625 0.41640625 0.015625 0.021875
2 0.2265625 0.4015625 0.0171875 0.021875
2 0.21015625 0.40234375 0.01875 0.0203125
2 0.2203125 0.41796875 0.01875 0.0203125
2 0.22578125 0.43359375 0.015625 0.021875
2 0.2 0.37109375 0.0140625 0.021875
2 0.2046875 0.38671875 0.015625 0.028125
2 0.21640625 0.3140625 0.015625 0.028125
2 0.2015625 0.31953125 0.015625 0.0265625
2 0.1890625 0.3203125 0.015625 0.021875
2 0.184375 0.33671875 0.015625 0.0203125
2 0.19453125 0.3359375 0.0125 0.01875
2 0.19453125 0.35234375 0.015625 0.01875
2 0.1375 0.37421875 0.01875 0.0265625
2 0.1421875 0.3953125 0.01875 0.0234375
2 0.14140625 0.4140625 0.0203125 0.021875
2 0.1359375 0.43125 0.0203125 0.0265625
2 0.128125 0.41796875 0.01875 0.021875
2 0.1265625 0.39765625 0.0171875 0.028125
2 0.12421875 0.3796875 0.015625 0.025
2 0.1265625 0.3625 0.01875 0.0265625
2 0.1140625 0.35234375 0.01875 0.0203125
2 0.1125 0.36953125 0.01875 0.0234375
2 0.11171875 0.38671875 0.0171875 0.025
2 0.11640625 0.403125 0.015625 0.0203125
2 0.115625 0.42578125 0.01875 0.021875
2 0.10703125 0.41484375 0.015625 0.01875
2 0.1 0.39921875 0.0140625 0.021875
2 0.096875 0.37578125 0.015625 0.028125
2 0.0984375 0.36171875 0.0125 0.021875