0 0.35 0.3796875 0.021875 0.03125
0 0.378125 0.34453125 0.025 0.03125
0 0.3828125 0.371875 0.021875 0.0296875
0 0.36953125 0.3875 0.021875 0.028125
0 0.35859375 0.40703125 0.021875 0.034375
0 0.3765625 0.4125 0.021875 0.034375
0 0.4171875 0.36484375 0.025 0.034375
0 0.4078125 0.3921875 0.021875 0.0265625
0 0.39609375 0.4109375 0.021875 0.0296875
0 0.38671875 0.4390625 0.021875 0.034375
0 0.4140625 0.41953125 0.021875 0.0296875
0 0.403125 0.4453125 0.021875 0.034375
0 0.43125 0.41328125 0.021875 0.0390625
0 0.45 0.415625 0.021875 0.034375
0 0.43984375 0.44765625 0.021875 0.028125
0 0.46171875 0.43828125 0.0234375 0.028125
0 0.4234375 0.44921875 0.021875 0.03125
0 0.4296875 0.4734375 0.021875 0.03125
0 0.41015625 0.46875 0.021875 0.03125
0 0.40234375 0.49609375 0.021875 0.03125
0 0.38828125 0.525 0.025 0.034375
0 0.42265625 0.4984375 0.0265625 0.0359375
0 0.44296875 0.49765625 0.021875 0.03125
0 0.44921875 0.47265625 0.021875 0.034375
0 0.4703125 0.46328125 0.0265625 0.03125
0 0.48984375 0.47265625 0.021875 0.034375
0 0.509375 0.46953125 0.0234375 0.03125
0 0.5203125 0.49296875 0.0234375 0.03125
0 0.5015625 0.49609375 0.021875 0.0296875
0 0.48359375 0.503125 0.021875 0.03125
0 0.46796875 0.4875 0.0234375 0.034375
0 0.459375 0.5140625 0.0234375 0.028125
0 0.44296875 0.53828125 0.021875 0.034375
0 0.4625 0.546875 0.021875 0.03125
0 0.471875 0.5734375 0.0203125 0.034375
0 0.45390625 0.5765625 0.021875 0.03125
0 0.471875 0.5296875 0.021875 0.03125
0 0.49296875 0.528125 0.021875 0.03125
0 0.4828125 0.5546875 0.025 0.0296875
0 0.49296875 0.5765625 0.025 0.03125
0 0.50390625 0.60078125 0.021875 0.03125
0 0.5109375 0.52109375 0.021875 0.034375
0 0.50390625 0.55 0.021875 0.03125
0 0.52109375 0.54375 0.01875 0.03125
0 0.528125 0.52265625 0.025 0.03125
0 0.5375 0.49609375 0.021875 0.034375
0 0.54921875 0.5171875 0.028125 0.03125
0 0.56171875 0.53828125 0.025 0.0296875
0 0.54140625 0.54375 0.021875 0.03125
0 0.5546875 0.56171875 0.021875 0.03125
0 0.56484375 0.5875 0.021875 0.0296875
0 0.54609375 0.58671875 0.0234375 0.034375
0 0.5328125 0.56953125 0.0203125 0.028125
0 0.5140625 0.571875 0.021875 0.03125
0 0.5265625 0.6 0.0265625 0.034375
0 0.53671875 0.61953125 0.0234375 0.034375
0 0.55703125 0.6140625 0.025 0.0359375
0 0.58984375 0.546875 0.0265625 0.034375
2 0.675 0.58515625 0.0234375 0.028125
2 0.665625 0.5609375 0.025 0.03125
2 0.65625 0.5390625 0.0265625 0.034375
2 0.64921875 0.515625 0.021875 0.028125
2 0.6328125 0.53203125 0.021875 0.03125
2 0.6265625 0.50390625 0.0234375 0.0296875
2 0.60625 0.50390625 0.021875 0.03125
2 0.6140625 0.53046875 0.021875 0.0296875
2 0.59375 0.4859375 0.0265625 0.034375
2 0.5796875 0.4671875 0.021875 0.03125
2 0.5703125 0.48984375 0.021875 0.028125
2 0.584375 0.509375 0.021875 0.021875
2 0.59609375 0.5296875 0.01875 0.021875
2 0.6078125 0.5546875 0.0203125 0.0296875
2 0.62421875 0.55390625 0.021875 0.0265625
2 0.64296875 0.55390625 0.0265625 0.034375
2 0.63046875 0.5765625 0.028125 0.03125
2 0.65234375 0.578125 0.025 0.0296875
2 0.65859375 0.60078125 0.01875 0.03125
2 0.671875 0.61171875 0.021875 0.03125
2 0.66796875 0.6359375 0.025 0.03125
2 0.6421875 0.60078125 0.025 0.03125
2 0.65234375 0.6265625 0.025 0.03125
2 0.63125 0.62421875 0.021875 0.03125
2 0.621875 0.60546875 0.0234375 0.03125
2 0.6109375 0.578125 0.01875 0.034375
2 0.59140625 0.57421875 0.021875 0.0265625
2 0.59921875 0.6 0.021875 0.03125
2 0.58203125 0.5984375 0.028125 0.03125
2 0.59140625 0.6234375 0.0234375 0.03125
2 0.6109375 0.62265625 0.021875 0.03125
2 0.61953125 0.64296875 0.028125 0.034375
2 0.64140625 0.65 0.03125 0.028125
2 0.6265625 0.6703125 0.025 0.03125
2 0.60703125 0.67421875 0.021875 0.03125
2 0.59765625 0.6484375 0.021875 0.0296875
2 0.5890625 0.6765625 0.0265625 0.034375
2 0.58046875 0.65078125 0.021875 0.0375
2 0.56640625 0.6734375 0.0265625 0.0390625
2 0.56015625 0.64609375 0.0265625 0.034375
2 0.5609375 0.46796875 0.025 0.0359375
2 0.55390625 0.44375 0.025 0.03125
2 0.54375 0.4640625 0.025 0.03125
2 0.5421875 0.66015625 0.028125 0.034375
2 0.521875 0.65625 0.025 0.0296875
2 0.5140625 0.63359375 0.025 0.034375
2 0.5015625 0.6546875 0.025 0.034375
2 0.4859375 0.6421875 0.0265625 0.034375
2 0.5015625 0.61953125 0.0234375 0.03125
2 0.53203125 0.4390625 0.025 0.0296875
2 0.51796875 0.4234375 0.025 0.03125
2 0.4984375 0.4296875 0.0234375 0.03125
2 0.48046875 0.42109375 0.025 0.034375
2 0.48671875 0.44921875 0.025 0.0296875
2 0.43984375 0.375 0.025 0.0359375
2 0.4296875 0.3390625 0.0296875 0.0375
2 0.421875 0.31875 0.025 0.03125
2 0.4109375 0.29140625 0.028125 0.0375
2 0.39609375 0.275 0.0265625 0.03125
2 0.38046875 0.2953125 0.025 0.0375
2 0.396875 0.3171875 0.0265625 0.03125
2 0.40859375 0.340625 0.0234375 0.034375
2 0.378125 0.321875 0.0234375 0.0296875
2 0.36171875 0.30078125 0.0234375 0.034375
2 0.3578125 0.32734375 0.0265625 0.03125
2 0.353125 0.35078125 0.0265625 0.034375
2 0.34375 0.309375 0.025 0.034375
2 0.3375 0.3296875 0.0234375 0.03125
2 0.32109375 0.31328125 0.025 0.034375
2 0.31484375 0.33671875 0.025 0.034375
2 0.33125 0.3546875 0.0265625 0.034375
2 0.3203125 0.37578125 0.025 0.034375
2 0.3328125 0.39609375 0.0234375 0.034375
2 0.34453125 0.41640625 0.021875 0.034375
2 0.3546875 0.44140625 0.025 0.03125
2 0.3640625 0.46640625 0.025 0.0359375
2 0.38359375 0.4703125 0.0265625 0.034375
2 0.3703125 0.48828125 0.0265625 0.034375
2 0.36015625 0.51015625 0.0296875 0.034375
2 0.3671875 0.540625 0.021875 0.028125
2 0.353125 0.5609375 0.025 0.0375
2 0.3734375 0.565625 0.028125 0.028125
2 0.35859375 0.5859375 0.025 0.0265625
2 0.36796875 0.60546875 0.025 0.03125
2 0.38359375 0.5859375 0.021875 0.03125
2 0.3953125 0.565625 0.0265625 0.0375
2 0.40703125 0.54453125 0.025 0.0375
2 0.4203125 0.5296875 0.025 0.0296875
2 0.4171875 0.56796875 0.028125 0.0375
2 0.43203125 0.546875 0.028125 0.0375
2 0.43203125 0.58359375 0.0265625 0.03125
2 0.43359375 0.6109375 0.021875 0.034375
2 0.4515625 0.61640625 0.021875 0.03125
2 0.48203125 0.6109375 0.021875 0.0296875
2 0.46875 0.628125 0.0265625 0.034375
2 0.44609375 0.63984375 0.028125 0.0375
2 0.42578125 0.63828125 0.025 0.0375
2 0.415625 0.61328125 0.0234375 0.03125
2 0.40625 0.58671875 0.0265625 0.03125
2 0.39453125 0.61328125 0.0234375 0.034375
2 0.403125 0.63359375 0.028125 0.03125
2 0.378125 0.62734375 0.025 0.03125
2 0.31328125 0.4015625 0.025 0.028125
2 0.3109375 0.428125 0.0203125 0.03125
2 0.29453125 0.3421875 0.025 0.034375
2 0.2984375 0.36953125 0.0265625 0.03125
2 0.29453125 0.39765625 0.028125 0.0375
2 0.290625 0.4296875 0.025 0.0359375
2 0.28828125 0.3125 0.028125 0.034375
2 0.27578125 0.33203125 0.021875 0.034375
2 0.278125 0.36015625 0.0234375 0.0375
2 0.27578125 0.3875 0.025 0.0359375
2 0.28359375 0.28359375 0.0265625 0.0375
2 0.26328125 0.30234375 0.028125 0.0359375
2 0.25390625 0.32578125 0.025 0.0390625
2 0.25703125 0.353125 0.03125 0.0375
2 0.2546875 0.384375 0.03125 0.040625
2 0.2609375 0.40859375 0.0265625 0.034375
2 0.259375 0.26953125 0.028125 0.034375
2 0.2203125 0.28515625 0.021875 0.0375
2 0.24296875 0.2875 0.021875 0.03125
2 0.2390625 0.3125 0.025 0.034375
2 0.246875 0.24296875 0.0234375 0.034375
2 0.22890625 0.26015625 0.0265625 0.034375
2 0.225 0.23203125 0.03125 0.0375
2 0.209375 0.2453125 0.0265625 0.0359375