2 0.4171875 0.490625 0.034375 0.04375
2 0.41015625 0.453125 0.0390625 0.040625
2 0.39375 0.478125 0.03125 0.040625
2 0.38125 0.4421875 0.0359375 0.0453125
2 0.3640625 0.475 0.0328125 0.0421875
2 0.35546875 0.4359375 0.03125 0.04375
2 0.3296875 0.4453125 0.03125 0.040625
2 0.33671875 0.48359375 0.034375 0.046875
2 0.32109375 0.50859375 0.0375 0.04375
2 0.30078125 0.48671875 0.0328125 0.040625
2 0.30546875 0.4578125 0.0359375 0.046875
2 0.40390625 0.51875 0.034375 0.0421875
2 0.375 0.5125 0.0375 0.0453125
2 0.4 0.5859375 0.034375 0.040625
2 0.44375 0.6375 0.034375 0.046875
2 0.38046875 0.64921875 0.034375 0.0421875
2 0.36484375 0.6796875 0.03125 0.034375
2 0.3390625 0.68984375 0.0375 0.046875
2 0.34296875 0.65078125 0.0359375 0.0375
2 0.33046875 0.6328125 0.034375 0.0375
2 0.3203125 0.60546875 0.034375 0.0328125
2 0.38359375 0.5578125 0.0359375 0.0375
2 0.32265625 0.55546875 0.034375 0.0421875
0 0.34609375 0.5859375 0.034375 0.046875
0 0.36640625 0.578125 0.028125 0.034375
0 0.35390625 0.54609375 0.0328125 0.0375