2 0.56171875 0.42109375 0.03125 0.0296875
2 0.5640625 0.55546875 0.0296875 0.0375
2 0.4828125 0.45 0.028125 0.034375
2 0.49609375 0.46640625 0.025 0.0328125
2 0.50703125 0.48203125 0.0265625 0.0328125
2 0.53671875 0.60078125 0.025 0.034375
2 0.515625 0.6109375 0.028125 0.0359375
2 0.49375 0.61875 0.028125 0.034375
2 0.47890625 0.60078125 0.025 0.034375
2 0.46171875 0.584375 0.025 0.0296875
2 0.44921875 0.56328125 0.025 0.0296875
2 0.4359375 0.54453125 0.021875 0.0375
2 0.4234375 0.52734375 0.021875 0.0328125
2 0.41015625 0.509375 0.021875 0.034375
2 0.39765625 0.4890625 0.025 0.03125
2 0.38359375 0.4703125 0.025 0.0390625
2 0.36796875 0.4546875 0.0234375 0.0375
2 0.353125 0.4390625 0.028125 0.040625
2 0.3390625 0.40390625 0.0265625 0.0390625
2 0.33125 0.37890625 0.021875 0.03125
2 0.33125 0.346875 0.025 0.0375
2 0.346875 0.328125 0.025 0.034375
2 0.34921875 0.35390625 0.028125 0.0375
2 0.328125 0.31875 0.0265625 0.0390625
2 0.34140625 0.3015625 0.025 0.0375
2 0.34296875 0.27265625 0.0234375 0.0359375
2 0.328125 0.28828125 0.0265625 0.0359375
2 0.3296875 0.2546875 0.028125 0.040625
2 0.34921875 0.24296875 0.028125 0.040625
2 0.33359375 0.22578125 0.0296875 0.0375
2 0.34765625 0.20078125 0.025 0.03125
2 0.36484375 0.19140625 0.028125 0.034375
2 0.353125 0.17578125 0.025 0.0390625
2 0.37265625 0.16171875 0.025 0.0390625
2 0.38671875 0.18046875 0.025 0.03125
2 0.384375 0.21015625 0.0234375 0.0359375
2 0.40390625 0.19921875 0.028125 0.034375
2 0.41171875 0.2234375 0.025 0.034375
2 0.42734375 0.23984375 0.0265625 0.034375
2 0.44765625 0.2578125 0.0265625 0.0375
2 0.43125 0.29609375 0.025 0.034375
2 0.45 0.31171875 0.025 0.0375
2 0.43046875 0.2671875 0.021875 0.034375
2 0.44453125 0.3453125 0.0265625 0.03125
2 0.45859375 0.3640625 0.0265625 0.028125
2 0.45859375 0.384375 0.025 0.034375
2 0.43828125 0.37265625 0.021875 0.03125
2 0.4359375 0.3953125 0.0234375 0.0328125
2 0.4734375 0.403125 0.025 0.0296875
2 0.4515625 0.41328125 0.025 0.0265625
2 0.465625 0.4296875 0.025 0.028125
0 0.37421875 0.228125 0.025 0.034375
0 0.39296875 0.24375 0.025 0.0296875
0 0.41484375 0.26328125 0.025 0.03125
0 0.39296875 0.271875 0.0265625 0.03125
0 0.37109375 0.2578125 0.0265625 0.0328125
0 0.37265625 0.28828125 0.025 0.034375
0 0.37734375 0.31484375 0.0296875 0.0375
0 0.35625 0.3078125 0.021875 0.0375
0 0.396875 0.30234375 0.0265625 0.034375
0 0.415625 0.29375 0.028125 0.0328125
0 0.415625 0.31875 0.021875 0.0328125
0 0.4296875 0.33828125 0.021875 0.03125
0 0.4234375 0.3671875 0.025 0.0328125
0 0.40859375 0.34765625 0.021875 0.03125
0 0.39453125 0.32734375 0.025 0.0375
0 0.37421875 0.3359375 0.0265625 0.03125
0 0.38984375 0.35859375 0.025 0.0328125
0 0.36796875 0.36328125 0.025 0.03125
0 0.34765625 0.37265625 0.021875 0.034375
0 0.3625 0.38984375 0.0234375 0.0296875
0 0.3828125 0.384375 0.021875 0.034375
0 0.40390625 0.37890625 0.028125 0.03125
0 0.41328125 0.3984375 0.028125 0.03125
0 0.42734375 0.41484375 0.025 0.03125
0 0.44375 0.4296875 0.025 0.03125
0 0.4546875 0.45625 0.025 0.028125
0 0.46171875 0.4734375 0.025 0.0375
0 0.47578125 0.49140625 0.021875 0.03125
0 0.4890625 0.5125 0.025 0.034375
0 0.50234375 0.534375 0.0265625 0.034375
0 0.51953125 0.5265625 0.028125 0.034375
0 0.534375 0.54765625 0.028125 0.0375
0 0.52890625 0.57265625 0.025 0.034375
0 0.515625 0.5546875 0.025 0.028125
0 0.50703125 0.5796875 0.025 0.03125
0 0.49609375 0.5609375 0.025 0.0328125
0 0.48203125 0.54296875 0.0234375 0.0375
0 0.46953125 0.521875 0.021875 0.0375
0 0.4578125 0.5046875 0.0265625 0.028125
0 0.44296875 0.48359375 0.025 0.034375
0 0.434375 0.459375 0.0234375 0.0375
0 0.4203125 0.44296875 0.0265625 0.040625
0 0.4046875 0.42421875 0.025 0.034375
0 0.39296875 0.4015625 0.025 0.0328125
0 0.3703125 0.4109375 0.025 0.0375
0 0.38515625 0.43203125 0.0265625 0.03125
0 0.40078125 0.45546875 0.028125 0.03125
0 0.415625 0.46953125 0.0296875 0.0359375
0 0.4203125 0.4953125 0.0265625 0.03125
0 0.43984375 0.5140625 0.0296875 0.03125
0 0.45 0.534375 0.021875 0.0359375
0 0.4625 0.55 0.03125 0.0390625
0 0.47578125 0.56796875 0.025 0.03125