0 0.34921875 0.7171875 0.03125 0.0359375
0 0.33046875 0.696875 0.0375 0.046875
0 0.3375 0.6625 0.0359375 0.0375
0 0.36328125 0.675 0.0375 0.040625
0 0.38125 0.6484375 0.034375 0.040625
0 0.3734375 0.6203125 0.034375 0.0390625
0 0.34765625 0.628125 0.0328125 0.040625
0 0.31953125 0.62890625 0.034375 0.04375
0 0.3390625 0.6 0.0328125 0.040625
0 0.36328125 0.58984375 0.03125 0.0375
0 0.39375 0.596875 0.0328125 0.0390625
0 0.41953125 0.59765625 0.0359375 0.040625
0 0.4125 0.5640625 0.034375 0.046875
0 0.39453125 0.5375 0.0328125 0.0390625
0 0.378125 0.50859375 0.034375 0.040625
0 0.38359375 0.56640625 0.034375 0.0375
0 0.3671875 0.54375 0.034375 0.04375
0 0.3484375 0.56171875 0.034375 0.04375
2 0.53515625 0.55546875 0.0359375 0.0390625
2 0.53125 0.50703125 0.0359375 0.0453125
2 0.51484375 0.53046875 0.0359375 0.046875
2 0.50234375 0.49765625 0.0296875 0.040625
2 0.4953125 0.46875 0.0296875 0.0375
2 0.51015625 0.44375 0.034375 0.04375
2 0.5 0.55234375 0.0328125 0.040625
2 0.49609375 0.5890625 0.03125 0.0375
2 0.48671875 0.52421875 0.028125 0.0375
2 0.47578125 0.55078125 0.028125 0.0375
2 0.4765625 0.49140625 0.0296875 0.0390625
2 0.46640625 0.45546875 0.03125 0.046875
2 0.46171875 0.51953125 0.028125 0.034375
2 0.44921875 0.490625 0.03125 0.04375
2 0.43984375 0.45 0.028125 0.040625
2 0.43671875 0.4140625 0.0375 0.040625
2 0.43984375 0.30234375 0.034375 0.0453125
2 0.43671875 0.5265625 0.03125 0.04375
2 0.4171875 0.5 0.03125 0.0375
2 0.425 0.4671875 0.028125 0.0421875
2 0.45 0.55859375 0.03125 0.046875
2 0.46875 0.5859375 0.0328125 0.04375
2 0.47109375 0.6171875 0.0296875 0.0421875
2 0.44453125 0.6203125 0.0265625 0.04375
2 0.43984375 0.5875 0.028125 0.034375
2 0.46015625 0.65 0.03125 0.040625
2 0.44765625 0.68125 0.034375 0.04375
2 0.43046875 0.6484375 0.03125 0.0421875
2 0.40625 0.66328125 0.0296875 0.0390625
2 0.421875 0.6921875 0.03125 0.046875
2 0.440625 0.71640625 0.03125 0.04375
2 0.43203125 0.753125 0.034375 0.04375
2 0.4125 0.721875 0.034375 0.040625
2 0.409375 0.77109375 0.0296875 0.046875
2 0.3921875 0.75 0.03125 0.04375
2 0.36875 0.7703125 0.0375 0.05
2 0.39765625 0.6984375 0.0296875 0.04375
2 0.3765625 0.6984375 0.0265625 0.0375
2 0.36875 0.728125 0.028125 0.0390625
2 0.3453125 0.75078125 0.03125 0.034375
2 0.3234375 0.725 0.028125 0.0375
2 0.2984375 0.7375 0.0359375 0.04375
2 0.28046875 0.7140625 0.0375 0.04375
2 0.30546875 0.69609375 0.03125 0.046875
2 0.2859375 0.67421875 0.0375 0.046875
2 0.303125 0.65 0.034375 0.040625
2 0.30078125 0.61640625 0.0328125 0.04375
2 0.315625 0.58359375 0.0359375 0.04375
2 0.3265625 0.55234375 0.034375 0.04375
2 0.33828125 0.525 0.0375 0.04375
2 0.35625 0.50234375 0.028125 0.0359375
2 0.365625 0.4703125 0.0375 0.0453125
2 0.396875 0.465625 0.034375 0.0421875
2 0.3796875 0.43828125 0.0375 0.046875