0 0.325 0.75 0.0203125 0.01640625
0 0.340625 0.74453125 0.0171875 0.01640625
0 0.3578125 0.73984375 0.02421875 0.0171875
2 0.32265625 0.71015625 0.021875 0.0140625
2 0.33828125 0.715625 0.02109375 0.0140625
2 0.31796875 0.72265625 0.021875 0.01328125
2 0.3359375 0.72890625 0.0171875 0.0140625
2 0.3203125 0.734375 0.02109375 0.0125
2 0.353125 0.7078125 0.02265625 0.01171875
2 0.3546875 0.71875 0.01875 0.01484375
2 0.3671875 0.7125 0.01953125 0.015625
2 0.38203125 0.709375 0.0203125 0.0140625
2 0.365625 0.72578125 0.02109375 0.0125
2 0.38125 0.72109375 0.01640625 0.0125
2 0.3953125 0.71328125 0.01796875 0.01484375
2 0.41015625 0.7078125 0.0203125 0.015625
2 0.41015625 0.72265625 0.02109375 0.01484375
2 0.39296875 0.7265625 0.0203125 0.01484375
2 0.37890625 0.734375 0.01953125 0.015625
2 0.38046875 0.74921875 0.01875 0.01640625
2 0.39453125 0.73984375 0.01875 0.01640625
2 0.4078125 0.734375 0.02109375 0.01484375
2 0.35234375 0.7578125 0.0203125 0.0125
2 0.36640625 0.75390625 0.02421875 0.01484375
2 0.3 0.74375 0.02578125 0.01484375
2 0.3046875 0.75703125 0.0234375 0.01484375
2 0.30625 0.76796875 0.0203125 0.01484375
2 0.32109375 0.77265625 0.01875 0.01484375
2 0.31953125 0.76328125 0.01640625 0.0109375
2 0.334375 0.76328125 0.01640625 0.01328125
2 0.3546875 0.81484375 0.0234375 0.01796875
2 0.3734375 0.8109375 0.021875 0.01640625
2 0.38984375 0.81171875 0.02109375 0.01875
2 0.40546875 0.81640625 0.0234375 0.01875
2 0.39453125 0.8234375 0.0203125 0.01796875
2 0.37578125 0.82421875 0.02421875 0.015625
2 0.36015625 0.8265625 0.021875 0.01328125
2 0.34453125 0.825 0.0234375 0.01640625
2 0.33515625 0.8359375 0.01875 0.01640625
2 0.35078125 0.8375 0.021875 0.01640625
2 0.36640625 0.83828125 0.02265625 0.015625
2 0.38125 0.834375 0.01875 0.0140625
2 0.4015625 0.834375 0.01953125 0.01640625
2 0.39140625 0.84296875 0.0171875 0.0140625
2 0.3765625 0.8484375 0.02109375 0.0125
2 0.35625 0.8515625 0.025 0.01484375
2 0.34296875 0.85 0.0203125 0.0125