2 0.40625 0.52734375 0.0203125 0.01875
2 0.39453125 0.54140625 0.01875 0.015625
2 0.278125 0.45703125 0.015625 0.0140625
2 0.47890625 0.57578125 0.021875 0.015625
2 0.36640625 0.309375 0.01875 0.0171875
2 0.38046875 0.35234375 0.021875 0.015625
2 0.31875 0.33671875 0.01875 0.015625
2 0.28828125 0.3109375 0.021875 0.0140625
2 0.27265625 0.3171875 0.015625 0.0109375
2 0.28671875 0.32421875 0.01875 0.0109375
2 0.30234375 0.32890625 0.0171875 0.0125
2 0.284375 0.33515625 0.01875 0.0125
2 0.30078125 0.340625 0.0203125 0.0109375
2 0.28203125 0.34609375 0.01875 0.0125
2 0.3 0.35078125 0.0171875 0.0125
2 0.29921875 0.3625 0.01875 0.0125
2 0.278125 0.3640625 0.0234375 0.0125
2 0.290625 0.37109375 0.01875 0.0140625
2 0.3078125 0.37265625 0.0203125 0.0140625
2 0.33046875 0.38359375 0.01875 0.0125
2 0.26640625 0.4640625 0.015625 0.0125
2 0.26171875 0.47421875 0.01875 0.0140625
2 0.24296875 0.47890625 0.021875 0.0140625
2 0.25859375 0.4875 0.01875 0.0125
2 0.240625 0.49140625 0.01875 0.0125
2 0.2265625 0.4953125 0.01875 0.0125
2 0.25546875 0.49765625 0.0171875 0.0125
2 0.271875 0.503125 0.01875 0.0109375
2 0.2390625 0.5015625 0.0171875 0.0109375
2 0.25390625 0.51015625 0.01875 0.0140625
2 0.22265625 0.5078125 0.015625 0.0125
2 0.2375 0.5140625 0.0171875 0.0140625
2 0.253125 0.521875 0.0171875 0.0125
2 0.26953125 0.515625 0.015625 0.0125
2 0.2359375 0.5265625 0.01875 0.0125
2 0.25234375 0.53359375 0.01875 0.0109375
2 0.2359375 0.540625 0.01875 0.0109375
2 0.2515625 0.54609375 0.015625 0.0125
2 0.2671875 0.54140625 0.0171875 0.0125
2 0.21875 0.5453125 0.01875 0.0140625
2 0.234375 0.55078125 0.0171875 0.0109375
2 0.23203125 0.5625 0.0171875 0.0125
2 0.25078125 0.55703125 0.015625 0.0140625
2 0.26484375 0.55390625 0.0171875 0.0125
2 0.26328125 0.56484375 0.0203125 0.0125
2 0.2453125 0.57109375 0.01875 0.0125
2 0.23046875 0.57578125 0.015625 0.0125
2 0.24609375 0.5828125 0.0171875 0.0125
2 0.26328125 0.57734375 0.015625 0.0125
2 0.228125 0.5890625 0.015625 0.0171875
2 0.24375 0.59453125 0.01875 0.0140625
2 0.2609375 0.590625 0.01875 0.0125
2 0.25703125 0.603125 0.015625 0.0125
2 0.2359375 0.60546875 0.01875 0.0140625
2 0.2484375 0.61484375 0.0171875 0.015625
2 0.246875 0.628125 0.01875 0.015625
2 0.2640625 0.62265625 0.015625 0.0140625
2 0.28046875 0.6171875 0.01875 0.0125
2 0.296875 0.62265625 0.01875 0.015625
2 0.28125 0.62890625 0.0203125 0.0125
2 0.2640625 0.63671875 0.0203125 0.0125
2 0.246875 0.64140625 0.01875 0.0125
2 0.2609375 0.6484375 0.01875 0.0125
2 0.28125 0.640625 0.0203125 0.0140625
2 0.27890625 0.653125 0.015625 0.0125
2 0.296875 0.6484375 0.01875 0.0125
2 0.2609375 0.66171875 0.0171875 0.0125
2 0.28046875 0.66640625 0.0171875 0.0125
2 0.2953125 0.6609375 0.015625 0.0125
2 0.26171875 0.6734375 0.01875 0.0125
2 0.2765625 0.68046875 0.0140625 0.0125
2 0.29296875 0.67421875 0.015625 0.0125
2 0.309375 0.66953125 0.015625 0.015625
2 0.30390625 0.68125 0.01875 0.0125
2 0.2875 0.6890625 0.01875 0.0140625
2 0.30546875 0.69296875 0.015625 0.0140625
2 0.2921875 0.7015625 0.01875 0.015625
2 0.32578125 0.71171875 0.01875 0.0125
2 0.3265625 0.72421875 0.01875 0.0140625
2 0.34609375 0.72890625 0.01875 0.0140625
2 0.32734375 0.7375 0.0203125 0.015625
2 0.34765625 0.7421875 0.01875 0.0125
2 0.33203125 0.7515625 0.01875 0.015625
2 0.3515625 0.75546875 0.01875 0.0125
2 0.340625 0.765625 0.0171875 0.0140625
2 0.3359375 0.78046875 0.01875 0.0140625
2 0.35546875 0.7765625 0.01875 0.015625
2 0.3484375 0.7890625 0.015625 0.0125
2 0.36484375 0.7921875 0.021875 0.0171875
2 0.384375 0.8140625 0.0171875 0.015625
2 0.371875 0.8265625 0.0203125 0.015625