0 0.50625 0.771875 0.025 0.015625
0 0.52265625 0.7578125 0.0234375 0.0171875
0 0.48359375 0.76328125 0.028125 0.01875
0 0.503125 0.75546875 0.0234375 0.015625
0 0.5359375 0.7453125 0.0234375 0.015625
0 0.5265625 0.73125 0.0234375 0.0125
0 0.51796875 0.74296875 0.0203125 0.01875
0 0.49921875 0.73671875 0.021875 0.015625
0 0.49375 0.7453125 0.0203125 0.015625
0 0.4796875 0.7484375 0.025 0.0171875
0 0.47734375 0.73359375 0.028125 0.0171875
0 0.4875 0.71953125 0.0234375 0.0140625
0 0.509375 0.72734375 0.0234375 0.0140625
0 0.5375 0.72265625 0.025 0.0171875
0 0.52265625 0.71484375 0.021875 0.015625
0 0.50234375 0.7109375 0.0234375 0.015625
0 0.484375 0.70390625 0.025 0.015625
0 0.46875 0.7140625 0.025 0.01875
0 0.45234375 0.70703125 0.021875 0.015625
0 0.465625 0.6953125 0.021875 0.015625
0 0.44921875 0.68984375 0.021875 0.015625
0 0.50078125 0.69453125 0.0234375 0.0171875
0 0.48359375 0.68671875 0.028125 0.0171875
0 0.53984375 0.7046875 0.021875 0.01875
0 0.51875 0.69921875 0.0203125 0.015625
0 0.534375 0.6875 0.025 0.015625
0 0.5125 0.684375 0.021875 0.0171875
0 0.44609375 0.35234375 0.025 0.015625
0 0.459375 0.3609375 0.021875 0.01875
0 0.4265625 0.36015625 0.0265625 0.01875
0 0.4421875 0.3703125 0.021875 0.015625
0 0.4234375 0.378125 0.0234375 0.01875
0 0.45625 0.37890625 0.025 0.01875
0 0.4390625 0.3890625 0.0234375 0.01875
0 0.47734375 0.3875 0.025 0.01875
0 0.4578125 0.3953125 0.021875 0.015625
0 0.4765625 0.40390625 0.0234375 0.0171875
0 0.459375 0.41171875 0.0234375 0.015625
0 0.44140625 0.403125 0.021875 0.015625
0 0.421875 0.3984375 0.021875 0.01875
0 0.4984375 0.41015625 0.021875 0.0171875
0 0.4796875 0.41796875 0.021875 0.0171875
0 0.4984375 0.425 0.0234375 0.015625
0 0.4984375 0.43984375 0.0234375 0.0171875
0 0.49921875 0.45390625 0.025 0.015625
0 0.49921875 0.4703125 0.01875 0.021875
0 0.4796875 0.43046875 0.021875 0.0203125
0 0.48046875 0.44921875 0.021875 0.01875
0 0.48125 0.465625 0.021875 0.01875
0 0.46171875 0.4265625 0.025 0.01875
0 0.4625 0.4421875 0.021875 0.0171875
0 0.46328125 0.45703125 0.0234375 0.01875
0 0.44375 0.4203125 0.021875 0.015625
0 0.44609375 0.43359375 0.025 0.01875
0 0.44609375 0.45 0.021875 0.01875
0 0.44765625 0.465625 0.021875 0.01875
0 0.42265625 0.41484375 0.021875 0.01875
0 0.42421875 0.4296875 0.025 0.0171875
0 0.425 0.4453125 0.021875 0.015625
0 0.425 0.45859375 0.025 0.01875
0 0.42734375 0.47421875 0.0265625 0.01875
0 0.51796875 0.4796875 0.021875 0.01875
0 0.5171875 0.4953125 0.025 0.015625
0 0.496875 0.484375 0.0203125 0.015625
0 0.48125 0.4796875 0.0203125 0.0171875
0 0.4609375 0.48515625 0.025 0.01875
0 0.46328125 0.46953125 0.0234375 0.015625
0 0.44609375 0.48046875 0.0203125 0.0171875
0 0.428125 0.4875 0.0234375 0.01875
0 0.4625 0.50234375 0.021875 0.0171875
0 0.48203125 0.50625 0.025 0.01875
0 0.48125 0.49375 0.021875 0.015625
0 0.5 0.50234375 0.021875 0.015625
0 0.446875 0.496875 0.021875 0.0171875
0 0.4265625 0.5046875 0.025 0.01875
0 0.44765625 0.51171875 0.021875 0.015625
0 0.42890625 0.52109375 0.025 0.01875
0 0.50546875 0.515625 0.025 0.0171875
0 0.4859375 0.52421875 0.021875 0.015625
0 0.46484375 0.51796875 0.021875 0.0171875
0 0.46640625 0.5328125 0.021875 0.015625
0 0.45078125 0.5265625 0.0234375 0.015625
0 0.50546875 0.53046875 0.0234375 0.01875
0 0.48828125 0.53828125 0.021875 0.015625
0 0.50703125 0.54609375 0.01875 0.015625
0 0.43125 0.5359375 0.021875 0.015625
0 0.453125 0.540625 0.021875 0.015625
0 0.4890625 0.553125 0.021875 0.015625
0 0.4703125 0.546875 0.021875 0.0171875
0 0.45234375 0.55546875 0.021875 0.0171875
0 0.4328125 0.55078125 0.025 0.015625
0 0.50859375 0.56015625 0.0234375 0.015625
0 0.4890625 0.5671875 0.021875 0.0171875
0 0.47109375 0.56171875 0.021875 0.0171875
0 0.45234375 0.57109375 0.0234375 0.015625
0 0.43359375 0.56484375 0.0203125 0.015625
0 0.47265625 0.5765625 0.021875 0.015625
0 0.5109375 0.57421875 0.025 0.015625
0 0.4921875 0.5828125 0.021875 0.015625
0 0.4546875 0.58515625 0.0203125 0.0140625
0 0.43515625 0.57890625 0.0234375 0.015625
0 0.43671875 0.59453125 0.0234375 0.015625
0 0.47421875 0.590625 0.021875 0.015625
0 0.5109375 0.5890625 0.025 0.01875
0 0.49296875 0.59765625 0.021875 0.0171875
0 0.475 0.60546875 0.01875 0.015625
0 0.45625 0.59921875 0.01875 0.015625
0 0.5125 0.6046875 0.025 0.01875
0 0.49453125 0.6109375 0.01875 0.015625
0 0.45859375 0.61484375 0.01875 0.01875
0 0.43984375 0.609375 0.021875 0.01875
0 0.47890625 0.62265625 0.021875 0.015625
0 0.51328125 0.61953125 0.021875 0.015625
0 0.49453125 0.6265625 0.01875 0.015625
0 0.52734375 0.6265625 0.03125 0.01875
0 0.51328125 0.63671875 0.01875 0.015625
0 0.496875 0.64453125 0.021875 0.0171875
0 0.4796875 0.63671875 0.0234375 0.01875
0 0.459375 0.628125 0.021875 0.015625
0 0.440625 0.62421875 0.021875 0.0171875
0 0.44375 0.63984375 0.025 0.015625
0 0.4609375 0.64609375 0.0203125 0.0140625
0 0.5328125 0.64375 0.0234375 0.0171875
0 0.51328125 0.65078125 0.021875 0.015625
0 0.49609375 0.6609375 0.0234375 0.015625
0 0.4796875 0.65078125 0.021875 0.0171875
0 0.46328125 0.66015625 0.0234375 0.015625
0 0.44296875 0.65546875 0.025 0.0171875
0 0.446875 0.67109375 0.025 0.015625
0 0.46328125 0.67734375 0.0234375 0.015625
0 0.48046875 0.66953125 0.025 0.01875
0 0.51484375 0.66875 0.0203125 0.015625
0 0.496875 0.67578125 0.0234375 0.015625
0 0.53046875 0.66015625 0.021875 0.0171875
0 0.53203125 0.67578125 0.021875 0.015625
2 0.3796875 0.27265625 0.025 0.0203125
2 0.40546875 0.27421875 0.025 0.021875
2 0.425 0.275 0.025 0.0203125
2 0.44609375 0.27890625 0.028125 0.0203125
2 0.46484375 0.28671875 0.025 0.01875
2 0.4875 0.2953125 0.025 0.0203125
2 0.46640625 0.303125 0.021875 0.01875
2 0.4484375 0.29765625 0.0234375 0.01875
2 0.43046875 0.2921875 0.021875 0.01875
2 0.4109375 0.28984375 0.025 0.01875
2 0.38671875 0.28828125 0.025 0.01875
2 0.39453125 0.30234375 0.025 0.01875
2 0.4171875 0.3046875 0.025 0.015625
2 0.43515625 0.3078125 0.021875 0.015625
2 0.453125 0.31328125 0.0234375 0.01875
2 0.48515625 0.31171875 0.028125 0.0171875
2 0.46796875 0.32109375 0.025 0.01875
2 0.45625 0.33203125 0.021875 0.01875
2 0.4390625 0.32421875 0.021875 0.015625
2 0.4203125 0.31875 0.021875 0.01875
2 0.39921875 0.3171875 0.025 0.01875
2 0.4078125 0.33125 0.028125 0.015625
2 0.42421875 0.334375 0.025 0.01875
2 0.40859375 0.34609375 0.0234375 0.015625
2 0.440625 0.34140625 0.021875 0.015625
2 0.4875 0.33203125 0.025 0.021875
2 0.471875 0.34140625 0.021875 0.01875
2 0.50234375 0.34140625 0.025 0.01875
2 0.48671875 0.35234375 0.028125 0.015625
2 0.50625 0.35859375 0.025 0.01875
2 0.48984375 0.365625 0.025 0.01875
2 0.509375 0.3734375 0.025 0.015625
2 0.49296875 0.38359375 0.01875 0.015625
2 0.51171875 0.39140625 0.0234375 0.01875
2 0.409375 0.36171875 0.021875 0.01875
2 0.40703125 0.3796875 0.021875 0.0203125
2 0.515625 0.4078125 0.01875 0.015625
2 0.53359375 0.41640625 0.0265625 0.0203125
2 0.5140625 0.42265625 0.021875 0.01875
2 0.53125 0.4328125 0.025 0.01875
2 0.51484375 0.4390625 0.0203125 0.015625
2 0.40703125 0.396875 0.0203125 0.0203125
2 0.40703125 0.4140625 0.0203125 0.01875
2 0.40859375 0.4296875 0.0234375 0.021875
2 0.409375 0.4453125 0.021875 0.01875
2 0.40859375 0.46015625 0.0203125 0.01875
2 0.41171875 0.47421875 0.021875 0.01875
2 0.53125 0.4484375 0.0234375 0.01875
2 0.52890625 0.4625 0.021875 0.015625
2 0.53671875 0.4765625 0.021875 0.0171875
2 0.53828125 0.4921875 0.0203125 0.01875
2 0.41171875 0.49140625 0.0203125 0.0171875
2 0.5375 0.5078125 0.021875 0.01875
2 0.41015625 0.50703125 0.01875 0.01875
2 0.5203125 0.5125 0.0203125 0.01875
2 0.5359375 0.52265625 0.025 0.01875
2 0.53984375 0.5375 0.0234375 0.01875
2 0.41171875 0.521875 0.021875 0.015625
2 0.41171875 0.5375 0.021875 0.01875
2 0.52265625 0.53828125 0.021875 0.01875
2 0.540625 0.55234375 0.021875 0.0171875
2 0.41171875 0.55234375 0.025 0.0203125
2 0.41328125 0.56796875 0.028125 0.01875
2 0.54453125 0.56796875 0.025 0.01875
2 0.53984375 0.58203125 0.021875 0.01875
2 0.41328125 0.584375 0.0234375 0.01875
2 0.54375 0.59609375 0.025 0.01875
2 0.415625 0.6 0.025 0.01875
2 0.41796875 0.6140625 0.025 0.015625
2 0.546875 0.6125 0.025 0.0203125
2 0.54921875 0.628125 0.021875 0.01875
2 0.41953125 0.6296875 0.025 0.0203125
2 0.42109375 0.64609375 0.025 0.01875
2 0.421875 0.66171875 0.028125 0.01875
2 0.4234375 0.678125 0.0265625 0.01875
2 0.428125 0.69296875 0.028125 0.0203125
2 0.4328125 0.71015625 0.028125 0.021875
2 0.55 0.64296875 0.021875 0.015625
2 0.55234375 0.6578125 0.025 0.01875
2 0.55234375 0.675 0.025 0.01875
2 0.55546875 0.690625 0.028125 0.01875
2 0.559375 0.7046875 0.025 0.015625
2 0.5625 0.71796875 0.028125 0.0171875
2 0.56484375 0.73359375 0.0265625 0.01875
2 0.4515625 0.71953125 0.021875 0.015625
2 0.45234375 0.7328125 0.025 0.015625
2 0.4546875 0.74765625 0.025 0.01875
2 0.55703125 0.7578125 0.025 0.01875
2 0.45625 0.7625 0.025 0.0171875
2 0.45859375 0.77890625 0.028125 0.01875
2 0.4796875 0.784375 0.0265625 0.01875
2 0.4890625 0.79765625 0.028125 0.021875
2 0.50703125 0.7875 0.025 0.01875
2 0.5234375 0.778125 0.028125 0.01875
2 0.5390625 0.7703125 0.025 0.01875