2 0.43359375 0.50078125 0.03828125 0.028125
2 0.43046875 0.52421875 0.0390625 0.028125
2 0.4625 0.51484375 0.03671875 0.02578125
2 0.41015625 0.54140625 0.04296875 0.028125
2 0.40546875 0.5640625 0.0421875 0.03046875
2 0.390625 0.58515625 0.04140625 0.02734375
2 0.38515625 0.60859375 0.04140625 0.0296875
2 0.40390625 0.6515625 0.040625 0.02890625
2 0.40234375 0.67734375 0.03984375 0.02890625
2 0.41015625 0.70859375 0.0421875 0.034375
2 0.44765625 0.7140625 0.04140625 0.03203125
2 0.48125 0.71015625 0.04375 0.03203125
2 0.5125 0.69765625 0.04296875 0.0328125
2 0.50859375 0.675 0.0390625 0.03125
2 0.54453125 0.67578125 0.040625 0.03125
2 0.54453125 0.65 0.03984375 0.03359375
2 0.55390625 0.6265625 0.03671875 0.02578125
2 0.596875 0.59765625 0.03671875 0.02890625
2 0.61171875 0.575 0.0375 0.028125
2 0.6140625 0.55 0.03671875 0.0265625
2 0.5859375 0.53515625 0.04375 0.02578125
2 0.55859375 0.5171875 0.03828125 0.02578125
2 0.521875 0.52421875 0.040625 0.02734375
2 0.49296875 0.52890625 0.040625 0.0265625
0 0.44921875 0.54453125 0.0390625 0.02578125
0 0.4515625 0.575 0.03671875 0.02734375
0 0.4859375 0.5671875 0.03671875 0.025
0 0.5125 0.559375 0.03515625 0.02578125
0 0.54453125 0.55 0.03515625 0.025
0 0.54453125 0.5734375 0.03203125 0.02734375
0 0.575 0.56875 0.03671875 0.028125
0 0.51328125 0.58125 0.03203125 0.02265625
0 0.5453125 0.5984375 0.03515625 0.02421875
0 0.5078125 0.60390625 0.03984375 0.02890625
0 0.48125 0.5890625 0.0359375 0.02421875
0 0.44140625 0.603125 0.03671875 0.02734375
0 0.46875 0.61015625 0.03671875 0.0265625
0 0.42734375 0.62265625 0.03515625 0.028125
0 0.45625 0.63515625 0.03515625 0.0265625
0 0.5 0.628125 0.040625 0.02578125
0 0.48515625 0.65 0.03671875 0.028125
0 0.43828125 0.6515625 0.0390625 0.028125
0 0.453125 0.67109375 0.03828125 0.03125