2 0.3453125 0.63515625 0.03046875 0.021875
2 0.340625 0.59609375 0.02734375 0.02265625
2 0.50859375 0.45234375 0.02734375 0.0203125
2 0.4625 0.46328125 0.025 0.02109375
2 0.53203125 0.465625 0.0265625 0.01875
2 0.3921875 0.47578125 0.0265625 0.02109375
2 0.38359375 0.49296875 0.02421875 0.01796875
2 0.36328125 0.4859375 0.0265625 0.0203125
2 0.3625 0.50390625 0.0296875 0.0203125
2 0.35859375 0.521875 0.0265625 0.02109375
2 0.37734375 0.5421875 0.02109375 0.01953125
2 0.4015625 0.57265625 0.021875 0.0203125
2 0.4203125 0.5890625 0.021875 0.015625
2 0.4671875 0.63125 0.025 0.0171875
2 0.47578125 0.6171875 0.0265625 0.01953125
0 0.4390625 0.61015625 0.025 0.01875
2 0.4546875 0.61875 0.0203125 0.0171875
2 0.53203125 0.61171875 0.02421875 0.0171875
2 0.66953125 0.57578125 0.025 0.01875
2 0.6921875 0.57734375 0.0296875 0.02265625
2 0.71796875 0.58515625 0.03046875 0.01796875
2 0.7296875 0.57109375 0.028125 0.01875
2 0.70859375 0.55625 0.0265625 0.0171875
2 0.73984375 0.53203125 0.0265625 0.02109375
2 0.71796875 0.52265625 0.028125 0.0203125
2 0.70078125 0.51328125 0.0265625 0.0171875
2 0.6859375 0.5 0.028125 0.01796875
2 0.66796875 0.48671875 0.02734375 0.01875
2 0.64453125 0.48671875 0.03359375 0.0203125
2 0.61953125 0.49140625 0.02578125 0.01953125
2 0.6390625 0.5078125 0.02734375 0.01875
2 0.65859375 0.503125 0.0265625 0.015625
2 0.61328125 0.5125 0.0265625 0.0203125
0 0.62734375 0.52890625 0.02265625 0.021875
0 0.6640625 0.515625 0.02734375 0.01796875
0 0.6609375 0.53125 0.0265625 0.01875
0 0.68203125 0.52890625 0.02734375 0.02109375
0 0.70859375 0.5375 0.0296875 0.01953125
2 0.73203125 0.55078125 0.02734375 0.021875
2 0.6578125 0.5546875 0.0296875 0.02421875
2 0.684375 0.5625 0.025 0.0171875
2 0.6828125 0.5453125 0.02578125 0.01875
2 0.63984375 0.54453125 0.02578125 0.0171875
0 0.603125 0.5296875 0.0265625 0.0203125
0 0.5921875 0.5125 0.02734375 0.01875
0 0.56953125 0.5109375 0.0265625 0.01796875
0 0.54609375 0.5125 0.02578125 0.01796875
0 0.5859375 0.5328125 0.025 0.015625
0 0.49296875 0.6125 0.02109375 0.01875
0 0.50859375 0.6 0.021875 0.01484375
0 0.5265625 0.5859375 0.0265625 0.0171875
0 0.5515625 0.59375 0.025 0.01796875
0 0.55390625 0.55703125 0.028125 0.01640625
0 0.55390625 0.57421875 0.03125 0.02109375
1 0.5828125 0.55859375 0.0265625 0.0171875
1 0.5765625 0.54375 0.02265625 0.01953125
1 0.50390625 0.5390625 0.02578125 0.01796875
1 0.515625 0.55390625 0.02734375 0.01875
1 0.47578125 0.55703125 0.02890625 0.01796875
1 0.53203125 0.5421875 0.025 0.01640625
1 0.55234375 0.53828125 0.0265625 0.01953125
1 0.5375 0.52421875 0.021875 0.01875
1 0.51796875 0.525 0.02265625 0.01875
1 0.46015625 0.5140625 0.0234375 0.01796875
1 0.4375 0.51015625 0.02421875 0.01796875
1 0.453125 0.5296875 0.0265625 0.01796875
1 0.4828125 0.51015625 0.0234375 0.01953125
1 0.50390625 0.509375 0.0265625 0.01796875
1 0.47578125 0.5265625 0.0234375 0.01796875
1 0.49609375 0.5234375 0.02578125 0.01875
1 0.45546875 0.5484375 0.0234375 0.01875
1 0.47578125 0.5421875 0.02265625 0.0171875
1 0.4515625 0.565625 0.0265625 0.01796875
1 0.46328125 0.57734375 0.02890625 0.01796875
1 0.4875 0.57890625 0.0234375 0.01484375
0 0.50859375 0.57421875 0.0234375 0.01640625
0 0.49296875 0.56171875 0.021875 0.0171875
0 0.5328125 0.56875 0.02421875 0.01640625
0 0.434375 0.5765625 0.02734375 0.0140625
0 0.4453125 0.5921875 0.0234375 0.0203125
0 0.46328125 0.603125 0.0265625 0.01484375
0 0.4125 0.5625 0.025 0.01796875
0 0.421875 0.54609375 0.025 0.01875
0 0.4 0.540625 0.0265625 0.0171875
0 0.38359375 0.51953125 0.03046875 0.01953125
0 0.40390625 0.5265625 0.02265625 0.01796875
0 0.4015625 0.509375 0.025 0.01953125
0 0.4234375 0.53046875 0.02421875 0.0171875
0 0.42421875 0.49609375 0.02421875 0.01953125
0 0.47890625 0.4890625 0.0296875 0.0171875
0 0.46328125 0.496875 0.02578125 0.01796875
0 0.50078125 0.46953125 0.02578125 0.01875
0 0.5109375 0.4828125 0.0265625 0.01875
0 0.52578125 0.50078125 0.025 0.02109375
2 0.59140625 0.4921875 0.028125 0.01796875
2 0.546875 0.49609375 0.02109375 0.01796875
2 0.6 0.546875 0.0234375 0.01953125
2 0.58046875 0.5734375 0.02109375 0.0140625
2 0.45234375 0.48046875 0.02265625 0.0203125
2 0.5296875 0.4828125 0.021875 0.01640625
2 0.41171875 0.4828125 0.02421875 0.0171875