2 0.51484375 0.640625 0.0125 0.015625
2 0.534375 0.58046875 0.0125 0.01875
2 0.553125 0.6046875 0.0125 0.0171875
2 0.525 0.6265625 0.0109375 0.015625
2 0.51796875 0.61796875 0.0125 0.0140625
2 0.5265625 0.6453125 0.0125 0.015625
2 0.53515625 0.6359375 0.0125 0.015625
2 0.53515625 0.621875 0.0125 0.015625
2 0.52734375 0.60859375 0.0125 0.015625
2 0.52734375 0.59375 0.0125 0.015625
2 0.5390625 0.60546875 0.0125 0.01875
2 0.54765625 0.61875 0.0125 0.015625
2 0.54765625 0.63359375 0.0125 0.015625
2 0.56015625 0.61875 0.0140625 0.01875
2 0.56328125 0.60390625 0.0125 0.01875
2 0.57109375 0.62109375 0.0125 0.0171875
2 0.55625 0.590625 0.0125 0.015625
2 0.54453125 0.59375 0.0125 0.015625
2 0.546875 0.57890625 0.0125 0.015625
2 0.53671875 0.565625 0.0125 0.015625
2 0.528125 0.55703125 0.0125 0.015625
2 0.53828125 0.55 0.0140625 0.01875
2 0.546875 0.56171875 0.009375 0.0171875
2 0.55625 0.57265625 0.0125 0.0171875
2 0.55625 0.55625 0.0125 0.0171875
2 0.5484375 0.5453125 0.0125 0.0171875
2 0.56015625 0.5390625 0.0125 0.015625
2 0.56875 0.55078125 0.0140625 0.0171875
2 0.56640625 0.56484375 0.0125 0.015625
2 0.565625 0.58046875 0.009375 0.015625
2 0.575 0.58828125 0.0125 0.015625
2 0.575 0.60390625 0.0125 0.015625
2 0.5828125 0.61796875 0.0140625 0.01875
2 0.58515625 0.60234375 0.0125 0.015625
2 0.5875 0.58515625 0.015625 0.015625
2 0.57734375 0.575 0.0125 0.015625
2 0.57890625 0.559375 0.0125 0.015625
2 0.58046875 0.54609375 0.0125 0.015625
2 0.58984375 0.571875 0.0125 0.01875
2 0.590625 0.55546875 0.0140625 0.0171875
2 0.59921875 0.5828125 0.0125 0.015625
2 0.596875 0.59765625 0.0125 0.0171875
2 0.59609375 0.6125 0.0125 0.0171875
2 0.609375 0.596875 0.015625 0.021875
2 0.6109375 0.57890625 0.015625 0.01875
2 0.6015625 0.56640625 0.0140625 0.01875