0 0.4140625 0.74921875 0.0359375 0.046875
0 0.43203125 0.7203125 0.0375 0.046875
0 0.44140625 0.68046875 0.040625 0.046875
0 0.45703125 0.64609375 0.0375 0.0484375
0 0.42578125 0.63984375 0.034375 0.05
0 0.4140625 0.6890625 0.034375 0.0484375
0 0.39453125 0.71484375 0.0375 0.046875
0 0.378125 0.6828125 0.03125 0.0421875
0 0.4015625 0.65390625 0.03125 0.04375
0 0.44765625 0.6078125 0.03125 0.04375
0 0.42109375 0.5984375 0.034375 0.046875
0 0.440625 0.56796875 0.040625 0.046875
0 0.41015625 0.55546875 0.0375 0.05
0 0.42890625 0.5296875 0.034375 0.04375
0 0.38671875 0.56640625 0.0375 0.046875
0 0.396875 0.61328125 0.03125 0.0484375
0 0.375 0.640625 0.034375 0.05
0 0.36953125 0.5984375 0.0359375 0.046875
0 0.35234375 0.6671875 0.028125 0.046875
0 0.35234375 0.70703125 0.034375 0.046875
0 0.3640625 0.74375 0.0359375 0.046875
0 0.3359375 0.74765625 0.03125 0.05625
0 0.3109375 0.72421875 0.0359375 0.046875
0 0.3234375 0.68984375 0.03125 0.04375
0 0.325 0.6515625 0.034375 0.04375
0 0.34296875 0.61953125 0.0390625 0.046875
0 0.378125 0.5296875 0.03125 0.046875
0 0.40546875 0.5125 0.034375 0.040625
0 0.4015625 0.47109375 0.0328125 0.046875
0 0.37578125 0.48984375 0.03125 0.046875
0 0.35078125 0.5140625 0.03125 0.0515625
0 0.32265625 0.49765625 0.034375 0.04375
0 0.32421875 0.5359375 0.034375 0.05
0 0.30390625 0.56640625 0.0375 0.05
0 0.29609375 0.5265625 0.034375 0.046875
2 0.51953125 0.7828125 0.0375 0.05625
2 0.49765625 0.81171875 0.0375 0.05
2 0.4890625 0.76953125 0.03125 0.040625
2 0.46640625 0.79765625 0.0375 0.046875
2 0.4625 0.7578125 0.034375 0.04375
2 0.51484375 0.74140625 0.0359375 0.04375
2 0.53828125 0.72578125 0.03125 0.04375
2 0.5125 0.69921875 0.03125 0.04375
2 0.53046875 0.675 0.0375 0.05
2 0.484375 0.6859375 0.03125 0.04375
2 0.4890625 0.73359375 0.028125 0.046875
2 0.46328125 0.71953125 0.0328125 0.04375
2 0.4375 0.79375 0.03125 0.04375
2 0.4078125 0.7796875 0.034375 0.0421875
2 0.38046875 0.76171875 0.0296875 0.040625
2 0.375 0.80546875 0.0296875 0.040625
2 0.35390625 0.7796875 0.0375 0.0484375
2 0.33046875 0.79921875 0.040625 0.046875
2 0.296875 0.79921875 0.0375 0.0484375
2 0.303125 0.7609375 0.034375 0.040625
2 0.275 0.7640625 0.034375 0.04375
2 0.2671875 0.72109375 0.040625 0.0546875
2 0.28671875 0.684375 0.0328125 0.040625
2 0.27734375 0.65 0.03125 0.046875
2 0.296875 0.625 0.034375 0.04375
2 0.28515625 0.58515625 0.0296875 0.04375
2 0.278125 0.54296875 0.034375 0.04375
2 0.25859375 0.50390625 0.03125 0.040625
2 0.25234375 0.46015625 0.040625 0.046875
2 0.28203125 0.45625 0.040625 0.05
2 0.309375 0.43203125 0.0375 0.046875
2 0.3375 0.44375 0.0375 0.04375
2 0.3328125 0.40390625 0.040625 0.04375
2 0.36484375 0.440625 0.0390625 0.04375
2 0.3609375 0.3953125 0.0375 0.046875
2 0.38828125 0.41171875 0.03125 0.046875
2 0.41640625 0.421875 0.0359375 0.046875
2 0.4515625 0.46328125 0.0328125 0.04375
2 0.46171875 0.49765625 0.0359375 0.040625
2 0.42265625 0.45625 0.034375 0.040625
2 0.42734375 0.48671875 0.034375 0.0375
2 0.46953125 0.5375 0.034375 0.046875
2 0.49921875 0.5484375 0.034375 0.046875
2 0.52109375 0.6296875 0.0375 0.046875
2 0.51015625 0.59140625 0.03125 0.040625
2 0.49140625 0.61796875 0.03125 0.04375
2 0.4796875 0.5796875 0.0328125 0.04375
2 0.50234375 0.6609375 0.034375 0.046875
2 0.3453125 0.5875 0.03125 0.0359375