2 0.440625 0.59765625 0.0265625 0.028125
2 0.275 0.6140625 0.03125 0.0234375
2 0.3328125 0.60234375 0.03125 0.021875
2 0.5125 0.6078125 0.0296875 0.025
2 0.4125 0.603125 0.0296875 0.021875
2 0.35625 0.6125 0.03125 0.0234375
2 0.3875 0.61015625 0.0296875 0.021875
2 0.3078125 0.61171875 0.0296875 0.0234375
2 0.4578125 0.615625 0.0296875 0.0234375
2 0.28046875 0.65234375 0.03125 0.025
2 0.45859375 0.67890625 0.028125 0.021875
2 0.25859375 0.6375 0.03125 0.025
2 0.22734375 0.63671875 0.028125 0.021875
2 0.4796875 0.634375 0.03125 0.0234375
2 0.49453125 0.65546875 0.0296875 0.0234375
2 0.309375 0.6453125 0.0296875 0.021875
2 0.3484375 0.63515625 0.03125 0.0234375
2 0.2953125 0.6296875 0.03125 0.0234375
2 0.4671875 0.65703125 0.03125 0.025
2 0.44921875 0.63671875 0.03125 0.025
2 0.471875 0.69375 0.03125 0.021875
2 0.3234375 0.62578125 0.03125 0.021875
2 0.4125 0.66484375 0.03125 0.025
2 0.3921875 0.64765625 0.0296875 0.0234375
2 0.3625 0.65 0.03125 0.021875
2 0.503125 0.6296875 0.028125 0.021875
2 0.42265625 0.64140625 0.03125 0.025
2 0.4328125 0.678125 0.03125 0.0234375
2 0.38359375 0.67421875 0.028125 0.0234375
2 0.4078125 0.62578125 0.0296875 0.025
2 0.440625 0.6578125 0.0296875 0.021875
2 0.434375 0.61953125 0.028125 0.021875