0 0.36640625 0.71484375 0.021875 0.028125
0 0.38125 0.70625 0.021875 0.025
0 0.3828125 0.68203125 0.021875 0.0234375
0 0.3921875 0.66171875 0.021875 0.03125
0 0.37421875 0.66328125 0.0203125 0.028125
0 0.37109375 0.6390625 0.021875 0.028125
0 0.36171875 0.675 0.01875 0.0265625
0 0.35390625 0.653125 0.021875 0.0328125
0 0.33515625 0.6625 0.0203125 0.03125
2 0.39375 0.7671875 0.021875 0.0296875
2 0.40390625 0.7453125 0.021875 0.0265625
2 0.41328125 0.7234375 0.021875 0.028125
2 0.3953125 0.72421875 0.01875 0.028125
2 0.3828125 0.74140625 0.021875 0.0265625
2 0.37421875 0.76640625 0.0234375 0.03125
2 0.3546875 0.76171875 0.021875 0.025
2 0.3640625 0.73984375 0.0203125 0.025
2 0.3453125 0.7359375 0.021875 0.028125
2 0.3328125 0.7140625 0.021875 0.0265625
2 0.325 0.734375 0.021875 0.025
2 0.309375 0.72890625 0.025 0.0265625
2 0.31953125 0.71171875 0.025 0.025
2 0.296875 0.70859375 0.021875 0.0328125
2 0.31171875 0.690625 0.0234375 0.021875
2 0.30859375 0.665625 0.021875 0.0296875
2 0.33046875 0.68671875 0.0234375 0.028125
2 0.35078125 0.6984375 0.021875 0.025
2 0.40703125 0.696875 0.021875 0.025
2 0.4140625 0.6734375 0.0234375 0.03125
2 0.4171875 0.65078125 0.025 0.028125
2 0.4125 0.62734375 0.0234375 0.025
2 0.3921875 0.634375 0.021875 0.0265625
2 0.3984375 0.6140625 0.0234375 0.0265625
2 0.4078125 0.5921875 0.021875 0.0265625
2 0.37734375 0.61328125 0.021875 0.03125
2 0.390625 0.58828125 0.021875 0.028125
2 0.36875 0.59375 0.021875 0.0296875
2 0.3578125 0.61328125 0.0203125 0.028125
2 0.3328125 0.6265625 0.021875 0.034375
2 0.32109375 0.64453125 0.021875 0.028125
2 0.34140625 0.60234375 0.01875 0.03125
2 0.44140625 0.54765625 0.025 0.034375
2 0.35546875 0.51328125 0.028125 0.034375
2 0.3109375 0.5484375 0.0234375 0.034375
2 0.23671875 0.3734375 0.021875 0.034375