0 0.44765625 0.66015625 0.040625 0.03125
0 0.48203125 0.6359375 0.0390625 0.028125
2 0.68828125 0.521875 0.040625 0.0375
2 0.64140625 0.55390625 0.0375 0.028125
2 0.6359375 0.5796875 0.03125 0.034375
2 0.6015625 0.56953125 0.04375 0.0265625
2 0.6203125 0.59453125 0.03125 0.0296875
2 0.5828125 0.5921875 0.040625 0.03125
2 0.60234375 0.6125 0.0375 0.028125
2 0.55625 0.59296875 0.034375 0.025
2 0.52734375 0.590625 0.03125 0.021875
2 0.540625 0.61171875 0.03125 0.03125
2 0.56796875 0.61640625 0.0375 0.025
2 0.58828125 0.63046875 0.04375 0.025
2 0.56171875 0.6375 0.034375 0.025
2 0.52890625 0.6328125 0.034375 0.021875
2 0.51640625 0.6109375 0.040625 0.028125
2 0.48984375 0.6078125 0.04375 0.0265625
2 0.52578125 0.65390625 0.03125 0.03125
2 0.5546875 0.66328125 0.04375 0.03125
2 0.49765625 0.6546875 0.034375 0.028125
2 0.509375 0.6734375 0.034375 0.03125
2 0.47578125 0.66640625 0.0390625 0.028125
2 0.47109375 0.684375 0.04375 0.025
2 0.5078125 0.72421875 0.034375 0.028125
2 0.53203125 0.7234375 0.03125 0.0265625
2 0.5515625 0.73828125 0.0375 0.0296875
2 0.621875 0.75703125 0.040625 0.028125
2 0.6328125 0.74140625 0.0375 0.028125