1 0.60625 0.65390625 0.028125 0.025
1 0.61875 0.68046875 0.03125 0.0234375
1 0.54765625 0.5328125 0.0296875 0.0234375
0 0.525 0.51015625 0.03125 0.028125
0 0.5671875 0.51171875 0.03125 0.021875
0 0.590625 0.52265625 0.028125 0.025
0 0.6515625 0.53828125 0.034375 0.025
0 0.596875 0.54609375 0.028125 0.0234375
0 0.5703125 0.5453125 0.0296875 0.0203125
0 0.584375 0.5625 0.0328125 0.021875
0 0.61484375 0.57109375 0.0328125 0.0234375
0 0.60078125 0.58203125 0.028125 0.0234375
0 0.58671875 0.59921875 0.025 0.021875
0 0.56171875 0.5953125 0.03125 0.025
0 0.575 0.58046875 0.028125 0.021875
0 0.55234375 0.5765625 0.03125 0.01875
0 0.53984375 0.58984375 0.0328125 0.021875
0 0.55625 0.559375 0.034375 0.0234375
0 0.60859375 0.6046875 0.03125 0.021875
0 0.6 0.621875 0.03125 0.0234375
0 0.58359375 0.63671875 0.0296875 0.0234375
0 0.6328125 0.62109375 0.034375 0.025
0 0.61484375 0.63359375 0.03125 0.021875
0 0.64765625 0.6375 0.0328125 0.021875
0 0.653125 0.65703125 0.0328125 0.025
0 0.62734375 0.65 0.025 0.0234375
0 0.63203125 0.66953125 0.0296875 0.025
0 0.66171875 0.67890625 0.034375 0.021875
0 0.64296875 0.69375 0.03125 0.025
0 0.58359375 0.66796875 0.0296875 0.028125
2 0.7015625 0.678125 0.03125 0.03125
2 0.68671875 0.69140625 0.0296875 0.0234375
2 0.68828125 0.71015625 0.03125 0.0234375
2 0.665625 0.71015625 0.034375 0.025
2 0.67265625 0.728125 0.03125 0.025
2 0.678125 0.74609375 0.034375 0.0234375
2 0.65234375 0.74140625 0.034375 0.0265625
2 0.640625 0.725 0.03125 0.0234375
2 0.6875 0.6515625 0.034375 0.028125
2 0.6796875 0.62890625 0.034375 0.025
2 0.6703125 0.61328125 0.0375 0.028125
2 0.6640625 0.59453125 0.040625 0.025
2 0.66328125 0.575 0.034375 0.0265625
2 0.69609375 0.571875 0.03125 0.025
2 0.715625 0.56015625 0.034375 0.028125
2 0.70234375 0.54453125 0.0328125 0.025
2 0.68046875 0.55859375 0.034375 0.0234375
2 0.66953125 0.54375 0.028125 0.028125
2 0.64296875 0.565625 0.025 0.021875
2 0.6359375 0.5859375 0.03125 0.0234375
2 0.5609375 0.63671875 0.0296875 0.0234375
2 0.55703125 0.65703125 0.0359375 0.025
2 0.559375 0.6109375 0.03125 0.025
2 0.53515625 0.60859375 0.034375 0.0265625
2 0.509375 0.6046875 0.03125 0.028125
2 0.51875 0.578125 0.03125 0.0234375
2 0.5359375 0.56171875 0.034375 0.021875
2 0.446875 0.53203125 0.034375 0.0265625
2 0.490625 0.5234375 0.0375 0.025
2 0.55 0.4828125 0.034375 0.025
2 0.59609375 0.5015625 0.034375 0.028125
2 0.5703125 0.49453125 0.03125 0.021875
2 0.62265625 0.51015625 0.028125 0.021875
2 0.628125 0.52734375 0.03125 0.0234375
2 0.61171875 0.53984375 0.0328125 0.01875
2 0.64921875 0.50546875 0.03125 0.025
2 0.665625 0.5203125 0.0359375 0.025
2 0.6796875 0.50546875 0.034375 0.025
2 0.6890625 0.528125 0.0375 0.0234375