2 0.5421875 0.41171875 0.01875 0.01875
2 0.55546875 0.40078125 0.015625 0.01875
2 0.47421875 0.2890625 0.0125 0.015625
2 0.5890625 0.48203125 0.015625 0.0203125
2 0.33203125 0.3734375 0.015625 0.01875
2 0.3734375 0.38671875 0.015625 0.021875
2 0.3578125 0.328125 0.0140625 0.01875
2 0.33359375 0.2984375 0.0140625 0.021875
2 0.3390625 0.28359375 0.009375 0.015625
2 0.34609375 0.296875 0.0109375 0.01875
2 0.35078125 0.31171875 0.0125 0.015625
2 0.35625 0.29453125 0.0125 0.01875
2 0.36171875 0.3109375 0.0109375 0.01875
2 0.3671875 0.2921875 0.0125 0.0171875
2 0.371875 0.309375 0.0109375 0.015625
2 0.3828125 0.309375 0.0125 0.0171875
2 0.384375 0.28828125 0.0125 0.021875
2 0.39140625 0.30078125 0.0125 0.0171875
2 0.39296875 0.3171875 0.0140625 0.01875
2 0.403125 0.33828125 0.0125 0.0171875
2 0.48125 0.2765625 0.0125 0.015625
2 0.49140625 0.27265625 0.0140625 0.01875
2 0.4953125 0.2546875 0.0125 0.0203125
2 0.50390625 0.26953125 0.0125 0.01875
2 0.5078125 0.25234375 0.0125 0.01875
2 0.5109375 0.2390625 0.0125 0.01875
2 0.5140625 0.26640625 0.0109375 0.015625
2 0.51875 0.2828125 0.0109375 0.0171875
2 0.5171875 0.25078125 0.0109375 0.015625
2 0.52578125 0.26484375 0.0125 0.01875
2 0.5234375 0.234375 0.0125 0.015625
2 0.5296875 0.24921875 0.0125 0.015625
2 0.53671875 0.26484375 0.0125 0.015625
2 0.53046875 0.28046875 0.0125 0.015625
2 0.54140625 0.24765625 0.0125 0.01875
2 0.5484375 0.2640625 0.0109375 0.0171875
2 0.5546875 0.24765625 0.0109375 0.0171875
2 0.56015625 0.2625 0.0125 0.015625
2 0.55546875 0.278125 0.0125 0.015625
2 0.559375 0.23125 0.0125 0.01875
2 0.56484375 0.24609375 0.009375 0.015625
2 0.57578125 0.24375 0.0125 0.015625
2 0.57109375 0.26171875 0.0140625 0.015625
2 0.5671875 0.27578125 0.0125 0.015625
2 0.578125 0.27421875 0.0125 0.01875
2 0.584375 0.25703125 0.0109375 0.01875
2 0.5890625 0.2421875 0.0125 0.015625
2 0.59609375 0.25703125 0.0125 0.015625
2 0.590625 0.2734375 0.0125 0.0140625
2 0.60234375 0.240625 0.015625 0.015625
2 0.60703125 0.25546875 0.0140625 0.0171875
2 0.603125 0.271875 0.0125 0.0171875
2 0.615625 0.26796875 0.0125 0.015625
2 0.61796875 0.24765625 0.0140625 0.0171875
2 0.6265625 0.26015625 0.0140625 0.015625
2 0.6390625 0.25859375 0.0140625 0.0171875
2 0.634375 0.275 0.0125 0.015625
2 0.62890625 0.290625 0.0125 0.0171875
2 0.634375 0.30625 0.015625 0.0171875
2 0.640625 0.29140625 0.0125 0.01875
2 0.64765625 0.275 0.0125 0.01875
2 0.65234375 0.2578125 0.0125 0.0171875
2 0.65859375 0.271875 0.0125 0.0171875
2 0.65078125 0.29140625 0.0125 0.01875
2 0.66328125 0.2890625 0.0125 0.015625
2 0.659375 0.30703125 0.0125 0.01875
2 0.67109375 0.271875 0.0125 0.015625
2 0.6765625 0.290625 0.0125 0.015625
2 0.67109375 0.30546875 0.0125 0.015625
2 0.6828125 0.27265625 0.0125 0.01875
2 0.68984375 0.28671875 0.0125 0.0140625
2 0.684375 0.303125 0.0125 0.0140625
2 0.67890625 0.31796875 0.0140625 0.015625
2 0.690625 0.31328125 0.0125 0.0171875
2 0.69765625 0.29765625 0.0140625 0.0171875
2 0.70234375 0.31484375 0.0140625 0.015625
2 0.71015625 0.30234375 0.0140625 0.01875
2 0.7203125 0.334375 0.0125 0.01875
2 0.73203125 0.33515625 0.0140625 0.01875
2 0.73671875 0.35390625 0.0125 0.01875
2 0.74453125 0.3359375 0.015625 0.01875
2 0.74921875 0.35546875 0.0125 0.01875
2 0.75859375 0.33984375 0.0140625 0.01875
2 0.7625 0.359375 0.0125 0.01875
2 0.771875 0.3484375 0.0140625 0.015625
2 0.78671875 0.34453125 0.0125 0.0171875
2 0.78203125 0.36328125 0.0140625 0.0171875
2 0.79453125 0.35625 0.0125 0.015625
2 0.79765625 0.371875 0.015625 0.0203125
2 0.81875 0.39140625 0.015625 0.015625
2 0.83046875 0.37890625 0.015625 0.01875