0 0.33515625 0.57734375 0.0265625 0.02265625
0 0.359375 0.58515625 0.02890625 0.021875
0 0.38671875 0.553125 0.02578125 0.0234375
0 0.40625 0.540625 0.03125 0.02265625
0 0.4078125 0.56328125 0.0296875 0.021875
0 0.39453125 0.578125 0.02890625 0.0265625
0 0.41953125 0.5765625 0.02421875 0.02109375
0 0.43359375 0.559375 0.025 0.02734375
0 0.44921875 0.54453125 0.0265625 0.021875
0 0.47421875 0.55546875 0.02421875 0.025
0 0.496875 0.56640625 0.02578125 0.021875
0 0.50390625 0.54921875 0.02734375 0.025
0 0.38203125 0.62109375 0.0296875 0.025
0 0.42890625 0.61171875 0.03046875 0.02421875
0 0.44375 0.59765625 0.02421875 0.025
0 0.46171875 0.60859375 0.03046875 0.0265625
0 0.49921875 0.65546875 0.028125 0.02421875
2 0.35625 0.52734375 0.03046875 0.0203125
2 0.34609375 0.546875 0.0359375 0.025
2 0.33046875 0.56015625 0.034375 0.02578125
2 0.30859375 0.5765625 0.0359375 0.02421875
2 0.28671875 0.5890625 0.03046875 0.02734375
2 0.309375 0.60234375 0.02890625 0.0265625
2 0.40859375 0.6265625 0.0296875 0.0234375
2 0.39453125 0.60078125 0.0328125 0.02421875
2 0.3609375 0.60390625 0.03515625 0.0234375
2 0.3375 0.59609375 0.03203125 0.0234375
2 0.3984375 0.5265625 0.028125 0.021875
2 0.39453125 0.5078125 0.03046875 0.0234375
2 0.41484375 0.496875 0.03046875 0.025
2 0.4234375 0.51640625 0.0265625 0.0234375
2 0.45 0.5125 0.02734375 0.0234375
2 0.471875 0.52421875 0.02734375 0.02421875
2 0.49296875 0.515625 0.02734375 0.021875
2 0.51875 0.52421875 0.02734375 0.021875
2 0.54296875 0.565625 0.03828125 0.02890625
2 0.534375 0.5859375 0.025 0.025
2 0.51015625 0.590625 0.0328125 0.0234375
2 0.4859375 0.59921875 0.02578125 0.025
2 0.44453125 0.57578125 0.0296875 0.02109375
2 0.46328125 0.56953125 0.0296875 0.01953125
2 0.484375 0.57890625 0.02734375 0.0234375
2 0.46015625 0.5890625 0.03046875 0.021875
2 0.50703125 0.6140625 0.0296875 0.02734375
2 0.5296875 0.60546875 0.02734375 0.025
2 0.559375 0.603125 0.03203125 0.0234375
2 0.55625 0.621875 0.03671875 0.025
2 0.525 0.6296875 0.03359375 0.0234375
2 0.5015625 0.6328125 0.03125 0.021875
2 0.459375 0.63515625 0.03046875 0.025
2 0.4375 0.6453125 0.0328125 0.025
2 0.4046875 0.65234375 0.034375 0.025
2 0.53515625 0.678125 0.03203125 0.0265625
2 0.56796875 0.69140625 0.03203125 0.02734375
2 0.53828125 0.64296875 0.0296875 0.02734375
2 0.56875 0.64375 0.03203125 0.02890625