2 0.4046875 0.25 0.0375 0.0421875
2 0.53203125 0.11953125 0.0328125 0.04375
2 0.43515625 0.67109375 0.03125 0.0421875
2 0.37890625 0.35703125 0.03125 0.04375
2 0.465625 0.66484375 0.0296875 0.0421875
2 0.28046875 0.47265625 0.03125 0.04375
2 0.39453125 0.31875 0.03125 0.0421875
2 0.30078125 0.61328125 0.034375 0.0390625
2 0.28046875 0.5828125 0.034375 0.04375
2 0.38671875 0.63515625 0.03125 0.04375
2 0.41953125 0.290625 0.034375 0.046875
2 0.346875 0.3984375 0.03125 0.040625
2 0.4984375 0.6640625 0.0296875 0.0421875
2 0.4484375 0.2140625 0.03125 0.04375
2 0.28984375 0.5453125 0.034375 0.040625
2 0.590625 0.07890625 0.034375 0.046875
2 0.48125 0.2125 0.03125 0.0421875
2 0.25546875 0.55078125 0.03125 0.04375
2 0.24609375 0.5890625 0.03125 0.040625
2 0.33359375 0.60859375 0.03125 0.040625
2 0.3140625 0.471875 0.034375 0.040625
2 0.26796875 0.51484375 0.028125 0.040625
2 0.53125 0.659375 0.028125 0.040625
2 0.36640625 0.59921875 0.03125 0.04375
2 0.50078125 0.24375 0.03125 0.0453125
2 0.4375 0.253125 0.034375 0.046875
2 0.46953125 0.25 0.03125 0.0453125
2 0.6234375 0.06328125 0.034375 0.046875
2 0.584375 0.12265625 0.034375 0.046875
2 0.41171875 0.56328125 0.03125 0.04375
2 0.55859375 0.09140625 0.034375 0.04375
2 0.43828125 0.32734375 0.034375 0.04375
2 0.653125 0.09140625 0.034375 0.04375
2 0.55859375 0.14765625 0.034375 0.0484375
2 0.325 0.54140625 0.0328125 0.04375
2 0.6171875 0.1078125 0.034375 0.046875
2 0.44609375 0.62890625 0.03125 0.04375
2 0.64140625 0.48203125 0.03125 0.04375
2 0.35859375 0.5359375 0.0328125 0.0421875
2 0.409375 0.38671875 0.034375 0.04375
2 0.33515625 0.49765625 0.034375 0.04375
2 0.59765625 0.22109375 0.0328125 0.04375
2 0.44296875 0.371875 0.034375 0.046875
2 0.31171875 0.57265625 0.0359375 0.046875
2 0.63046875 0.15 0.034375 0.04375
2 0.59140625 0.5265625 0.0328125 0.0421875
2 0.66015625 0.13515625 0.0328125 0.04375
2 0.6515625 0.184375 0.03125 0.04375
2 0.6546875 0.25859375 0.0328125 0.04375
2 0.634375 0.228125 0.0328125 0.04375
2 0.34375 0.56875 0.034375 0.046875
2 0.41171875 0.35234375 0.034375 0.04375
2 0.54453125 0.625 0.0296875 0.0390625
2 0.39765625 0.434375 0.034375 0.046875
2 0.5953125 0.42421875 0.034375 0.04375
2 0.503125 0.35859375 0.03125 0.04375
2 0.659375 0.30625 0.03125 0.04375
2 0.47890625 0.62734375 0.03125 0.0421875
2 0.515625 0.39296875 0.0328125 0.04375
2 0.54296875 0.2 0.03125 0.046875
2 0.60859375 0.37890625 0.034375 0.04375
2 0.46484375 0.4890625 0.03125 0.040625
2 0.6140625 0.559375 0.028125 0.040625
2 0.47109375 0.3203125 0.03125 0.040625
2 0.66484375 0.34765625 0.03125 0.0421875
2 0.51171875 0.62578125 0.03125 0.040625
2 0.6203125 0.45234375 0.03125 0.0421875
2 0.5234375 0.16171875 0.03125 0.0421875
2 0.5203125 0.5890625 0.03125 0.0421875
2 0.57890625 0.559375 0.03125 0.0421875
2 0.63515625 0.33125 0.034375 0.05
2 0.42578125 0.5296875 0.0328125 0.0453125
2 0.6015625 0.1609375 0.0375 0.046875
2 0.5953125 0.59375 0.028125 0.0375
2 0.45234375 0.28671875 0.034375 0.046875
2 0.46953125 0.36015625 0.0328125 0.04375
2 0.62578125 0.52421875 0.028125 0.040625
2 0.51875 0.46328125 0.034375 0.04375
2 0.45390625 0.40703125 0.034375 0.0484375
2 0.5046875 0.5546875 0.03125 0.040625
2 0.5796875 0.1875 0.034375 0.046875
2 0.565625 0.59765625 0.03125 0.0390625
2 0.503125 0.42890625 0.034375 0.04375
2 0.44453125 0.56015625 0.034375 0.046875
2 0.36796875 0.5 0.034375 0.046875
2 0.42421875 0.42578125 0.0328125 0.0421875
2 0.4609375 0.58984375 0.0328125 0.04375
2 0.54921875 0.46171875 0.034375 0.04375
2 0.69375 0.20859375 0.03125 0.04375
2 0.57109375 0.490625 0.03125 0.040625
2 0.54609375 0.27578125 0.03125 0.0453125
2 0.378125 0.39609375 0.03125 0.0421875
2 0.565625 0.309375 0.03125 0.04375
2 0.68984375 0.25234375 0.0328125 0.04375
2 0.628125 0.409375 0.03125 0.04375
2 0.65703125 0.4390625 0.03125 0.04375
2 0.63125 0.28984375 0.034375 0.0453125
2 0.53046875 0.23359375 0.03125 0.046875
2 0.36328125 0.43046875 0.034375 0.0453125
2 0.48359375 0.39375 0.0328125 0.046875
2 0.53515625 0.3109375 0.03125 0.046875
2 0.61015625 0.26171875 0.0328125 0.04375
2 0.3921875 0.53359375 0.0328125 0.046875
2 0.54375 0.56328125 0.034375 0.04375
2 0.57890625 0.2703125 0.03125 0.04375
2 0.60703125 0.48984375 0.03125 0.040625
2 0.61875 0.19140625 0.034375 0.04375
2 0.4421875 0.46015625 0.0375 0.05
2 0.2953125 0.4390625 0.034375 0.0375
2 0.4171875 0.46171875 0.034375 0.0515625
2 0.68046875 0.16875 0.03125 0.04375
2 0.59609375 0.30390625 0.034375 0.04375
2 0.640625 0.36953125 0.03125 0.046875
2 0.57734375 0.37578125 0.034375 0.046875
2 0.53515625 0.49453125 0.034375 0.04375
2 0.56796875 0.353125 0.0328125 0.046875
2 0.596875 0.3375 0.034375 0.046875
2 0.475 0.56015625 0.0328125 0.046875
2 0.528125 0.53046875 0.0375 0.046875
2 0.38125 0.4609375 0.040625 0.0546875
2 0.41875 0.4953125 0.040625 0.0546875
2 0.4546875 0.51875 0.03125 0.04375
2 0.41640625 0.6328125 0.034375 0.046875
2 0.40234375 0.59765625 0.0328125 0.040625
2 0.3796875 0.5703125 0.0375 0.0359375
2 0.42734375 0.59765625 0.0234375 0.040625
2 0.48203125 0.51875 0.03125 0.046875
2 0.50625 0.5015625 0.03125 0.04375
2 0.4875 0.46875 0.0328125 0.04375
2 0.47265625 0.43359375 0.034375 0.046875
2 0.5609375 0.23046875 0.0375 0.046875
2 0.51484375 0.20234375 0.0390625 0.046875
2 0.5140625 0.28125 0.0328125 0.0484375
2 0.5046875 0.31953125 0.03125 0.0484375
2 0.478125 0.2875 0.040625 0.04375
2 0.32734375 0.43203125 0.034375 0.04375
2 0.34765625 0.46484375 0.0375 0.034375
2 0.5546875 0.52890625 0.034375 0.0453125
2 0.29921875 0.5140625 0.0375 0.046875
2 0.48984375 0.59453125 0.0265625 0.040625
2 0.5296875 0.4265625 0.03125 0.04375
2 0.54375 0.390625 0.028125 0.04375
2 0.5625 0.4234375 0.025 0.0515625
2 0.5828125 0.4578125 0.03125 0.0359375
2 0.6625 0.22109375 0.0296875 0.05
2 0.53984375 0.35078125 0.03125 0.04375