0 0.584375 0.65234375 0.021875 0.01875
0 0.57265625 0.66328125 0.021875 0.01875
0 0.58984375 0.6703125 0.0234375 0.01875
0 0.60703125 0.64453125 0.025 0.015625
0 0.6078125 0.6578125 0.025 0.015625
0 0.6296875 0.646875 0.0203125 0.0171875
0 0.64140625 0.66015625 0.025 0.0171875
0 0.659375 0.65390625 0.025 0.015625
0 0.65859375 0.66953125 0.0265625 0.01875
0 0.67578125 0.6796875 0.021875 0.0171875
0 0.62421875 0.66640625 0.021875 0.015625
0 0.60703125 0.67265625 0.025 0.0171875
0 0.6390625 0.67890625 0.021875 0.01875
0 0.62265625 0.6859375 0.021875 0.021875
0 0.64296875 0.69609375 0.0265625 0.01875
0 0.65703125 0.6890625 0.021875 0.0171875
0 0.678125 0.69296875 0.028125 0.021875
0 0.6671875 0.709375 0.025 0.0171875
0 0.66875 0.72265625 0.028125 0.01875
0 0.653125 0.728125 0.021875 0.01875
0 0.6328125 0.7203125 0.0234375 0.01875
0 0.6484375 0.7125 0.0234375 0.01875
0 0.625 0.7046875 0.025 0.01875
0 0.60859375 0.70234375 0.025 0.015625
0 0.59453125 0.7140625 0.025 0.01875
0 0.6109375 0.7203125 0.0265625 0.0171875
0 0.58828125 0.69765625 0.021875 0.01875
0 0.60078125 0.68828125 0.0234375 0.01875
0 0.578125 0.68125 0.021875 0.01875
0 0.559375 0.6765625 0.025 0.015625
0 0.56796875 0.69296875 0.028125 0.021875
0 0.54765625 0.69453125 0.028125 0.01875
0 0.540625 0.6796875 0.021875 0.01875
0 0.5265625 0.665625 0.021875 0.01875
0 0.53984375 0.65546875 0.0265625 0.0171875
0 0.55234375 0.66640625 0.0234375 0.01875
0 0.51015625 0.64296875 0.025 0.01875
0 0.5 0.596875 0.025 0.01875
0 0.51875 0.59765625 0.021875 0.021875
0 0.51328125 0.58125 0.025 0.01875
0 0.4734375 0.59375 0.025 0.021875
0 0.46328125 0.5828125 0.028125 0.01875
0 0.43828125 0.5765625 0.025 0.01875
0 0.43359375 0.55390625 0.028125 0.021875
0 0.45078125 0.56796875 0.021875 0.015625
0 0.46875 0.56640625 0.0234375 0.01875
2 0.33046875 0.54921875 0.021875 0.01875
2 0.353125 0.55546875 0.025 0.021875
2 0.39375 0.58359375 0.0234375 0.0203125
2 0.4 0.56484375 0.025 0.01875
2 0.41171875 0.58046875 0.021875 0.0171875
2 0.42421875 0.59140625 0.021875 0.015625
2 0.41640625 0.56796875 0.0203125 0.0171875
2 0.44375 0.58984375 0.021875 0.0140625
2 0.45859375 0.6 0.021875 0.0171875
2 0.46953125 0.61171875 0.021875 0.01875
2 0.49296875 0.6078125 0.0234375 0.015625
2 0.50234375 0.56796875 0.021875 0.015625
2 0.53515625 0.57734375 0.021875 0.021875
2 0.53828125 0.59609375 0.01875 0.021875
2 0.55078125 0.60625 0.025 0.021875
2 0.50703125 0.615625 0.028125 0.0171875
2 0.52109375 0.625 0.025 0.0171875
2 0.48046875 0.64296875 0.025 0.025
2 0.509375 0.67265625 0.025 0.01875
2 0.5640625 0.640625 0.025 0.0203125
2 0.5828125 0.6359375 0.021875 0.01875
2 0.66328125 0.64296875 0.025 0.0203125
2 0.69609375 0.64765625 0.025 0.021875
2 0.6796875 0.65625 0.021875 0.0171875
2 0.68359375 0.66953125 0.021875 0.01875
2 0.703125 0.665625 0.025 0.021875
2 0.6984375 0.69921875 0.028125 0.0203125
2 0.70703125 0.71640625 0.028125 0.0234375
2 0.6890625 0.72734375 0.025 0.0203125
2 0.68203125 0.74453125 0.025 0.01875
2 0.6625 0.74375 0.028125 0.0171875
2 0.63984375 0.74296875 0.028125 0.021875
2 0.54296875 0.70859375 0.021875 0.0171875
2 0.5640625 0.70859375 0.021875 0.01875
2 0.61796875 0.63359375 0.021875 0.0203125