0 0.809375 0.128125 0.0328125 0.04375
0 0.8109375 0.16875 0.03125 0.0390625
0 0.7828125 0.18359375 0.0375 0.040625
0 0.8078125 0.20703125 0.0328125 0.04375
0 0.8375 0.18046875 0.03125 0.04375
0 0.83671875 0.2203125 0.03125 0.040625
0 0.86796875 0.1828125 0.0328125 0.04375
0 0.86796875 0.21953125 0.0296875 0.040625
0 0.89375 0.196875 0.03125 0.046875
0 0.8921875 0.23359375 0.0328125 0.0453125
0 0.9203125 0.20546875 0.0328125 0.046875
0 0.92109375 0.2421875 0.034375 0.0453125
0 0.91640625 0.2828125 0.034375 0.046875
0 0.8890625 0.2703125 0.034375 0.0421875
0 0.8625 0.2546875 0.034375 0.0453125
0 0.8328125 0.253125 0.034375 0.0421875
0 0.803125 0.2421875 0.0359375 0.0421875
0 0.778125 0.22421875 0.034375 0.04375
0 0.75078125 0.23671875 0.034375 0.0453125
0 0.77578125 0.259375 0.034375 0.0375
0 0.74765625 0.2796875 0.034375 0.0453125
0 0.721875 0.29921875 0.03125 0.04375
0 0.80234375 0.278125 0.03125 0.040625
0 0.83125 0.29609375 0.034375 0.04375
0 0.85546875 0.29296875 0.03125 0.046875
0 0.88203125 0.3078125 0.034375 0.04375
0 0.91015625 0.31796875 0.034375 0.046875
0 0.8984375 0.35390625 0.034375 0.04375
0 0.8734375 0.340625 0.034375 0.046875
0 0.85078125 0.3234375 0.0265625 0.0375
0 0.825 0.328125 0.034375 0.04375
0 0.79921875 0.3125 0.03125 0.05
0 0.771875 0.29453125 0.034375 0.046875
0 0.75 0.315625 0.0390625 0.0453125
0 0.69453125 0.31640625 0.034375 0.046875
0 0.71875 0.33359375 0.03125 0.040625
0 0.75078125 0.35546875 0.034375 0.04375
0 0.66796875 0.34453125 0.0328125 0.046875
0 0.696875 0.3578125 0.034375 0.040625
0 0.68671875 0.3890625 0.03125 0.046875
0 0.7140625 0.40234375 0.0375 0.046875
0 0.72734375 0.37421875 0.034375 0.046875
0 0.753125 0.3953125 0.0359375 0.0453125
0 0.778125 0.37265625 0.03125 0.0484375
0 0.77734375 0.3328125 0.034375 0.05
0 0.80390625 0.35390625 0.034375 0.0453125
0 0.834375 0.36875 0.034375 0.0453125
0 0.8296875 0.40078125 0.0375 0.046875
0 0.8015625 0.39453125 0.034375 0.05
0 0.86484375 0.37890625 0.0375 0.046875
0 0.86015625 0.40859375 0.0375 0.046875
0 0.89609375 0.390625 0.040625 0.046875
0 0.89375 0.4328125 0.0375 0.0453125
0 0.92890625 0.4421875 0.0359375 0.046875
0 0.9421875 0.409375 0.034375 0.046875
0 0.85546875 0.44765625 0.034375 0.04375
0 0.83046875 0.440625 0.0359375 0.04375
0 0.8 0.4296875 0.034375 0.0453125
0 0.7453125 0.42734375 0.040625 0.04375
0 0.7203125 0.45078125 0.034375 0.0390625
0 0.7203125 0.4859375 0.034375 0.05
0 0.753125 0.46640625 0.0390625 0.0421875
0 0.74453125 0.4984375 0.03125 0.0453125
0 0.69296875 0.5953125 0.034375 0.040625
0 0.78046875 0.4609375 0.0390625 0.0453125
0 0.76953125 0.49453125 0.0375 0.0453125
0 0.76953125 0.5328125 0.034375 0.040625
0 0.75234375 0.5625 0.040625 0.053125
0 0.75078125 0.6046875 0.03125 0.0453125
0 0.80703125 0.4703125 0.0375 0.040625
0 0.8 0.50625 0.03125 0.0453125
0 0.79375 0.54375 0.0375 0.046875
0 0.7890625 0.57890625 0.034375 0.0515625
0 0.83125 0.478125 0.0375 0.0484375
0 0.825 0.50859375 0.034375 0.05
0 0.8234375 0.5515625 0.03125 0.05
0 0.81640625 0.5859375 0.03125 0.046875
0 0.83984375 0.6078125 0.0375 0.04375
0 0.81875 0.634375 0.0375 0.0484375
0 0.84453125 0.571875 0.0375 0.05
0 0.84921875 0.534375 0.03125 0.05
0 0.85546875 0.48984375 0.034375 0.0484375
0 0.878125 0.4671875 0.03125 0.0453125
0 0.9078125 0.47734375 0.0375 0.04375
0 0.8875 0.503125 0.034375 0.046875
0 0.8765625 0.5375 0.034375 0.046875
0 0.86953125 0.57890625 0.0375 0.05
0 0.89765625 0.57890625 0.0359375 0.046875
0 0.90546875 0.54609375 0.0390625 0.05
0 0.91875 0.51015625 0.03125 0.046875
0 0.9390625 0.47890625 0.034375 0.0484375
0 0.96875 0.47734375 0.0328125 0.0453125
0 0.9578125 0.51171875 0.034375 0.0484375
0 0.975 0.54453125 0.028125 0.0359375
0 0.96875 0.57578125 0.0375 0.0453125
0 0.59453125 0.5578125 0.0375 0.04375
2 0.54921875 0.459375 0.0375 0.0453125
2 0.59140625 0.43125 0.034375 0.040625
2 0.58359375 0.46484375 0.034375 0.040625
2 0.56171875 0.49453125 0.0359375 0.0421875
2 0.56484375 0.528125 0.028125 0.0359375
2 0.590625 0.5 0.03125 0.040625
2 0.6171875 0.54453125 0.03125 0.040625
2 0.565625 0.5890625 0.03125 0.0390625
2 0.5890625 0.53046875 0.03125 0.0375
2 0.61171875 0.47734375 0.03125 0.0375
2 0.61640625 0.509375 0.0296875 0.04375
2 0.61953125 0.4453125 0.03125 0.0390625
2 0.63359375 0.415625 0.034375 0.040625
2 0.64921875 0.45546875 0.0328125 0.0453125
2 0.6375 0.4859375 0.0359375 0.04375
2 0.6421875 0.52578125 0.03125 0.040625
2 0.6375 0.56015625 0.03125 0.040625
2 0.6296875 0.59140625 0.03125 0.040625
2 0.609375 0.6109375 0.0328125 0.0390625
2 0.58203125 0.6234375 0.0328125 0.04375
2 0.60703125 0.6453125 0.03125 0.04375
2 0.63125 0.6265625 0.0296875 0.0375
2 0.6296875 0.66328125 0.0328125 0.0390625
2 0.6640625 0.578125 0.034375 0.040625
2 0.6546875 0.61328125 0.0296875 0.040625
2 0.65390625 0.64921875 0.034375 0.04375
2 0.653125 0.68671875 0.0328125 0.04375
2 0.67890625 0.67109375 0.0375 0.040625
2 0.6796875 0.62890625 0.0296875 0.0421875
2 0.66953125 0.54140625 0.03125 0.04375
2 0.66484375 0.503125 0.034375 0.046875
2 0.6734375 0.47109375 0.028125 0.0328125
2 0.69453125 0.51328125 0.034375 0.046875
2 0.69453125 0.559375 0.034375 0.0421875
2 0.71796875 0.5390625 0.034375 0.04375
2 0.71796875 0.5875 0.0328125 0.04375
2 0.73046875 0.628125 0.03125 0.0421875
2 0.703125 0.62421875 0.034375 0.040625
2 0.66328125 0.42578125 0.0328125 0.0390625
2 0.69140625 0.44296875 0.0359375 0.04375
2 0.64375 0.38359375 0.034375 0.040625
2 0.64453125 0.31328125 0.034375 0.04375
2 0.66015625 0.28359375 0.034375 0.046875
2 0.68203125 0.26015625 0.0359375 0.046875
2 0.7109375 0.271875 0.0359375 0.040625
2 0.70625 0.23359375 0.0359375 0.05
2 0.73203125 0.21796875 0.034375 0.04375
2 0.73125 0.17734375 0.034375 0.046875
2 0.7578125 0.19375 0.03125 0.040625
2 0.74296875 0.146875 0.034375 0.0484375
2 0.771875 0.16015625 0.0328125 0.040625
2 0.7671875 0.040625 0.034375 0.046875
2 0.76953125 0.08203125 0.0375 0.0453125
2 0.77109375 0.1234375 0.034375 0.04375
2 0.79453125 0.059375 0.0328125 0.046875
2 0.79765625 0.09921875 0.034375 0.0375
2 0.82109375 0.07421875 0.034375 0.05
2 0.828125 0.11484375 0.028125 0.0421875
2 0.8515625 0.08828125 0.0328125 0.0484375
2 0.84921875 0.13359375 0.034375 0.0484375
2 0.87421875 0.11640625 0.0328125 0.0484375
2 0.88046875 0.15234375 0.025 0.034375
2 0.89375 0.0828125 0.0375 0.0546875
2 0.92109375 0.10859375 0.0375 0.046875
2 0.90390625 0.14375 0.040625 0.046875
2 0.9390625 0.140625 0.0390625 0.04375
2 0.93203125 0.1796875 0.0328125 0.0453125
2 0.96015625 0.16953125 0.034375 0.04375
2 0.96171875 0.2078125 0.034375 0.0453125
2 0.95859375 0.2453125 0.0359375 0.053125
2 0.96015625 0.28671875 0.034375 0.040625
2 0.9390625 0.3171875 0.0328125 0.04375
2 0.9671875 0.32734375 0.03125 0.0484375
2 0.9453125 0.35703125 0.034375 0.0390625
2 0.925 0.384375 0.028125 0.0375
2 0.9875 0.4109375 0.025 0.046875
2 0.98828125 0.45078125 0.0234375 0.0421875
2 0.96640625 0.43125 0.034375 0.040625
2 0.9921875 0.48984375 0.015625 0.0453125
2 0.99296875 0.52890625 0.0125 0.0375
2 0.99453125 0.565625 0.0109375 0.04375
2 0.99296875 0.6046875 0.0125 0.04375
2 0.98671875 0.63359375 0.0265625 0.0421875
2 0.96015625 0.62734375 0.03125 0.04375
2 0.96875 0.66484375 0.034375 0.040625
2 0.95546875 0.7 0.0328125 0.0484375
2 0.93984375 0.66015625 0.034375 0.046875
2 0.92265625 0.63125 0.0375 0.04375
2 0.93671875 0.60703125 0.034375 0.0453125
2 0.9484375 0.57109375 0.03125 0.04375
2 0.9078125 0.6671875 0.03125 0.046875
2 0.88828125 0.64296875 0.034375 0.046875
2 0.89453125 0.61328125 0.0296875 0.0359375
2 0.8671875 0.6109375 0.03125 0.04375
2 0.85859375 0.64921875 0.03125 0.0390625
2 0.878125 0.68125 0.034375 0.0453125
2 0.85234375 0.6890625 0.034375 0.0453125
2 0.82734375 0.69453125 0.028125 0.0421875
2 0.80234375 0.703125 0.03125 0.040625
2 0.8046875 0.6640625 0.028125 0.040625
2 0.78984375 0.63046875 0.0296875 0.040625
2 0.77421875 0.60625 0.028125 0.046875
2 0.76484375 0.63828125 0.0328125 0.0390625
2 0.78125 0.67109375 0.03125 0.04375