1 0.6375 0.47578125 0.04296875 0.034375
1 0.6015625 0.49453125 0.04296875 0.03125
1 0.6296875 0.5125 0.0375 0.028125
1 0.6625 0.51328125 0.04453125 0.03359375
1 0.6578125 0.5453125 0.0453125 0.03203125
1 0.58125 0.53359375 0.04453125 0.03125
1 0.603125 0.5578125 0.04453125 0.03984375
1 0.6265625 0.54140625 0.04296875 0.03515625
1 0.63671875 0.5671875 0.040625 0.02734375
1 0.6546875 0.58515625 0.04140625 0.0296875
1 0.5578125 0.5609375 0.04140625 0.02890625
1 0.54375 0.59609375 0.04296875 0.03125
1 0.5765625 0.584375 0.04609375 0.03046875
1 0.61484375 0.58359375 0.0375 0.03046875
1 0.59921875 0.61484375 0.03984375 0.03046875
1 0.5671875 0.61640625 0.0375 0.028125
1 0.52734375 0.61796875 0.0453125 0.02890625
1 0.56171875 0.63984375 0.04765625 0.03203125
1 0.57890625 0.6625 0.0484375 0.03828125
1 0.59296875 0.640625 0.0484375 0.03046875
1 0.609375 0.66953125 0.03984375 0.034375
0 0.4109375 0.5 0.04296875 0.03203125
0 0.36953125 0.50859375 0.04375 0.0328125
0 0.36171875 0.53828125 0.0453125 0.03046875
0 0.29453125 0.53125 0.0484375 0.02890625
0 0.32890625 0.54375 0.03984375 0.0328125
0 0.2171875 0.55 0.04609375 0.0328125
0 0.18515625 0.5703125 0.04140625 0.0265625
0 0.18984375 0.59609375 0.04375 0.03515625
0 0.22109375 0.5765625 0.04453125 0.03515625
0 0.25234375 0.56328125 0.040625 0.03203125
0 0.2859375 0.55703125 0.03828125 0.03125
0 0.27265625 0.5859375 0.04765625 0.034375
0 0.3171875 0.5703125 0.04765625 0.034375
0 0.340625 0.58828125 0.03828125 0.03203125
0 0.4015625 0.52578125 0.04375 0.03515625
0 0.4359375 0.5171875 0.03828125 0.034375
0 0.39921875 0.55390625 0.04140625 0.03359375
0 0.43203125 0.546875 0.04375 0.03515625
0 0.4703125 0.54453125 0.04375 0.0296875
0 0.4765625 0.51640625 0.04453125 0.03203125
0 0.5125 0.51328125 0.040625 0.02890625
0 0.50234375 0.53828125 0.04453125 0.02890625
0 0.4953125 0.5625 0.04296875 0.03125
0 0.54453125 0.53515625 0.04375 0.03125
0 0.54921875 0.50625 0.040625 0.03515625
0 0.6671875 0.44375 0.0453125 0.0359375
0 0.63359375 0.434375 0.0390625 0.0296875
0 0.59140625 0.4671875 0.03984375 0.03125
0 0.5609375 0.48515625 0.0421875 0.0328125
0 0.69609375 0.48046875 0.04140625 0.03515625
0 0.7125 0.50546875 0.0515625 0.03671875
0 0.70390625 0.53828125 0.04765625 0.0359375
0 0.684375 0.57265625 0.04140625 0.02890625
0 0.72734375 0.584375 0.04296875 0.03515625
0 0.7203125 0.615625 0.04296875 0.03515625
0 0.67265625 0.61484375 0.04453125 0.03125
0 0.70390625 0.6375 0.04140625 0.0328125
0 0.6890625 0.5953125 0.0375 0.0265625
0 0.659375 0.67109375 0.0484375 0.040625
0 0.6359375 0.64921875 0.04140625 0.034375
0 0.67109375 0.64375 0.03515625 0.0328125
0 0.7 0.66484375 0.046875 0.0390625
0 0.73515625 0.65703125 0.04140625 0.034375
0 0.48984375 0.6625 0.04453125 0.034375
0 0.521875 0.6640625 0.03984375 0.02734375
0 0.55 0.68515625 0.03671875 0.03125
0 0.575 0.71484375 0.04375 0.02890625
0 0.615625 0.709375 0.04296875 0.0328125
0 0.63828125 0.73359375 0.04296875 0.03359375
0 0.59765625 0.74296875 0.04375 0.03359375
0 0.56328125 0.74375 0.0375 0.0328125
0 0.5234375 0.74296875 0.04609375 0.0375
0 0.5390625 0.71484375 0.04375 0.034375
0 0.51875 0.690625 0.04375 0.0328125
0 0.50703125 0.71953125 0.046875 0.03515625
0 0.48046875 0.6921875 0.03359375 0.03125
0 0.46171875 0.7140625 0.04765625 0.0359375
0 0.44921875 0.7421875 0.046875 0.0328125
0 0.48828125 0.74453125 0.03359375 0.0328125
0 0.50546875 0.77265625 0.04296875 0.02890625
0 0.54765625 0.77109375 0.04609375 0.0328125
0 0.41171875 0.72734375 0.03984375 0.03515625
0 0.43046875 0.70546875 0.04296875 0.0328125
0 0.45078125 0.67578125 0.04453125 0.034375
0 0.459375 0.64609375 0.04296875 0.0328125
0 0.47265625 0.61796875 0.040625 0.0328125
0 0.5 0.6390625 0.04140625 0.02890625
0 0.48828125 0.58984375 0.04296875 0.03515625
0 0.446875 0.59765625 0.04609375 0.0328125
0 0.45625 0.5703125 0.0453125 0.02890625
0 0.41875 0.57265625 0.0453125 0.03515625
0 0.3828125 0.58125 0.0390625 0.02578125
0 0.37421875 0.60546875 0.0421875 0.03125
0 0.4078125 0.6015625 0.0359375 0.0328125
0 0.4375 0.625 0.04375 0.03515625
0 0.39765625 0.628125 0.040625 0.0328125
0 0.4234375 0.65078125 0.04296875 0.03515625
0 0.38671875 0.65859375 0.04375 0.03203125
0 0.4109375 0.6796875 0.0453125 0.03125
0 0.38359375 0.7 0.0484375 0.03125
0 0.34375 0.7109375 0.0515625 0.03828125
0 0.3765625 0.73203125 0.04296875 0.03515625
0 0.35859375 0.76015625 0.04453125 0.03359375
0 0.32109375 0.68515625 0.046875 0.03984375
0 0.359375 0.67578125 0.04453125 0.0359375
0 0.2984375 0.6609375 0.0515625 0.040625
0 0.3359375 0.65234375 0.0515625 0.034375
0 0.36015625 0.63515625 0.0421875 0.034375
0 0.3359375 0.6171875 0.04375 0.0328125
0 0.3046875 0.6265625 0.0515625 0.03984375
0 0.26796875 0.63203125 0.04375 0.0375
0 0.2421875 0.6046875 0.04921875 0.03515625
2 0.1390625 0.57265625 0.04453125 0.03515625
2 0.13984375 0.60625 0.0484375 0.034375
2 0.19765625 0.6421875 0.040625 0.03515625
2 0.24296875 0.65546875 0.0421875 0.0328125
2 0.20859375 0.675 0.05 0.0359375
2 0.23125 0.703125 0.04921875 0.03828125
2 0.2 0.728125 0.05625 0.03984375
2 0.25234375 0.73203125 0.04765625 0.04140625
2 0.28046875 0.71015625 0.0421875 0.0375
2 0.2578125 0.684375 0.04296875 0.03359375
2 0.2453125 0.52890625 0.0453125 0.0359375
2 0.20859375 0.50859375 0.04453125 0.0359375
2 0.25546875 0.503125 0.04609375 0.034375
2 0.29609375 0.496875 0.04375 0.03125
2 0.33359375 0.49453125 0.0375 0.03359375
2 0.440625 0.48515625 0.0390625 0.0328125
2 0.47421875 0.4828125 0.04140625 0.03515625
2 0.509375 0.48203125 0.03359375 0.0328125
2 0.57890625 0.44609375 0.0359375 0.03125
2 0.6046875 0.4390625 0.0265625 0.02734375
2 0.64765625 0.39140625 0.04296875 0.03203125
2 0.67578125 0.40234375 0.040625 0.03515625
2 0.70703125 0.4171875 0.04296875 0.03359375
2 0.75 0.4328125 0.0484375 0.03125
2 0.71015625 0.44609375 0.04296875 0.03359375
2 0.73671875 0.459375 0.05078125 0.03515625
2 0.740625 0.48671875 0.040625 0.03046875
2 0.775 0.48359375 0.040625 0.0328125
2 0.77421875 0.51328125 0.046875 0.03203125
2 0.75703125 0.53515625 0.04140625 0.02421875
2 0.75703125 0.5609375 0.04375 0.0328125
2 0.75859375 0.63359375 0.04453125 0.03515625
2 0.73203125 0.6859375 0.04140625 0.03125
2 0.69453125 0.696875 0.0453125 0.03125
2 0.659375 0.70234375 0.04609375 0.0296875
2 0.68125 0.721875 0.0484375 0.03984375
2 0.72578125 0.71953125 0.0453125 0.03515625
2 0.66953125 0.7734375 0.0484375 0.03828125
2 0.6296875 0.7859375 0.04765625 0.04296875
2 0.5890625 0.790625 0.046875 0.03984375
2 0.54609375 0.796875 0.04609375 0.0296875
2 0.50234375 0.7984375 0.04609375 0.03125
2 0.46484375 0.79453125 0.04609375 0.0390625
2 0.4328125 0.77578125 0.046875 0.03828125
2 0.39140625 0.77109375 0.0390625 0.0359375
2 0.47265625 0.76796875 0.0328125 0.0328125
2 0.296875 0.734375 0.04375 0.034375
2 0.31796875 0.76015625 0.03984375 0.0359375
2 0.34453125 0.78515625 0.04921875 0.0375
2 0.3375 0.73984375 0.04375 0.02734375