1 0.5301851851851852 0.6727777777777778 0.028310185185185334 0.026458333333333427
1 0.5568113425925926 0.6799942129629629 0.026730324074074118 0.024033564814814844
0 0.42656828703703703 0.4007002314814815 0.025156250000000036 0.022390046296296262
0 0.40413194444444445 0.43156249999999996 0.029056712962962906 0.021811342592592632
0 0.38308449074074075 0.43890624999999994 0.024369212962962995 0.021568287037036882
0 0.3628240740740741 0.44699074074074063 0.028275462962962905 0.021770833333333427
0 0.33700810185185187 0.4436400462962963 0.02747685185185187 0.01938657407407405
0 0.34493634259259254 0.45885995370370375 0.030625000000000034 0.022673611111111214
0 0.3614409722222222 0.47129050925925925 0.025150462962962992 0.02160879629629626
0 0.3793344907407407 0.4602025462962963 0.02436342592592595 0.020787037037036882
0 0.40355902777777775 0.4597280092592593 0.030619212962962904 0.021892361111111213
0 0.4167361111111111 0.44497685185185176 0.025920138888888822 0.020086805555555642
0 0.4620601851851852 0.4441898148148148 0.023559027777777786 0.017621527777777857
0 0.49332175925925925 0.44413194444444437 0.030625000000000034 0.022673611111111214
0 0.4801446759259259 0.4588831018518519 0.025156250000000036 0.022390046296296262
0 0.452806712962963 0.46108217592592593 0.024369212962962905 0.02156828703703706
0 0.46776620370370364 0.4759375 0.022025462962962906 0.021446759259259096
0 0.4372743055555556 0.47439236111111105 0.02907986111111107 0.024936342592592455
0 0.4296006944444445 0.49354745370370373 0.029062500000000036 0.02259259259259263
0 0.4170138888888889 0.48247685185185185 0.028287037037037166 0.02333333333333325
0 0.4014525462962963 0.4918807870370371 0.025931712962962906 0.021649305555555644
0 0.3796643518518518 0.5047337962962963 0.032181712962962905 0.02197337962962962
0 0.36860532407407404 0.4888946759259259 0.029056712962962906 0.02181134259259245
0 0.3499363425925926 0.5008043981481481 0.027494212962962995 0.021730324074074048
0 0.38060763888888893 0.5265682870370371 0.03067708333333332 0.029704861111111036
0 0.4501273148148148 0.6269097222222222 0.025949074074074117 0.023993055555555642
0 0.46251157407407406 0.6106365740740741 0.02986111111111107 0.024976851851851833
0 0.48994212962962963 0.6209374999999999 0.022806712962962904 0.021487268518518475
0 0.4728530092592592 0.6351099537037037 0.022806712962962904 0.021487268518518475
0 0.5102893518518519 0.6245717592592592 0.027494212962962904 0.021730324074074048
0 0.4947800925925926 0.6410069444444444 0.026747685185185156 0.026377314814814666
0 0.5150983796296297 0.6407349537037037 0.025943287037037167 0.02321180555555564
0 0.5385706018518519 0.6442071759259259 0.024369212962962905 0.02156828703703706
0 0.4722048611111111 0.6531192129629629 0.028304398148148203 0.02567708333333325
0 0.49804398148148155 0.6595949074074074 0.025931712962962906 0.021649305555555644
0 0.5175462962962962 0.6546759259259259 0.024346064814814737 0.01844328703703706
0 0.48015625 0.6714641203703703 0.022818287037036988 0.023049768518518476
0 0.5013194444444444 0.6797453703703704 0.028298611111111073 0.02489583333333343
0 0.48736689814814815 0.695318287037037 0.027500000000000035 0.02251157407407405
0 0.5069733796296296 0.7044618055555556 0.030619212962962904 0.021892361111111036
0 0.5209664351851853 0.6943576388888889 0.02590856481481474 0.01852430555555564
0 0.4930208333333333 0.7200347222222222 0.02907986111111107 0.024936342592592455
0 0.5165046296296296 0.7250694444444444 0.032216435185185154 0.026660879629629618
0 0.5320428240740741 0.7125405092592592 0.022806712962962904 0.021487268518518475
0 0.5467766203703703 0.6969270833333333 0.026712962962962904 0.02168981481481467
0 0.580925925925926 0.6646759259259258 0.028275462962962905 0.021770833333333427
0 0.5717939814814814 0.697974537037037 0.023576388888889 0.019965277777777856
0 0.5578472222222223 0.7143287037037037 0.027494212962962904 0.021730324074074048
0 0.5812847222222223 0.7131134259259259 0.026707175925925954 0.020908564814814668
0 0.5967939814814814 0.6966782407407408 0.024369212962962905 0.02156828703703706
0 0.6070775462962963 0.7133391203703704 0.027499999999999858 0.02251157407407405
0 0.5923321759259259 0.7273900462962963 0.027494212962962904 0.021730324074074048
0 0.6150231481481482 0.7309027777777778 0.02517361111111107 0.02473379629629626
0 0.6018402777777778 0.7448726851851852 0.030601851851851693 0.019548611111111214
0 0.5470138888888889 0.7289583333333333 0.025156250000000036 0.022390046296296262
0 0.571238425925926 0.7284837962962963 0.029843749999999857 0.022633101851851835
0 0.5291377314814815 0.7423900462962962 0.029849537037036987 0.023414351851851832
0 0.5549537037037038 0.7457407407407407 0.02591435185185187 0.01930555555555564
0 0.5644560185185185 0.7624421296296295 0.02748842592592595 0.020949074074074047
0 0.5775983796296297 0.7430034722222223 0.032193287037037166 0.02353587962962962
0 0.5847511574074075 0.7590451388888889 0.032193287037037166 0.02353587962962962
0 0.5064525462962963 0.7396585648148148 0.029062500000000036 0.022592592592592452
0 0.5081539351851851 0.7583275462962963 0.03298032407407412 0.024357638888888998
0 0.5363136574074074 0.761556712962963 0.029056712962962906 0.02181134259259245
0 0.5208101851851852 0.7787731481481481 0.032216435185185334 0.026660879629629618
0 0.5442534722222222 0.7783391203703703 0.02909143518518533 0.02649884259259263
0 0.49578125 0.7761631944444444 0.02517361111111107 0.02473379629629626
2 0.3901736111111111 0.3408449074074074 0.03060185185185187 0.019548611111111124
2 0.41916666666666663 0.35106481481481483 0.034531250000000034 0.022876157407407404
2 0.4395543981481481 0.3601678240740741 0.02826967592592595 0.02098958333333334
2 0.4622222222222222 0.3605555555555556 0.02357060185185169 0.01918402777777777
2 0.47851851851851845 0.3448611111111111 0.025127314814814738 0.018483796296296262
2 0.4988483796296296 0.3461516203703704 0.02747685185185187 0.01938657407407405
2 0.5176157407407407 0.3475231481481481 0.024369212962962905 0.02156828703703706
2 0.4841145833333334 0.3617650462962963 0.024369212962962905 0.02156828703703706
2 0.5067766203703703 0.36137152777777776 0.029039351851851868 0.01946759259259263
2 0.495150462962963 0.37447916666666664 0.02829282407407412 0.02411458333333334
2 0.5147106481481482 0.3773726851851852 0.027528935185185156 0.02641782407407405
2 0.47484374999999995 0.3763136574074074 0.025150462962962906 0.02160879629629626
2 0.452962962962963 0.37666666666666665 0.027482638888889 0.020167824074074046
2 0.42953125 0.3786631944444444 0.028252314814814737 0.01864583333333334
2 0.41076388888888893 0.3772916666666667 0.026718749999999857 0.022471064814814846
2 0.37020833333333336 0.3887731481481481 0.030613425925925954 0.021111111111111126
2 0.3818287037037037 0.3748842592592593 0.030619212962962904 0.021892361111111126
2 0.38978009259259255 0.39322916666666663 0.02669560185185187 0.019346064814814757
2 0.40547453703703706 0.4017939814814815 0.022806712962962904 0.021487268518518475
2 0.4452604166666667 0.3919155092592592 0.024357638888888998 0.020005787037037058
2 0.46635416666666674 0.3908217592592592 0.025150462962962906 0.02160879629629626
2 0.48746527777777776 0.39207175925925924 0.022025462962962906 0.021446759259259273
2 0.5054513888888889 0.39348379629629626 0.024369212962962905 0.02156828703703706
2 0.5258101851851852 0.3986805555555556 0.025156250000000036 0.022390046296296262
2 0.5094791666666667 0.4096875 0.029056712962962906 0.021811342592592632
2 0.4930671296296296 0.4097569444444444 0.02357060185185187 0.019184027777777855
2 0.4719560185185185 0.40850694444444446 0.028258101851851868 0.01942708333333325
2 0.45090277777777776 0.4150694444444444 0.02826388888888882 0.02020833333333343
2 0.4767650462962963 0.4246701388888889 0.02358217592592595 0.020746527777777857
2 0.4377083333333333 0.42747685185185186 0.029039351851851868 0.01946759259259263
2 0.4220081018518519 0.418130787037037 0.02826967592592595 0.02098958333333343
2 0.3429050925925926 0.39565972222222223 0.0251793981481482 0.02551504629629626
2 0.36483796296296295 0.402337962962963 0.02436342592592595 0.02078703703703706
2 0.38286458333333334 0.40921874999999996 0.028258101851851868 0.019427083333333428
2 0.32894097222222224 0.40967013888888887 0.029837962962962906 0.021851851851851834
2 0.3516493055555555 0.41552662037037036 0.025937500000000037 0.02243055555555564
2 0.3673206018518519 0.4209664351851852 0.02748842592592595 0.020949074074074047
2 0.5182407407407407 0.43189814814814814 0.025943287037037167 0.02321180555555564
2 0.30332175925925925 0.4328819444444444 0.02986111111111107 0.024976851851851833
2 0.32122685185185185 0.4233564814814814 0.025138888888888822 0.020046296296296263
2 0.30343749999999997 0.4485069444444444 0.029837962962962906 0.021851851851851834
2 0.29965277777777777 0.4651157407407407 0.02826388888888891 0.02020833333333343
2 0.32228009259259255 0.4600347222222222 0.022800925925925954 0.020706018518518478
2 0.2958622685185185 0.48094328703703704 0.027494212962962995 0.021730324074074048
2 0.3200868055555556 0.48046875 0.02751157407407412 0.024074074074074046
2 0.30614583333333334 0.49760416666666674 0.029091435185185154 0.026498842592592452
2 0.5308738425925925 0.44921875 0.02748842592592595 0.020949074074074047
2 0.5168865740740741 0.4601041666666667 0.026707175925925954 0.020908564814814668
2 0.5028877314814815 0.4694270833333333 0.025920138888888822 0.020086805555555642
2 0.517806712962963 0.47881365740740733 0.028310185185185334 0.026458333333333427
2 0.49042245370370374 0.47476273148148146 0.020434027777777787 0.017459490740740692
2 0.5014641203703704 0.4882581018518518 0.02828703703703699 0.023333333333333428
2 0.4766608796296296 0.5161168981481481 0.026712962962962904 0.02168981481481467
2 0.45542245370370366 0.49767939814814816 0.02517361111111107 0.02473379629629626
2 0.47728009259259263 0.49420138888888887 0.022812499999999857 0.022268518518518476
2 0.44693865740740735 0.51296875 0.02828124999999986 0.022552083333333427
2 0.42039930555555555 0.5174710648148148 0.032175925925925955 0.02119212962962962
2 0.33362268518518523 0.5141550925925926 0.024369212962962905 0.02156828703703706
2 0.3118460648148148 0.5285706018518519 0.030613425925925954 0.021111111111111035
2 0.339212962962963 0.5302777777777777 0.02516782407407412 0.023952546296296263
2 0.35953703703703704 0.530787037037037 0.022812500000000034 0.022268518518518476
2 0.32603009259259264 0.5442476851851852 0.027500000000000035 0.02251157407407405
2 0.3510474537037037 0.5452951388888889 0.030625000000000034 0.022673611111111214
2 0.4127314814814815 0.5374074074074074 0.02278935185185187 0.019143518518518476
2 0.38786458333333335 0.5566724537037037 0.029062500000000036 0.02259259259259263
2 0.41206597222222224 0.5530729166666667 0.026718750000000034 0.022471064814814666
2 0.36135416666666664 0.5650810185185184 0.0329629629629629 0.022013888888889
2 0.3332118055555555 0.5641956018518519 0.028281250000000036 0.022552083333333427
2 0.3755324074074074 0.5799768518518519 0.03296875000000003 0.022795138888889
2 0.40048611111111115 0.5724305555555556 0.030613425925925954 0.021111111111111035
2 0.4254745370370371 0.5695717592592592 0.025925925925925953 0.020868055555555643
2 0.40609375 0.5908969907407406 0.026718750000000034 0.022471064814814666
2 0.4357581018518518 0.5862326388888889 0.02986111111111107 0.024976851851851833
2 0.45916087962962965 0.5803298611111112 0.025966435185185155 0.02633680555555564
2 0.48575231481481485 0.5828587962962963 0.02986111111111107 0.024976851851851833
2 0.4952488425925926 0.5987789351851852 0.028275462962962905 0.021770833333333427
2 0.5179398148148149 0.6022916666666667 0.028275462962962905 0.021770833333333427
2 0.4165972222222222 0.6372453703703703 0.03380787037037045 0.030648148148148025
2 0.4289525462962963 0.6170659722222223 0.02906249999999986 0.02259259259259263
2 0.4346643518518519 0.6495949074074074 0.02986111111111107 0.024976851851851833
2 0.4537557870370371 0.6947164351851851 0.03297453703703716 0.023576388888889
2 0.45936342592592594 0.7131828703703704 0.032210648148148203 0.02587962962962962
2 0.4535185185185185 0.6626851851851852 0.0283333333333335 0.029583333333333427
2 0.547800925925926 0.6241898148148148 0.02517361111111107 0.02473379629629626
2 0.6193807870370371 0.6861284722222222 0.027534722222222287 0.02719907407407405
2 0.6312210648148149 0.7019270833333333 0.029056712962962906 0.02181134259259245
2 0.4767824074074074 0.7435416666666667 0.029056712962962906 0.021811342592592632
2 0.47925347222222225 0.7606076388888889 0.025943287037036987 0.02321180555555564
2 0.4731365740740741 0.778900462962963 0.03066550925925924 0.028142361111111035
2 0.47950231481481487 0.7942013888888889 0.025162037037037167 0.023171296296296263
2 0.4960648148148148 0.8144444444444445 0.03613425925925924 0.02842592592592581
2 0.5045370370370371 0.7975925925925925 0.03534722222222229 0.027604166666666607
2 0.5280787037037037 0.810439814814815 0.02907986111111107 0.02493634259259281
2 0.5491087962962963 0.8007523148148149 0.025156250000000036 0.022390046296296262
2 0.5725578703703704 0.8010995370370371 0.03297453703703699 0.023576388888889
2 0.5896354166666666 0.7853645833333334 0.027534722222222287 0.02719907407407405
2 0.5684953703703703 0.7802083333333334 0.025150462962962906 0.02160879629629626
2 0.6075810185185185 0.7813078703703704 0.02595486111111107 0.024774305555555643
2 0.6167592592592592 0.7542592592592593 0.025115740740740834 0.01692129629629626