1 0.6213020833333334 0.5054108796296296 0.0328125 0.024594907407407263
1 0.6896875 0.631076388888889 0.03291666666666657 0.02615740740740726
1 0.70234375 0.6572627314814815 0.03390625000000007 0.02931134259259256
0 0.7438020833333333 0.6595775462962963 0.03359375 0.02462384259259256
0 0.734375 0.6350694444444445 0.03442708333333329 0.025434027777777857
0 0.73 0.6162037037037036 0.03828125 0.024797453703703808
0 0.7147916666666667 0.5984953703703704 0.03776041666666678 0.02867476851851869
0 0.6993229166666667 0.6119502314814815 0.03343749999999997 0.02228009259259256
0 0.6819270833333333 0.5964988425925926 0.0328125 0.024594907407407263
0 0.6665625000000001 0.6115162037037037 0.032656250000000143 0.02225115740740744
0 0.6633854166666666 0.6456886574074074 0.03838541666666675 0.02635995370370381
0 0.7299479166666666 0.6738715277777778 0.03385416666666678 0.02853009259259256
0 0.6903124999999999 0.5820023148148149 0.027291666666666714 0.023611111111111072
0 0.6640625 0.5740162037037037 0.03229166666666661 0.028472222222222142
0 0.6420833333333333 0.5716435185185185 0.03932291666666661 0.02873263888888893
0 0.615 0.5628472222222223 0.0296875 0.024479166666666607
0 0.6313541666666667 0.5509837962962963 0.0359375 0.024710648148148096
0 0.6356770833333333 0.5339988425925926 0.035364583333333324 0.027806712962962978
0 0.6593229166666666 0.5379918981481481 0.034375 0.024652777777777857
0 0.6518229166666666 0.5540798611111111 0.037552083333333285 0.02554976851851869
0 0.6786458333333333 0.5589699074074075 0.029843750000000037 0.026822916666666786
0 0.6965104166666667 0.5463831018518519 0.03588541666666671 0.023929398148148096
0 0.7293749999999999 0.5133101851851852 0.03270833333333343 0.02303240740740744
0 0.6715104166666667 0.5220775462962963 0.036354166666666646 0.030960648148148095
0 0.6464062500000001 0.5195891203703704 0.034479166666666575 0.026215277777777858
0 0.6409895833333333 0.4850983796296296 0.03286458333333329 0.025376157407407264
0 0.6652083333333334 0.4976851851851851 0.03453124999999986 0.026996527777777855
0 0.5978645833333334 0.48116319444444444 0.03776041666666661 0.028674768518518513
0 0.5978645833333334 0.504542824074074 0.02979166666666657 0.026041666666666786
2 0.5204166666666666 0.5001157407407407 0.03781250000000007 0.029456018518518513
2 0.5628124999999999 0.49311342592592594 0.033072916666666605 0.02850115740740744
2 0.62203125 0.4578993055555555 0.034479166666666575 0.026215277777777858
2 0.6438020833333333 0.4688368055555555 0.03598958333333328 0.025491898148148097
2 0.6716145833333333 0.476880787037037 0.030000000000000072 0.029166666666666785
2 0.69875 0.4864583333333333 0.03541666666666661 0.028587962962962975
2 0.7209895833333333 0.4810474537037036 0.03213541666666657 0.026128472222222143
2 0.7592708333333333 0.48246527777777776 0.03619791666666661 0.028616898148148096
2 0.7414583333333333 0.4958333333333334 0.03057291666666657 0.026070601851851904
2 0.7684895833333333 0.5038483796296296 0.04104166666666664 0.031134259259259167
2 0.7771874999999999 0.552488425925926 0.03687499999999986 0.027083333333333216
2 0.7815625 0.5245949074074074 0.03760416666666657 0.02633101851851851
2 0.7974479166666667 0.540769675925926 0.037239583333333215 0.03255208333333322
2 0.7612500000000001 0.5355324074074075 0.03213541666666657 0.026128472222222143
2 0.7428645833333334 0.5519965277777777 0.033645833333333285 0.02540509259259256
2 0.6896354166666667 0.5133969907407407 0.03125 0.024537037037037024
2 0.6977083333333333 0.5292824074074074 0.03046875 0.024508101851851906
2 0.7153645833333333 0.5252604166666666 0.03671875 0.024739583333333214
2 0.7189062500000001 0.5433159722222223 0.030364583333333427 0.022945601851851904
2 0.7161979166666667 0.5611400462962963 0.034947916666666676 0.021556712962962975
2 0.7205729166666666 0.580005787037037 0.03442708333333329 0.025434027777777857
2 0.7456770833333334 0.5708043981481482 0.03505208333333343 0.023119212962962977
2 0.7547916666666666 0.590625 0.034531250000000034 0.026996527777777855
2 0.7677604166666667 0.6098090277777778 0.03765625000000004 0.02711226851851851
2 0.77390625 0.6318576388888889 0.037864583333333354 0.03023726851851851
2 0.5934375000000001 0.5784143518518519 0.038697916666666644 0.03104745370370381
2 0.59453125 0.5480613425925925 0.03651041666666668 0.021614583333333215
2 0.6033854166666666 0.52890625 0.026614583333333285 0.025144675925925952
2 0.6454166666666666 0.6099537037037037 0.03255208333333339 0.02068865740740744
2 0.6390104166666667 0.6307581018518519 0.03557291666666664 0.030931712962962977
2 0.7271875 0.7026041666666666 0.03661458333333343 0.023177083333333216
2 0.7409375 0.7218171296296296 0.03526041666666657 0.026244212962962976
2 0.7710416666666667 0.7291666666666666 0.039322916666666784 0.02873263888888893
2 0.7640104166666667 0.7055266203703704 0.03843749999999986 0.02714120370370381
2 0.7504687499999999 0.6894386574074074 0.034479166666666575 0.026215277777777858
2 0.7779166666666667 0.6920138888888889 0.043177083333333324 0.02809606481481488
2 0.7775520833333334 0.674855324074074 0.04067708333333329 0.025665509259259166
2 0.78796875 0.6557581018518519 0.03369791666666675 0.026186342592592737