1 0.4762615740740741 0.5913773148148149 0.04243055555555557 0.03197337962962976
1 0.42762731481481475 0.5599537037037037 0.044774305555555574 0.03206018518518512
1 0.4655324074074074 0.541869212962963 0.03668402777777775 0.027083333333333393
0 0.512193287037037 0.47421875 0.03990162037037024 0.028761574074074047
0 0.47015624999999994 0.5015046296296296 0.04307291666666657 0.02965856481481488
0 0.49030092592592595 0.538888888888889 0.03443287037037042 0.028559027777777857
0 0.5155266203703703 0.53046875 0.03282407407407408 0.02771990740740744
0 0.5243865740740741 0.5089699074074074 0.03429398148148159 0.026215277777777858
0 0.5529224537037037 0.5037905092592593 0.03673032407407408 0.027864583333333394
0 0.5624247685185185 0.4799768518518519 0.04426504629629626 0.023466435185185118
0 0.5925694444444444 0.47563657407407406 0.03618055555555557 0.031741898148148096
0 0.6273958333333333 0.45821759259259254 0.035214120370370236 0.028587962962962975
0 0.6379282407407407 0.4780960648148148 0.04123263888888893 0.024913194444444463
0 0.5854571759259259 0.5003182870370371 0.04169560185185191 0.03272569444444447
0 0.6149189814814815 0.5107638888888889 0.040271990740740726 0.03501157407407405
0 0.6392361111111111 0.5264756944444444 0.04008680555555557 0.031886574074074046
0 0.6327662037037036 0.5488425925925926 0.03530671296296291 0.030150462962962976
0 0.6060590277777778 0.5322627314814815 0.0393518518518519 0.032638888888888926
0 0.574068287037037 0.518605324074074 0.042476851851851904 0.03275462962962976
0 0.5471874999999999 0.5254050925925926 0.035995370370370414 0.028616898148148096
0 0.5717361111111111 0.5450231481481481 0.04219907407407408 0.02806712962962976
0 0.602667824074074 0.5539641203703705 0.036087962962962905 0.030179398148148094
0 0.5946354166666666 0.5762731481481481 0.040133101851851906 0.03266782407407405
0 0.5666435185185185 0.5643229166666666 0.042291666666666575 0.029629629629629763
0 0.5454976851851852 0.549508101851852 0.041603009259259235 0.031163194444444285
0 0.516869212962963 0.553125 0.039994212962962905 0.03032407407407405
0 0.5018518518518519 0.575954861111111 0.040133101851851906 0.03266782407407405
0 0.5336979166666667 0.5740162037037037 0.04500578703703706 0.03596643518518512
0 0.5641261574074073 0.5876157407407407 0.040179398148148235 0.03344907407407405
0 0.527962962962963 0.595630787037037 0.035214120370370236 0.028587962962962975
0 0.5569675925925927 0.6115162037037037 0.03921296296296291 0.030295138888888927
0 0.5136805555555556 0.6177083333333334 0.03916666666666657 0.02951388888888893
0 0.5425462962962964 0.63125 0.04633680555555557 0.03211805555555554
0 0.47792824074074075 0.6195023148148149 0.04891203703703706 0.03611111111111107
0 0.4210763888888889 0.6072627314814815 0.045648148148148236 0.033651620370370415
0 0.43122106481481487 0.5811342592592592 0.036087962962962905 0.030179398148148094
0 0.4499016203703704 0.633275462962963 0.033055555555555574 0.03162615740740744
0 0.47895254629629636 0.6499421296296296 0.04238425925925924 0.03119212962962976
0 0.4986284722222222 0.666261574074074 0.04615162037037042 0.028993055555555536
0 0.4734490740740741 0.6754629629629629 0.045324074074074086 0.028182870370370417
0 0.43949074074074074 0.6812210648148149 0.03930555555555557 0.03185763888888893
0 0.40516203703703707 0.6807291666666666 0.04537037037037024 0.028964120370370237
0 0.2738194444444445 0.6743055555555555 0.039901620370370414 0.028761574074074047
0 0.3120081018518518 0.6741608796296296 0.046475694444444396 0.03446180555555571
0 0.34527777777777774 0.6699363425925926 0.044774305555555574 0.03206018518518512
0 0.3793287037037037 0.6657407407407407 0.04330439814814824 0.03356481481481488
0 0.40836805555555555 0.6559027777777778 0.04697916666666675 0.02980324074074083
0 0.44352430555555555 0.6572048611111111 0.04219907407407408 0.02806712962962976
2 0.3575520833333333 0.5745081018518519 0.04344328703703706 0.03590856481481488
2 0.38417824074074075 0.510792824074074 0.04656828703703706 0.03602430555555554
2 0.41597222222222224 0.4948206018518519 0.04266203703703706 0.03587962962962976
2 0.4206250000000001 0.5207175925925925 0.03893518518518526 0.02560763888888893
2 0.38470486111111113 0.5591435185185185 0.04744212962962955 0.03761574074074083
2 0.3877951388888889 0.5849826388888889 0.042754629629629635 0.03744212962962976
2 0.3818344907407407 0.615943287037037 0.04169560185185182 0.03272569444444447
2 0.37136574074074075 0.6366030092592593 0.038981481481481506 0.026388888888888927
2 0.33395833333333336 0.6367766203703704 0.048865740740740723 0.03532986111111107
2 0.3092361111111111 0.6405381944444445 0.04642939814814815 0.03368055555555553
2 0.26360532407407405 0.6466435185185185 0.04555555555555557 0.032089120370370414
2 0.22270833333333334 0.6537037037037037 0.042476851851851814 0.032754629629629585
2 0.17795717592592591 0.6746527777777778 0.043906249999999994 0.04372106481481488
2 0.22129629629629627 0.682494212962963 0.04597222222222221 0.039120370370370416
2 0.490462962962963 0.6994791666666667 0.04560185185185191 0.03287037037037024
2 0.5189988425925927 0.6942997685185185 0.04344328703703706 0.03590856481481488
2 0.5638368055555556 0.6616608796296296 0.04969328703703706 0.03614004629629619
2 0.585462962962963 0.6188078703703704 0.04311921296296291 0.03043981481481488
2 0.5784895833333333 0.43535879629629626 0.04587962962962955 0.037557870370370415
2 0.6114351851851852 0.4256655092592593 0.03613425925925924 0.030960648148148095
2 0.6380381944444444 0.4141782407407407 0.043489583333333214 0.03668981481481488
2 0.6641030092592592 0.4330729166666666 0.04509837962962955 0.03752893518518512
2 0.6663194444444445 0.4573206018518519 0.03939814814814824 0.03342013888888893
2 0.6875520833333333 0.5656828703703705 0.03747106481481488 0.04036458333333322
2 0.6476215277777777 0.5758969907407407 0.041603009259259235 0.031163194444444466
2 0.6581597222222222 0.5037905092592593 0.04633680555555557 0.03211805555555554
2 0.35443287037037036 0.6928819444444445 0.0368692129629629 0.030208333333333216
2 0.38793402777777775 0.6925636574074074 0.039583333333333394 0.036545138888888926