1 0.3663888888888889 0.5582986111111111 0.046383101851851904 0.03223958333333332
1 0.3325115740740741 0.5769965277777778 0.042476851851851904 0.03215277777777779
1 0.3827372685185185 0.5852430555555556 0.04399305555555557 0.03140625000000004
1 0.35625578703703703 0.6107986111111111 0.048084490740740726 0.03461805555555557
1 0.34751157407407407 0.6398611111111111 0.04813078703703706 0.03539930555555557
1 0.3389525462962963 0.665798611111111 0.05350694444444439 0.033958333333333354
1 0.3192534722222223 0.524236111111111 0.04381365740740737 0.041545138888889
0 0.34568865740740745 0.4994618055555556 0.04427083333333339 0.036093750000000036
0 0.3601099537037037 0.5194270833333333 0.049276620370370415 0.028402777777777822
0 0.4022974537037037 0.5184895833333334 0.04022569444444457 0.0336631944444445
0 0.42018518518518516 0.49312500000000004 0.04266203703703706 0.03527777777777778
0 0.4528125 0.4955208333333333 0.04569444444444439 0.033784722222222285
0 0.4410358796296296 0.5230902777777777 0.04633680555555557 0.031458333333333324
0 0.41565972222222225 0.5431597222222222 0.03852430555555557 0.03128472222222225
0 0.42943287037037037 0.5740624999999999 0.05727430555555557 0.03170138888888889
0 0.45485532407407414 0.5532118055555555 0.0485879629629629 0.029947916666666786
0 0.47559027777777774 0.5324652777777779 0.0510706018518519 0.032343750000000074
0 0.5150694444444445 0.5245659722222222 0.05502314814814806 0.033211805555555605
0 0.5313715277777777 0.5522916666666667 0.05359953703703706 0.035520833333333356
0 0.485 0.5580034722222222 0.048680555555555574 0.031510416666666784
0 0.4633912037037037 0.5803298611111111 0.051851851851851906 0.032361111111111104
0 0.4307523148148148 0.6044618055555555 0.049554398148148236 0.03309027777777782
0 0.40119791666666665 0.6160416666666666 0.034525462962962904 0.029635416666666713
0 0.43101273148148145 0.6395659722222222 0.049143518518518545 0.039322916666666784
0 0.39314236111111106 0.6466493055555556 0.04344328703703706 0.03529513888888882
0 0.40002314814814816 0.6753645833333334 0.05208333333333322 0.036267361111111104
0 0.3632986111111111 0.6894444444444445 0.05203703703703706 0.03548611111111111
0 0.36723958333333334 0.7151041666666667 0.0458333333333333 0.036128472222222284
0 0.3284548611111111 0.7112847222222223 0.04817708333333339 0.03618055555555557
0 0.2925115740740741 0.7253472222222223 0.05240740740740737 0.041736111111111106
0 0.2933506944444445 0.6980208333333333 0.056956018518518545 0.03949652777777786
0 0.30160300925925926 0.6377604166666667 0.04675347222222222 0.03848958333333332
2 0.2858912037037037 0.5210763888888889 0.05222222222222221 0.03861111111111111
2 0.28913194444444446 0.5717187499999999 0.049097222222222216 0.038541666666666786
2 0.23825810185185184 0.6797395833333333 0.04822337962962955 0.036961805555555574
2 0.2363599537037037 0.7117708333333332 0.05451967592592588 0.03788194444444457
2 0.23767939814814812 0.7421701388888888 0.053738425925925884 0.037864583333333354
2 0.24203125 0.7740625 0.05543981481481479 0.04024305555555543
2 0.2769039351851852 0.791232638888889 0.057922453703703705 0.04263888888888871
2 0.30696759259259265 0.7710590277777778 0.04146990740740737 0.04149305555555553
2 0.3440162037037037 0.7515104166666667 0.054288194444444396 0.03397569444444457
2 0.349056712962963 0.7849479166666666 0.05929976851851855 0.039548611111111145
2 0.38164930555555554 0.7615972222222223 0.05383101851851855 0.039427083333333356
2 0.42762152777777784 0.723125 0.054890046296296194 0.04413194444444439
2 0.45107638888888885 0.6828125 0.05350694444444457 0.033958333333333354
2 0.4855266203703704 0.6149479166666667 0.04339699074074073 0.03451388888888882
2 0.5187152777777777 0.5947048611111111 0.04863425925925924 0.030729166666666786
2 0.5797569444444445 0.5652604166666666 0.054612268518518546 0.039444444444444574
2 0.5516087962962963 0.5136111111111111 0.04969328703703688 0.03543402777777782
2 0.5384780092592593 0.4850347222222222 0.0487268518518519 0.03229166666666661
2 0.5021296296296296 0.4796006944444445 0.04569444444444439 0.033784722222222285
2 0.4498900462962963 0.4526736111111111 0.05961805555555557 0.031753472222222176
2 0.4184027777777778 0.47053819444444445 0.03682291666666675 0.02890625
2 0.4578761574074074 0.4759027777777778 0.05336805555555557 0.031614583333333356