1 0.6439409722222222 0.6440972222222222 0.03563078703703706 0.02574652777777775
1 0.6460532407407407 0.6637673611111111 0.03484953703703706 0.0257118055555555
0 0.5987268518518519 0.6099826388888889 0.03398726851851848 0.02411458333333343
0 0.6305844907407407 0.5996527777777778 0.030983796296296263 0.02631944444444443
0 0.6430960648148148 0.6150868055555556 0.03484953703703706 0.0257118055555555
0 0.6209374999999999 0.6195833333333333 0.02843750000000007 0.022309027777777858
0 0.5897800925925927 0.6315104166666667 0.03633101851851848 0.02421875
0 0.613755787037037 0.6372743055555555 0.027899305555555642 0.026961805555555607
0 0.5846585648148148 0.6547743055555555 0.03328703703703688 0.025642361111111
0 0.6117592592592592 0.6606770833333334 0.027858796296296263 0.02618055555555543
0 0.5859895833333333 0.6744097222222223 0.03328703703703688 0.025642361111111
0 0.6146122685185185 0.6811631944444445 0.028680555555555643 0.026996527777777855
0 0.5894212962962964 0.6988368055555556 0.03484953703703706 0.0257118055555555
0 0.6188657407407407 0.70484375 0.031765046296296263 0.02635416666666668
0 0.6418055555555556 0.7003819444444445 0.031643518518518474 0.02401041666666668
0 0.6646527777777778 0.6826041666666667 0.02859953703703706 0.025434027777777857
0 0.6916608796296296 0.6751909722222222 0.03489004629629626 0.0264930555555555
0 0.6888888888888889 0.6531423611111111 0.030040509259259097 0.02315972222222218
0 0.6669212962962963 0.6388541666666667 0.026255787037036883 0.02532986111111111
2 0.6276041666666666 0.5212152777777778 0.032627314814814665 0.02795138888888893
2 0.6225231481481481 0.5436979166666667 0.039577546296296263 0.026701388888889
2 0.6030844907407408 0.5561458333333332 0.028518518518518478 0.023871527777777856
2 0.6269791666666666 0.5634722222222222 0.03102430555555564 0.027100694444444427
2 0.5918749999999999 0.5760069444444444 0.03637152777777786 0.025
2 0.6133449074074073 0.5847916666666666 0.030162037037036883 0.025503472222222358
2 0.6445949074074073 0.5861805555555556 0.03468750000000007 0.0225868055555555
2 0.6790335648148147 0.6166840277777779 0.025434027777777857 0.024513888888888856
2 0.6974189814814815 0.6245486111111112 0.035833333333333425 0.02965277777777775
2 0.7256770833333334 0.6383333333333333 0.035092592592592634 0.0303993055555555
2 0.5648668981481482 0.5834201388888889 0.033368055555555644 0.027204861111111
2 0.57984375 0.5966145833333333 0.030983796296296263 0.02631944444444443
2 0.5571585648148147 0.6112673611111111 0.027777777777777856 0.024618055555555608
2 0.5552025462962963 0.6338888888888888 0.03032407407407405 0.028628472222222357
2 0.552505787037037 0.6556944444444445 0.03328703703703688 0.025642361111111178
2 0.551869212962963 0.6830729166666666 0.03340856481481484 0.027986111111111
2 0.733917824074074 0.660625 0.04270254629629626 0.02684027777777782
2 0.7335243055555555 0.6833159722222222 0.03340856481481467 0.027986111111111
2 0.7086574074074073 0.6947395833333333 0.03641203703703688 0.02578125
2 0.6839120370370371 0.7038194444444444 0.03731481481481484 0.02815972222222225
2 0.5547627314814815 0.7027777777777777 0.03328703703703706 0.025642361111111178
2 0.5843923611111111 0.7354166666666667 0.03575231481481485 0.02809027777777775
2 0.6124768518518519 0.7374479166666668 0.033368055555555644 0.027204861111111
2 0.6401446759259259 0.7324131944444444 0.03965856481481485 0.028263888888888998
2 0.6628703703703704 0.7169791666666667 0.02938078703703706 0.02546874999999993
2 0.4342824074074074 0.4288368055555555 0.03016203703703706 0.025503472222222358
2 0.4379166666666666 0.4493576388888888 0.029340277777777857 0.024687499999999928
2 0.45391203703703703 0.39760416666666665 0.03821759259259263 0.03053819444444441
2 0.45828703703703705 0.4189409722222222 0.03172453703703706 0.025572916666666678
2 0.46356481481481476 0.4379687499999999 0.03398726851851848 0.02411458333333343
2 0.4822222222222223 0.4254861111111111 0.030081018518518476 0.023940972222222356
2 0.48253472222222216 0.40435763888888887 0.030000000000000072 0.022378472222222178
2 0.5071296296296296 0.41328125 0.03258680555555564 0.027170138888888928
2 0.5023958333333333 0.35355902777777776 0.03739583333333343 0.02972222222222225
2 0.5180497685185185 0.33859374999999997 0.03821759259259263 0.0305381944444445
2 0.5440451388888888 0.3507118055555556 0.031186342592592453 0.03022569444444443
2 0.5476041666666667 0.32737847222222227 0.03513310185185183 0.0311805555555555
2 0.57296875 0.32145833333333335 0.037274305555555644 0.02737847222222225
2 0.5701909722222223 0.34482638888888884 0.035549768518518474 0.02418402777777775
2 0.5715625 0.36368055555555556 0.03953703703703706 0.02592013888888891