2 0.778443287037037 0.650144675925926 0.024473379629629654 0.018981481481481488
2 0.7408738425925926 0.6482349537037037 0.018993055555555572 0.01779513888888893
2 0.7524768518518519 0.6395543981481482 0.01824652777777782 0.020081018518518512
2 0.7648958333333333 0.6331597222222223 0.01821180555555557 0.017737268518518513
2 0.7781192129629629 0.628269675925926 0.01821180555555557 0.017737268518518513
2 0.7922743055555556 0.6334780092592592 0.01823495370370374 0.01929976851851851
2 0.8055787037037037 0.634056712962963 0.017442129629629478 0.018460648148148094
2 0.7913078703703704 0.6210358796296296 0.014259259259259239 0.014322916666666786
2 0.8038078703703704 0.6201099537037037 0.018177083333333142 0.015393518518518511
2 0.789537037037037 0.6070891203703703 0.018188657407407403 0.016174768518518512
2 0.8019675925925925 0.6014756944444445 0.014305555555555571 0.017447916666666785
2 0.8199942129629629 0.6040509259259259 0.01816550925925924 0.014612268518518512
2 0.820914351851852 0.6133680555555555 0.023622685185185333 0.014236111111111071
2 0.8119386574074074 0.5882233796296296 0.015844907407407405 0.016001157407407263
2 0.82296875 0.5936631944444445 0.02133680555555557 0.01796875
2 0.823576388888889 0.5818865740740741 0.021302083333333145 0.015625
2 0.7898206018518519 0.5734375 0.021313657407407406 0.01640625
2 0.8029976851851852 0.5654224537037037 0.018188657407407403 0.016174768518518512
2 0.8156134259259259 0.5723090277777778 0.019751157407407405 0.016290509259259345
2 0.7243055555555555 0.6385127314814815 0.023692129629629653 0.01892361111111107
2 0.7116782407407407 0.6308449074074074 0.021313657407407406 0.01640625
2 0.6811747685185185 0.6307581018518518 0.021302083333333322 0.015625
2 0.6935706018518519 0.622800925925926 0.017407407407407406 0.016116898148148096
2 0.7514756944444445 0.6247685185185186 0.018153935185185155 0.013831018518518512
2 0.7406423611111111 0.6326099537037038 0.018188657407407403 0.016174768518518512
2 0.7831597222222222 0.5989583333333334 0.017395833333333322 0.015335648148148095
2 0.792326388888889 0.584201388888889 0.01663773148148149 0.016840277777777857
0 0.762193287037037 0.6091145833333333 0.018223379629629655 0.01851851851851851
0 0.7287152777777778 0.6194155092592593 0.021302083333333322 0.015625
0 0.744212962962963 0.6096643518518519 0.01743055555555557 0.017679398148148097
0 0.7168460648148148 0.6101273148148149 0.022899305555555572 0.01808449074074083
0 0.7010821759259259 0.6019097222222223 0.018223379629629655 0.01851851851851851
0 0.6863194444444444 0.6084780092592592 0.01821180555555557 0.017737268518518513
1 0.7244618055555556 0.5962673611111111 0.020532407407407405 0.01634837962962976
1 0.7381539351851851 0.5702256944444445 0.022129629629629655 0.01880787037037024
1 0.7461284722222222 0.5805844907407407 0.020532407407407405 0.016348379629629584
1 0.7561111111111111 0.568113425925926 0.018981481481481488 0.01701388888888893
1 0.7441724537037038 0.5541377314814815 0.024508101851851906 0.021325231481481487
1 0.6646354166666667 0.5701967592592593 0.021348379629629655 0.01875
1 0.649699074074074 0.5650462962962963 0.019797453703703737 0.019415509259259167
1 0.6651967592592593 0.5552951388888889 0.023692129629629653 0.01892361111111107
1 0.6801793981481482 0.5635706018518519 0.022094907407407403 0.01646412037037024
1 0.6679108796296296 0.5801215277777778 0.022876157407407404 0.016521990740740657
1 0.6055092592592592 0.538599537037037 0.02445023148148149 0.017418981481481487
1 0.6211111111111112 0.5358796296296295 0.024473379629629654 0.01898148148148131
1 0.621730324074074 0.5248842592592593 0.026886574074073976 0.02384259259259256
1 0.6205902777777779 0.5007233796296295 0.028402777777777645 0.020833333333333214
0 0.5903935185185185 0.4685474537037037 0.018188657407407403 0.016174768518518512
0 0.5740219907407408 0.4721064814814815 0.02055555555555557 0.017910879629629582
0 0.5560763888888889 0.475 0.021325231481481487 0.0171875
0 0.5601793981481482 0.4879918981481481 0.019774305555555573 0.017853009259259166
0 0.575 0.4853298611111111 0.01821180555555557 0.017737268518518513
0 0.5905787037037037 0.4810474537037036 0.013489583333333322 0.015046296296296191
0 0.6054224537037036 0.4799479166666666 0.018969907407407404 0.01623263888888893
0 0.6180034722222223 0.48449074074074067 0.019751157407407405 0.016290509259259168
0 0.6312037037037037 0.47803819444444445 0.018188657407407403 0.016174768518518512
0 0.6438194444444444 0.4849247685185185 0.02054398148148149 0.017129629629629585
0 0.657193287037037 0.49019097222222224 0.018200231481481487 0.016956018518518513
0 0.6439814814814815 0.4958622685185185 0.017395833333333322 0.015335648148148095
0 0.6620428240740741 0.50078125 0.020497685185185154 0.014004629629629584
0 0.6472800925925926 0.507349537037037 0.021302083333333322 0.015625
0 0.6606886574074073 0.5149594907407408 0.02133680555555557 0.01796875
0 0.6755787037037038 0.5169849537037037 0.021313657407407406 0.01640625
0 0.6451446759259258 0.5215856481481481 0.01741898148148131 0.016898148148148096
0 0.6593113425925926 0.5275752314814814 0.0220833333333335 0.015682870370370416
0 0.642974537037037 0.5334780092592593 0.01973958333333332 0.015509259259259344
0 0.6742824074074074 0.5350694444444445 0.02211805555555557 0.018026620370370238
0 0.6882523148148147 0.5277777777777778 0.018223379629629655 0.01851851851851851
0 0.7006134259259259 0.5174768518518519 0.019809027777777644 0.020196759259259168
0 0.7063252314814814 0.5334780092592593 0.022910879629629656 0.018865740740740655
0 0.6876446759259259 0.5395543981481481 0.021278935185185154 0.0140625
0 0.6870486111111112 0.5521122685185185 0.017395833333333322 0.015335648148148095
0 0.7026041666666667 0.5462673611111111 0.02055555555555557 0.017910879629629763
0 0.7181597222222222 0.5404224537037037 0.022083333333333323 0.015682870370370416
0 0.7268692129629629 0.5475983796296295 0.022887731481481488 0.017303240740740834
0 0.7400347222222222 0.5388020833333333 0.02054398148148149 0.017129629629629585
0 0.7499131944444445 0.5192997685185186 0.02684027777777782 0.02071759259259256
0 0.7586921296296296 0.5311631944444445 0.02364583333333332 0.015798611111111072
0 0.7705150462962963 0.537326388888889 0.022094907407407403 0.01646412037037024
0 0.7660243055555556 0.550954861111111 0.020567129629629477 0.01869212962962976
0 0.6988831018518519 0.559056712962963 0.019751157407407405 0.016290509259259168
0 0.7107060185185186 0.5652199074074075 0.021325231481481487 0.0171875
0 0.693599537037037 0.5719618055555555 0.018177083333333323 0.015393518518518511
0 0.7093518518518518 0.579398148148148 0.021302083333333322 0.015625
0 0.6914409722222222 0.5846354166666667 0.018177083333333323 0.015393518518518511
0 0.7635011574074074 0.5918113425925926 0.023680555555555573 0.01814236111111107
0 0.7511284722222222 0.6013310185185186 0.022094907407407403 0.016464120370370417
0 0.76640625 0.5767361111111111 0.021302083333333322 0.015625
0 0.7732523148148148 0.5637152777777777 0.020532407407407405 0.016348379629629584
0 0.6446354166666667 0.5927951388888888 0.018153935185185155 0.013831018518518512
0 0.6274826388888889 0.596412037037037 0.022083333333333323 0.015682870370370416
0 0.6636168981481482 0.60703125 0.023657407407407405 0.016579861111111073
0 0.6736574074074074 0.5984664351851852 0.02285300925925924 0.014959490740740832
0 0.6892476851851852 0.5949652777777777 0.019785879629629653 0.018634259259259343
0 0.6468171296296296 0.5816840277777777 0.017384259259259238 0.014554398148148096
0 0.6288483796296296 0.5830150462962963 0.02127893518518533 0.0140625
0 0.6177951388888889 0.5760127314814815 0.0220833333333335 0.015682870370370416
0 0.6222743055555556 0.5616030092592592 0.020567129629629477 0.018692129629629583
0 0.6341319444444444 0.5701099537037037 0.018969907407407404 0.01623263888888893
0 0.6439409722222222 0.5459201388888889 0.017395833333333322 0.015335648148148095
0 0.6276041666666667 0.5518229166666667 0.024473379629629654 0.018981481481481488
0 0.5980208333333333 0.5610532407407407 0.019774305555555573 0.017853009259259166
0 0.5880034722222222 0.5711805555555556 0.01736111111111107 0.012991898148148096
0 0.5777083333333334 0.5625578703703703 0.02442708333333332 0.01585648148148149
0 0.5705150462962962 0.5521412037037037 0.02285300925925924 0.014959490740740832
0 0.5860937500000001 0.5478587962962963 0.022083333333333323 0.015682870370370416
0 0.5820949074074073 0.5418981481481481 0.02211805555555557 0.018026620370370238
0 0.5842534722222222 0.529224537037037 0.019797453703703737 0.019415509259259167
0 0.584837962962963 0.5158854166666667 0.019774305555555573 0.017853009259259166
0 0.5862615740740741 0.5063946759259259 0.020532407407407405 0.01634837962962976
0 0.5876273148148148 0.4929976851851851 0.01661458333333332 0.015277777777777857
0 0.5982581018518518 0.5242766203703704 0.015821759259259237 0.014438657407407263
0 0.602037037037037 0.5153935185185186 0.018969907407407404 0.01623263888888893
0 0.6018518518518519 0.5028935185185185 0.018177083333333323 0.015393518518518511
0 0.6040335648148148 0.4917824074074074 0.018188657407407403 0.01617476851851869
0 0.5525231481481482 0.5519097222222222 0.015798611111111072 0.01287615740740744
0 0.5498784722222222 0.5317708333333334 0.016626157407407405 0.016059027777777856
0 0.5559895833333333 0.5219328703703704 0.018969907407407404 0.01623263888888893
0 0.5558043981481482 0.5094328703703704 0.02286458333333332 0.015740740740740833
0 0.5548726851851852 0.49933449074074077 0.02133680555555557 0.01796875
0 0.5640798611111111 0.5401041666666667 0.021302083333333322 0.015625
0 0.5686168981481481 0.5296006944444445 0.021325231481481487 0.0171875
0 0.5692476851851852 0.5193865740740741 0.02133680555555557 0.01796875
0 0.5714409722222222 0.509056712962963 0.021290509259259238 0.01484375
0 0.5704745370370371 0.4966145833333333 0.021325231481481487 0.0171875
0 0.5321180555555556 0.5471643518518519 0.022876157407407404 0.016521990740740834
0 0.5350925925925927 0.5367766203703704 0.022094907407407403 0.01646412037037024
0 0.5427314814814814 0.5244791666666666 0.019751157407407405 0.016290509259259168
0 0.5394212962962963 0.5122106481481481 0.020532407407407405 0.01634837962962976
0 0.5384895833333333 0.5021122685185185 0.020532407407407405 0.016348379629629584
0 0.5414409722222222 0.49016203703703703 0.01895833333333332 0.015451388888888928
0 0.5389236111111111 0.4786168981481482 0.021348379629629655 0.01875
0 0.5108738425925926 0.5385706018518518 0.024473379629629477 0.018981481481481488
0 0.5240162037037037 0.5282118055555556 0.022876157407407404 0.016521990740740834
0 0.5238541666666666 0.5172743055555555 0.021290509259259238 0.01484375
0 0.5252893518518518 0.5085648148148147 0.018188657407407403 0.016174768518518512
0 0.5258738425925926 0.4952256944444445 0.021383101851851903 0.02109375
0 0.5178877314814815 0.4840856481481482 0.021325231481481487 0.0171875
0 0.5098900462962963 0.4721643518518519 0.022094907407407403 0.01646412037037024
0 0.5246759259259259 0.46715856481481477 0.02052083333333332 0.015567129629629584
0 0.5128414351851852 0.46021412037037035 0.021348379629629655 0.01875
0 0.5307407407407407 0.4541956018518518 0.01821180555555557 0.017737268518518513
0 0.5181250000000001 0.44730902777777776 0.018935185185185333 0.013888888888888928
0 0.5352662037037037 0.4429108796296296 0.024496527777777822 0.02054398148148131
0 0.5202835648148147 0.4346354166666667 0.01814236111111107 0.013049768518518513
0 0.5061168981481481 0.4286458333333333 0.02126736111111107 0.01328125
0 0.5055208333333333 0.4412037037037037 0.023680555555555573 0.01814236111111107
0 0.4994560185185185 0.4541666666666666 0.02055555555555557 0.017910879629629763
0 0.49733217592592593 0.4691840277777778 0.01816550925925924 0.014612268518518512
0 0.492025462962963 0.4805266203703704 0.020578703703703738 0.01947337962962976
0 0.50390625 0.4905960648148149 0.022922453703703737 0.019646990740740833
0 0.49785300925925924 0.5043402777777778 0.018969907407407404 0.01623263888888893
0 0.511087962962963 0.5002314814814814 0.018981481481481488 0.01701388888888893
0 0.5081597222222223 0.513744212962963 0.019704861111111072 0.013165509259259167
0 0.49495949074074075 0.5201967592592592 0.01661458333333332 0.015277777777777857
0 0.5098842592592592 0.5245659722222221 0.01973958333333332 0.015509259259259167
0 0.4966840277777777 0.5310185185185186 0.01814236111111107 0.013049768518518513
0 0.47512731481481485 0.5013310185185185 0.018200231481481487 0.016956018518518513
0 0.4883275462962963 0.49487847222222225 0.02055555555555557 0.017910879629629582
0 0.4640625 0.4935474537037036 0.022887731481481488 0.017303240740740834
0 0.46620949074074075 0.48009259259259257 0.01816550925925924 0.014612268518518512
0 0.47805555555555557 0.487818287037037 0.018188657407407403 0.016174768518518512
0 0.48258101851851853 0.4765335648148149 0.016579861111111073 0.012934027777777857
0 0.48629050925925926 0.46296296296296297 0.016672453703703738 0.019184027777777855
0 0.4728819444444444 0.45535300925925926 0.018153935185185155 0.013831018518518512
0 0.4707233796296296 0.46802662037037035 0.018153935185185155 0.013831018518518512
0 0.49059606481481477 0.43683449074074077 0.017407407407407406 0.016116898148148096
0 0.48765625 0.4495659722222222 0.01816550925925924 0.014612268518518512
0 0.47505208333333326 0.4434606481481481 0.01892361111111107 0.013107638888888929
0 0.47641782407407407 0.43006365740740743 0.017418981481481487 0.016898148148148096
0 0.4927662037037037 0.4249421296296296 0.01976273148148149 0.01707175925925917
0 0.4565335648148148 0.460474537037037 0.0173958333333335 0.015335648148148095
0 0.45439814814814816 0.4747106481481482 0.018177083333333323 0.015393518518518511
0 0.45223958333333336 0.48738425925925927 0.018935185185185156 0.013888888888888928
0 0.43881944444444443 0.47899305555555555 0.021325231481481487 0.0171875
0 0.4253993055555555 0.4706018518518518 0.018200231481481487 0.016956018518518513
0 0.4307291666666666 0.4608217592592593 0.013466435185185333 0.013483796296296369
0 0.44255208333333335 0.46698495370370363 0.01736111111111107 0.012991898148148096
0 0.44317129629629626 0.4559895833333334 0.01976273148148149 0.01707175925925917
0 0.44686921296296295 0.4416377314814815 0.01895833333333332 0.015451388888888928
0 0.4594965277777778 0.4493055555555555 0.018981481481481488 0.01701388888888893
0 0.46320601851851856 0.43573495370370374 0.020532407407407405 0.016348379629629584
0 0.45139467592592586 0.43035300925925923 0.02132523148148131 0.0171875
0 0.4646064814814815 0.424681712962963 0.02052083333333332 0.015567129629629584
0 0.4706828703703704 0.4125 0.018188657407407403 0.016174768518518512
0 0.480150462962963 0.4180555555555555 0.020497685185185154 0.014004629629629584
0 0.4870196759259259 0.4065972222222222 0.020532407407407405 0.016348379629629584
0 0.47439236111111105 0.39892939814814815 0.019751157407407405 0.016290509259259255
0 0.4564814814814815 0.4041666666666666 0.022083333333333323 0.01568287037037024
0 0.45276041666666667 0.4169560185185185 0.02286458333333332 0.015740740740740833
0 0.43564236111111115 0.4229166666666666 0.017395833333333322 0.015335648148148095
0 0.4230497685185185 0.41759259259259257 0.0181770833333335 0.015393518518518511
0 0.4259780092592592 0.40407986111111105 0.01895833333333332 0.015451388888888928
0 0.41262731481481485 0.40037615740740745 0.018188657407407403 0.016174768518518512
0 0.40081597222222226 0.394994212962963 0.01821180555555557 0.017737268518518513
0 0.3955324074074074 0.40789930555555554 0.02052083333333332 0.015567129629629584
0 0.41126157407407404 0.4137731481481481 0.018981481481481488 0.01701388888888893
0 0.3949363425925926 0.42045717592592596 0.01976273148148149 0.01707175925925917
0 0.37928819444444445 0.4200520833333334 0.016626157407407405 0.016059027777777856
0 0.3911921296296296 0.43168402777777787 0.019728009259259237 0.014728009259259166
0 0.40380787037037036 0.4385706018518518 0.018200231481481487 0.016956018518518513
0 0.4067592592592592 0.4266203703703704 0.015844907407407405 0.016001157407407263
0 0.41931712962962964 0.4296006944444445 0.018935185185185156 0.013888888888888928
0 0.4366087962962963 0.43535879629629626 0.017418981481481487 0.016898148148148096
0 0.4187094907407407 0.4413773148148148 0.01895833333333332 0.015451388888888928
0 0.43132523148148144 0.4482638888888889 0.02052083333333332 0.01556712962962976
2 0.32223958333333336 0.3703125 0.018993055555555572 0.01779513888888893
2 0.3385532407407407 0.3628472222222222 0.01585648148148149 0.01678240740740744
2 0.3541898148148148 0.3624710648148148 0.022876157407407404 0.016521990740740657
2 0.3426909722222222 0.37818287037037035 0.02054398148148149 0.017129629629629585
2 0.35828125 0.374681712962963 0.01894675925925924 0.014670138888888929
2 0.37307870370370366 0.370457175925926 0.020532407407407405 0.016348379629629584
2 0.3894270833333333 0.3653356481481482 0.020532407407407405 0.016348379629629584
2 0.3903935185185185 0.37777777777777777 0.019751157407407405 0.016290509259259255
2 0.37405671296296295 0.3836805555555555 0.015810185185185156 0.013657407407407441
2 0.36005208333333333 0.38862847222222224 0.021313657407407406 0.01640625
2 0.37263310185185183 0.39317129629629627 0.018188657407407403 0.016174768518518512
2 0.3720601851851852 0.4072916666666667 0.018188657407407403 0.016174768518518512
2 0.35325231481481484 0.40477430555555555 0.02285300925925924 0.014959490740740832
2 0.35653935185185187 0.41548032407407404 0.01895833333333332 0.015451388888888928
2 0.355150462962963 0.42731481481481487 0.02285300925925924 0.014959490740740832
2 0.36078125 0.4378472222222222 0.021290509259259238 0.01484375
2 0.3467766203703704 0.44279513888888894 0.015821759259259237 0.014438657407407263
2 0.3609085648148148 0.4464409722222221 0.019704861111111072 0.013165509259259167
2 0.3665277777777778 0.4561921296296296 0.01895833333333332 0.015451388888888928
2 0.375005787037037 0.44774305555555555 0.01895833333333332 0.015451388888888928
2 0.3795543981481481 0.4380208333333334 0.014270833333333321 0.015104166666666785
2 0.40454861111111107 0.3829861111111111 0.01583333333333332 0.01521990740740744
2 0.4066840277777778 0.36875 0.019004629629629656 0.018576388888888927
2 0.4169560185185185 0.3758101851851852 0.02055555555555557 0.017910879629629582
2 0.43035300925925923 0.38263888888888886 0.017395833333333322 0.015335648148148185
2 0.449068287037037 0.37890625 0.02211805555555557 0.018026620370370415
2 0.4523668981481482 0.3903935185185185 0.021302083333333322 0.015625
2 0.43520254629629634 0.3932291666666667 0.018200231481481487 0.016956018518518513
2 0.4678993055555556 0.38298611111111114 0.01821180555555557 0.017737268518518513
2 0.48114583333333333 0.3796585648148148 0.01976273148148149 0.017071759259259345
2 0.49470486111111106 0.3974247685185185 0.015833333333333498 0.01521990740740744
2 0.390630787037037 0.4465856481481481 0.01578703703703699 0.012094907407407263
2 0.386082175925926 0.4563078703703704 0.02207175925925924 0.014901620370370239
2 0.4056365740740741 0.45642361111111107 0.021302083333333322 0.015625
2 0.3870254629629629 0.4671875 0.018177083333333323 0.015393518518518511
2 0.4034664351851852 0.46831597222222215 0.01973958333333332 0.015509259259259167
2 0.39972222222222226 0.47954282407407406 0.017384259259259238 0.014554398148148096
2 0.41612847222222216 0.47832754629629626 0.01892361111111107 0.013107638888888929
2 0.4248495370370371 0.48628472222222224 0.018935185185185333 0.013888888888888928
2 0.5112847222222222 0.40792824074074074 0.018177083333333323 0.015393518518518511
2 0.5215451388888889 0.41420717592592593 0.019728009259259237 0.014728009259259166
2 0.5075405092592593 0.41915509259259254 0.01736111111111107 0.012991898148148096
2 0.5326215277777778 0.42277199074074073 0.021302083333333322 0.015625
2 0.5468229166666667 0.43110532407407404 0.0173958333333335 0.015335648148148095
2 0.5570949074074074 0.43816550925925923 0.02207175925925924 0.014901620370370416
2 0.5728125000000001 0.4432581018518519 0.020497685185185334 0.01400462962962976
2 0.5861863425925926 0.44852430555555556 0.021290509259259238 0.01484375
2 0.5753298611111111 0.45480324074074074 0.02052083333333332 0.015567129629629584
2 0.5557175925925926 0.45078125 0.020474537037037166 0.012442129629629584
2 0.5558912037037038 0.4625 0.019681712962962904 0.011603009259259167
2 0.6044212962962963 0.465162037037037 0.01737268518518533 0.013773148148148095
2 0.613923611111111 0.4730613425925926 0.020486111111111073 0.013223379629629762
2 0.6279050925925926 0.46655092592592595 0.018153935185185155 0.013831018518518512
2 0.6450925925925926 0.4652777777777778 0.023634259259259237 0.015017361111111072
2 0.6624189814814815 0.4733796296296296 0.019751157407407405 0.016290509259259168
2 0.6705208333333333 0.49233217592592593 0.015052083333333322 0.015162037037037024
2 0.6854340277777778 0.4959201388888889 0.02132523148148131 0.0171875
2 0.6980381944444444 0.502025462962963 0.022037037037037167 0.012557870370370238
2 0.6863773148148148 0.5067997685185185 0.018153935185185155 0.013831018518518512
2 0.7174768518518518 0.49432870370370374 0.018177083333333323 0.015393518518518511
2 0.7277141203703704 0.4990451388888889 0.02054398148148149 0.017129629629629762
2 0.7434201388888889 0.5033564814814815 0.018969907407407404 0.01623263888888893
2 0.755011574074074 0.49389467592592595 0.021325231481481487 0.0171875
2 0.7668460648148148 0.5008391203703704 0.024403935185185154 0.014293981481481487
2 0.7839293981481481 0.4925347222222222 0.021302083333333322 0.015625
2 0.7583564814814815 0.5085069444444444 0.018935185185185156 0.013888888888888928
2 0.7129976851851852 0.508738425925926 0.01737268518518533 0.013773148148148095
2 0.7294849537037037 0.512991898148148 0.019716435185185156 0.013946759259259167
2 0.7203530092592593 0.5300925925925926 0.01894675925925924 0.014670138888888929
2 0.7327951388888889 0.5252604166666666 0.017395833333333322 0.015335648148148095
2 0.7771643518518518 0.5110243055555556 0.018177083333333323 0.015393518518518511
2 0.7765567129629629 0.522800925925926 0.017395833333333322 0.015335648148148095
2 0.7905844907407407 0.5194155092592593 0.022887731481481488 0.017303240740740654
2 0.7970081018518519 0.5306712962962963 0.021290509259259238 0.01484375
2 0.7917013888888889 0.5420138888888889 0.018912037037037165 0.012326388888888928
2 0.8003993055555554 0.5484085648148148 0.023668981481481666 0.01736111111111107
2 0.7942766203703704 0.5574652777777778 0.021290509259259238 0.01484375
2 0.7816493055555556 0.5497974537037037 0.018177083333333323 0.015393518518518511
2 0.6046875 0.5887152777777778 0.015821759259259237 0.01443865740740744
2 0.63859375 0.6073206018518519 0.01663773148148149 0.016840277777777857
2 0.6724189814814815 0.620457175925926 0.019716435185185156 0.013946759259259167
2 0.593599537037037 0.579369212962963 0.022060185185185332 0.014120370370370238
2 0.5668287037037036 0.5672743055555556 0.01585648148148149 0.01678240740740744
2 0.5518923611111111 0.5621238425925925 0.019716435185185156 0.013946759259259167
2 0.5377719907407407 0.5592592592592592 0.015787037037037165 0.01209490740740744
2 0.45103587962962965 0.51171875 0.017407407407407406 0.016116898148148096
2 0.4698900462962963 0.517361111111111 0.017395833333333322 0.015335648148148095
2 0.4794039351851852 0.5260416666666666 0.0173958333333335 0.015335648148148095
2 0.4413831018518518 0.49366319444444445 0.013478009259259238 0.01426504629629619
2 0.485011574074074 0.5350115740740741 0.01664930555555557 0.017621527777777857