1 0.4632291666666667 0.6134375000000001 0.026302083333333216 0.021197916666666573
1 0.4875 0.6158333333333333 0.025520833333333392 0.021145833333333287
1 0.5241666666666667 0.6291666666666667 0.030885416666666644 0.01994791666666664
1 0.5074479166666667 0.6233854166666666 0.021510416666666643 0.01932291666666668
1 0.53390625 0.6119270833333333 0.026302083333333393 0.021197916666666573
1 0.5418749999999999 0.6264583333333333 0.027083333333333216 0.021250000000000036
1 0.49640625 0.5977604166666667 0.018333333333333358 0.018333333333333358
1 0.5080729166666667 0.6094270833333333 0.026302083333333216 0.021197916666666573
1 0.5205729166666667 0.59859375 0.02286458333333332 0.01630208333333343
1 0.515625 0.5827083333333333 0.026197916666666644 0.019635416666666572
1 0.4968229166666667 0.5806770833333333 0.024583333333333356 0.01875
1 0.47072916666666664 0.5976041666666667 0.031770833333333214 0.02156249999999993
1 0.4692187499999999 0.5749479166666667 0.02703124999999993 0.02046874999999986
1 0.52734375 0.5718229166666667 0.02401041666666668 0.021822916666666713
1 0.5521354166666667 0.5703645833333333 0.02401041666666668 0.021822916666666713
1 0.5054166666666667 0.5579166666666666 0.02453125000000007 0.01796875
1 0.47932291666666665 0.5631770833333334 0.02140625000000007 0.017760416666666678
1 0.4983854166666667 0.5691145833333333 0.02531250000000007 0.018020833333333285
1 0.4890104166666667 0.54515625 0.023906249999999928 0.020260416666666715
1 0.5146354166666667 0.54453125 0.027083333333333216 0.021250000000000036
1 0.5384375 0.5515625 0.0240104166666665 0.021822916666666713
1 0.5796875 0.5403125 0.029635416666666713 0.02453125000000007
1 0.56078125 0.53671875 0.027291666666666714 0.024375000000000036
1 0.5622395833333333 0.55859375 0.027708333333333356 0.01895833333333332
0 0.3990625 0.6076041666666667 0.022395833333333302 0.020937499999999963
0 0.41265625000000006 0.58984375 0.023177083333333216 0.02098958333333325
0 0.4317708333333333 0.5848958333333334 0.023072916666666644 0.019427083333333428
0 0.4216145833333333 0.6075520833333333 0.03104166666666668 0.022291666666666644
0 0.4445833333333333 0.6020833333333334 0.025520833333333215 0.021145833333333287
0 0.40718750000000004 0.6244791666666666 0.026302083333333216 0.021197916666666573
0 0.4336458333333333 0.6246875000000001 0.0279166666666665 0.022083333333333323
0 0.4253125 0.6396875 0.029479166666666678 0.022187500000000072
0 0.4496354166666666 0.6428645833333333 0.031927083333333425 0.023906249999999928
0 0.45609374999999996 0.6230729166666666 0.028697916666666677 0.022135416666666786
0 0.43239583333333337 0.6642708333333334 0.030364583333333427 0.023802083333333356
0 0.4571875 0.6628125 0.030208333333333216 0.021458333333333357
0 0.4731249999999999 0.6802083333333333 0.033333333333333215 0.021666666666666678
0 0.4833333333333333 0.6583333333333333 0.03026041666666668 0.022239583333333358
0 0.47505208333333326 0.6391145833333333 0.02624999999999993 0.020416666666666573
0 0.4970833333333333 0.6429166666666667 0.031927083333333425 0.023906249999999928
0 0.4961458333333333 0.6755208333333333 0.0286979166666665 0.022135416666666786
0 0.5052083333333334 0.6947916666666666 0.03197916666666671 0.024687499999999928
0 0.5310937499999999 0.6980729166666666 0.035208333333333286 0.026458333333333427
0 0.525 0.6766666666666666 0.028749999999999963 0.022916666666666606
0 0.5153125 0.6596875 0.03432291666666672 0.024843749999999963
0 0.5241145833333334 0.6400520833333333 0.030104166666666644 0.019895833333333356
0 0.5400520833333333 0.6574479166666667 0.030312499999999964 0.02302083333333336
0 0.5515104166666667 0.67765625 0.031093750000000142 0.023072916666666644
0 0.56140625 0.6977604166666667 0.03104166666666668 0.022291666666666644
0 0.5547916666666667 0.7152083333333333 0.03104166666666668 0.022291666666666644
0 0.57546875 0.72203125 0.029635416666666713 0.02453125000000007
0 0.6002604166666666 0.7205729166666666 0.03432291666666672 0.024843750000000143
0 0.5905208333333333 0.7028125 0.031927083333333425 0.023906249999999928
0 0.60828125 0.68921875 0.03515625 0.025677083333333427
0 0.5813020833333333 0.6811979166666667 0.029635416666666713 0.02453125000000007
0 0.5677604166666667 0.6647395833333333 0.03515625 0.025677083333333427
0 0.5871875 0.6528125 0.030416666666666713 0.024583333333333356
0 0.5569791666666667 0.6430208333333333 0.03197916666666671 0.024687499999999928
0 0.5748958333333333 0.6317708333333333 0.034479166666666575 0.027187499999999965
0 0.5969791666666666 0.6363541666666667 0.03192708333333325 0.023906249999999928
0 0.61375 0.6545833333333333 0.03260416666666668 0.022395833333333393
0 0.5953125 0.6696875 0.03260416666666668 0.022395833333333216
0 0.6251041666666667 0.6732291666666667 0.030312499999999964 0.02302083333333336
0 0.6370312499999999 0.6888020833333333 0.031197916666666714 0.024635416666666642
0 0.6547395833333333 0.7094270833333333 0.031197916666666714 0.024635416666666642
0 0.6626041666666667 0.6873958333333332 0.029843750000000037 0.02765625000000007
0 0.6370312499999999 0.7238020833333334 0.034375 0.02562500000000014
0 0.6590104166666666 0.7384895833333334 0.035104166666666714 0.02489583333333343
0 0.6208333333333333 0.7375 0.03343749999999997 0.02322916666666668
0 0.5421875 0.7478125 0.027239583333333428 0.023593749999999858
0 0.5488541666666666 0.7661458333333334 0.029427083333333215 0.02140625000000007
0 0.5641666666666667 0.7391666666666666 0.033645833333333285 0.02635416666666668
0 0.5779166666666666 0.75875 0.02791666666666668 0.0220833333333335
0 0.59296875 0.73953125 0.031927083333333425 0.023906249999999928
0 0.60515625 0.7590104166666667 0.03197916666666671 0.024687499999999928
0 0.5933854166666667 0.6174479166666667 0.027239583333333428 0.023593749999999858
0 0.5657291666666666 0.5992708333333333 0.028958333333333287 0.026041666666666786
0 0.5438020833333332 0.5853645833333333 0.019895833333333356 0.01843749999999993
1 0.6146354166666667 0.5861979166666667 0.025364583333333357 0.018802083333333285
1 0.6342187499999999 0.58828125 0.019010416666666786 0.016822916666666642
1 0.633125 0.571875 0.02375000000000007 0.017916666666666713
0 0.5919791666666667 0.5730208333333333 0.022239583333333358 0.01859375000000014
0 0.5719270833333333 0.5755729166666667 0.0205208333333335 0.016145833333333214
0 0.5961979166666667 0.5546354166666667 0.019583333333333286 0.013749999999999929
0 0.6141145833333332 0.5667187499999999 0.0205208333333335 0.016145833333333394
0 0.5349999999999999 0.5349999999999999 0.02375000000000007 0.017916666666666713
0 0.4375 0.5541666666666666 0.029427083333333392 0.02140625000000007
0 0.4457291666666666 0.5726041666666667 0.026041666666666786 0.017291666666666573
0 0.42453124999999997 0.5696354166666666 0.027604166666666607 0.017395833333333322
2 0.36182291666666666 0.5740104166666666 0.026302083333333393 0.021197916666666573
2 0.37328125 0.55921875 0.03046875 0.025364583333333357
2 0.39015625 0.5790104166666666 0.027083333333333393 0.021250000000000036
2 0.39755208333333336 0.5616145833333334 0.02713541666666668 0.022031250000000037
2 0.4114062499999999 0.5477604166666666 0.025520833333333215 0.021145833333333287
2 0.3747395833333333 0.5927604166666667 0.026197916666666644 0.019635416666666572
2 0.3805208333333333 0.6094791666666667 0.027083333333333303 0.021250000000000036
2 0.38734375 0.63015625 0.026197916666666644 0.019635416666666572
2 0.3885416666666667 0.648125 0.02859375000000002 0.020572916666666784
2 0.41161458333333323 0.6558854166666667 0.02312499999999993 0.02020833333333343
2 0.3969270833333333 0.66890625 0.02880208333333334 0.023697916666666784
2 0.4151041666666667 0.6965625 0.025 0.025
2 0.44052083333333336 0.7044791666666667 0.03104166666666668 0.022291666666666644
2 0.4377083333333333 0.6856249999999999 0.028697916666666677 0.022135416666666786
2 0.47098958333333335 0.7065104166666666 0.03046875 0.025364583333333357
2 0.5026041666666666 0.7257291666666668 0.03270833333333343 0.023958333333333214
2 0.5333854166666667 0.7324479166666666 0.02880208333333343 0.023697916666666784
2 0.47833333333333333 0.735 0.03270833333333343 0.023958333333333214
2 0.4921354166666667 0.7553645833333332 0.03505208333333343 0.02411458333333343
2 0.5117708333333333 0.7465624999999999 0.028854166666666715 0.024479166666666784
2 0.4959375 0.7773958333333333 0.02802083333333343 0.023645833333333498
2 0.5186458333333333 0.7680208333333333 0.03348958333333343 0.0240104166666665
2 0.5241145833333334 0.79171875 0.028854166666666715 0.024479166666666607
2 0.47130208333333334 0.7811979166666667 0.03104166666666668 0.022291666666666644
2 0.44015624999999997 0.7690104166666666 0.028697916666666677 0.022135416666666786
2 0.44546875 0.7903645833333333 0.02953125000000014 0.022968749999999892
2 0.47041666666666665 0.8029166666666667 0.03411458333333339 0.02171875000000014
2 0.49822916666666667 0.8001041666666666 0.029635416666666713 0.02453125000000007
2 0.4134895833333333 0.7890104166666667 0.029479166666666678 0.022187500000000072
2 0.43182291666666667 0.80734375 0.030364583333333427 0.023802083333333356
2 0.4491666666666667 0.8225 0.035833333333333425 0.024166666666666715
2 0.44515625 0.8440104166666667 0.03588541666666671 0.024947916666666715
2 0.41833333333333333 0.8266666666666665 0.03104166666666668 0.022291666666666998
2 0.4022916666666667 0.8077083333333335 0.03197916666666671 0.024687499999999928
2 0.39057291666666666 0.8302604166666667 0.03197916666666663 0.024687499999999928
2 0.4134895833333333 0.84734375 0.035833333333333425 0.024166666666666715
2 0.4294270833333334 0.8647395833333335 0.035416666666666784 0.029583333333333427
2 0.3900520833333333 0.8574479166666666 0.03343749999999997 0.023229166666666856
2 0.3634895833333333 0.8440104166666668 0.029531249999999964 0.022968749999999715
2 0.36500000000000005 0.8666666666666668 0.029635416666666713 0.024531249999999716
2 0.4100520833333333 0.8774479166666665 0.034375 0.02562500000000014
2 0.3856770833333333 0.88515625 0.03572916666666668 0.022604166666666713
2 0.34984374999999995 0.8843229166666667 0.03286458333333329 0.02630208333333357
2 0.56640625 0.79609375 0.031302083333333286 0.026197916666666644
0 0.57296875 0.7778645833333334 0.02635416666666668 0.02197916666666657
2 0.59578125 0.7933854166666666 0.03182291666666668 0.02234374999999993
2 0.6233854166666667 0.7874479166666667 0.03093749999999993 0.020729166666666642
2 0.6456770833333334 0.76015625 0.03046875 0.025364583333333357
2 0.6525520833333334 0.7816145833333333 0.032760416666666715 0.024739583333333214
2 0.6766666666666666 0.7699999999999999 0.03203125 0.02546874999999993
2 0.6968229166666667 0.75734375 0.028854166666666715 0.024479166666666607
2 0.7104687500000001 0.7403645833333334 0.03270833333333343 0.023958333333333214
2 0.68359375 0.7339062500000001 0.0296875 0.02531250000000007
2 0.6972916666666666 0.7177083333333333 0.028125 0.025208333333333322
2 0.7240624999999999 0.7226041666666667 0.03598958333333328 0.026510416666666713
2 0.7102604166666666 0.7022395833333334 0.033645833333333285 0.02635416666666668
2 0.6856770833333334 0.6951562499999999 0.022552083333333427 0.023281250000000142
2 0.6992708333333333 0.6773958333333333 0.030364583333333427 0.023802083333333356
2 0.7278125 0.6855208333333334 0.03375000000000004 0.02791666666666668
2 0.7305729166666667 0.66859375 0.033645833333333285 0.02635416666666668
2 0.70640625 0.6560937499999999 0.03505208333333343 0.02411458333333343
2 0.6809895833333334 0.6598437500000001 0.03348958333333343 0.02401041666666668
2 0.6564062500000001 0.6527604166666666 0.0328125 0.025520833333333215
2 0.6897916666666667 0.6402083333333334 0.027239583333333428 0.023593749999999858
2 0.6622395833333333 0.6352604166666667 0.03125 0.025416666666666643
2 0.6735416666666667 0.618125 0.028958333333333287 0.026041666666666786
2 0.6496875 0.6103125 0.031145833333333428 0.02385416666666664
2 0.6358333333333334 0.6241666666666668 0.030520833333333285 0.026145833333333358
2 0.6006770833333333 0.5984895833333332 0.01984375000000007 0.01765624999999993
2 0.6252604166666667 0.6055729166666667 0.02776041666666664 0.01973958333333332
2 0.6157812500000001 0.6150520833333333 0.022552083333333427 0.023281249999999965
2 0.629375 0.6439583333333333 0.026406249999999964 0.02276041666666657