1 0.58984375 0.61015625 0.02734375 0.02421875
1 0.56953125 0.5984375 0.0234375 0.01953125
1 0.546875 0.58828125 0.02578125 0.01875
1 0.52421875 0.58046875 0.02578125 0.01875
1 0.50234375 0.5890625 0.02578125 0.01796875
1 0.5234375 0.5984375 0.021875 0.01875
1 0.54765625 0.6078125 0.02421875 0.015625
1 0.5640625 0.6171875 0.025 0.01875
1 0.56484375 0.63515625 0.0234375 0.01953125
1 0.54453125 0.625 0.02578125 0.01640625
1 0.52578125 0.6171875 0.02421875 0.01640625
1 0.50390625 0.60703125 0.02421875 0.01484375
1 0.47890625 0.5953125 0.02109375 0.01953125
1 0.46171875 0.6046875 0.02421875 0.01640625
1 0.48125 0.6140625 0.02265625 0.01796875
1 0.50234375 0.62421875 0.0234375 0.01796875
1 0.48515625 0.6328125 0.025 0.01953125
1 0.4671875 0.62421875 0.02578125 0.015625
1 0.44609375 0.6140625 0.02734375 0.02109375
1 0.44375 0.6328125 0.02734375 0.0203125
1 0.46328125 0.640625 0.025 0.02109375
1 0.4859375 0.65234375 0.02578125 0.0203125
1 0.50390625 0.64140625 0.0296875 0.01796875
1 0.52890625 0.6546875 0.02890625 0.01875
1 0.546875 0.64140625 0.02734375 0.0234375
1 0.50390625 0.6625 0.0296875 0.01875
1 0.48671875 0.6734375 0.0296875 0.01953125
1 0.46484375 0.66171875 0.02734375 0.02265625
1 0.4453125 0.65234375 0.03046875 0.02265625
1 0.42578125 0.640625 0.0296875 0.025
1 0.40390625 0.6515625 0.03359375 0.02265625
1 0.40390625 0.66953125 0.02734375 0.02265625
1 0.42734375 0.66171875 0.0265625 0.0203125
1 0.42890625 0.68125 0.03046875 0.02421875
1 0.44921875 0.67265625 0.0296875 0.021875
1 0.45078125 0.69296875 0.0296875 0.0234375
1 0.47109375 0.6828125 0.02421875 0.02421875
1 0.43203125 0.70234375 0.03125 0.02265625
1 0.40546875 0.6921875 0.03359375 0.025
1 0.38671875 0.68125 0.03125 0.02578125
1 0.365625 0.6734375 0.02890625 0.02265625
1 0.3453125 0.68515625 0.03203125 0.01875
1 0.3484375 0.70390625 0.02734375 0.0203125
1 0.36953125 0.69609375 0.025 0.0203125
1 0.36953125 0.71640625 0.0265625 0.02109375
1 0.3546875 0.72734375 0.02578125 0.02265625
1 0.38984375 0.70546875 0.03046875 0.025
1 0.3921875 0.72578125 0.0296875 0.02265625
1 0.41015625 0.71484375 0.02890625 0.0265625
0 0.51796875 0.68359375 0.02734375 0.02265625
0 0.53828125 0.67109375 0.02890625 0.02265625
0 0.5578125 0.6609375 0.0265625 0.01875
0 0.49765625 0.69296875 0.03125 0.0203125
0 0.47421875 0.703125 0.02421875 0.01796875
0 0.45546875 0.7125 0.0296875 0.01875
0 0.43515625 0.72109375 0.03046875 0.02421875
0 0.40703125 0.74375 0.0296875 0.02265625
0 0.36484375 0.746875 0.028125 0.01796875
0 0.340625 0.753125 0.0296875 0.02265625
0 0.3625 0.7625 0.03046875 0.02265625
0 0.38984375 0.75546875 0.0328125 0.02421875
0 0.3234375 0.71328125 0.03046875 0.0203125
0 0.325 0.69375 0.0296875 0.01796875
0 0.325 0.675 0.0296875 0.02265625
0 0.34765625 0.66328125 0.02890625 0.02109375
0 0.36796875 0.64921875 0.02734375 0.025
0 0.38984375 0.63671875 0.0296875 0.021875
0 0.409375 0.62734375 0.028125 0.02421875
0 0.43046875 0.6 0.0265625 0.01875
0 0.4546875 0.59140625 0.0328125 0.021875
0 0.4703125 0.58359375 0.03125 0.02265625
0 0.490625 0.575 0.02734375 0.01875
0 0.58046875 0.63828125 0.021875 0.02265625
0 0.60234375 0.63828125 0.0265625 0.02421875
0 0.61640625 0.60625 0.02578125 0.01875
0 0.596875 0.59140625 0.025 0.0203125
0 0.61875 0.584375 0.0265625 0.021875
0 0.596875 0.5734375 0.02734375 0.02109375
0 0.61640625 0.5640625 0.02578125 0.0203125
0 0.57421875 0.57890625 0.03359375 0.02265625
0 0.5515625 0.56796875 0.0296875 0.021875
0 0.578125 0.5578125 0.03203125 0.02421875
0 0.55625 0.55 0.02890625 0.02265625
0 0.53359375 0.5578125 0.02734375 0.02265625
0 0.5125 0.565625 0.03046875 0.02578125
2 0.48984375 0.553125 0.0296875 0.02421875
2 0.4671875 0.565625 0.03125 0.01796875
2 0.4484375 0.57265625 0.0296875 0.021875
2 0.42734375 0.584375 0.025 0.02109375
2 0.5140625 0.5453125 0.0296875 0.0203125
2 0.53359375 0.534375 0.02578125 0.02265625
2 0.63203125 0.64765625 0.0296875 0.021875
2 0.62578125 0.62265625 0.02890625 0.021875
2 0.609375 0.65703125 0.02734375 0.01640625
2 0.5859375 0.66328125 0.03359375 0.02578125
2 0.565625 0.675 0.03125 0.01953125
2 0.553125 0.68984375 0.03203125 0.02109375
2 0.50078125 0.70859375 0.0296875 0.02109375
2 0.5203125 0.6984375 0.03125 0.02265625
2 0.48125 0.71953125 0.02734375 0.01875
2 0.46171875 0.73203125 0.03046875 0.02421875
2 0.4515625 0.74765625 0.03125 0.025
2 0.309375 0.73515625 0.0296875 0.02578125
2 0.334375 0.7828125 0.02734375 0.02421875
2 0.3015625 0.6734375 0.0234375 0.02265625