1 0.3930902777777778 0.5570023148148149 0.045775462962962976 0.032928240740740834
1 0.35923032407407407 0.5762152777777778 0.04108796296296298 0.032754629629629585
1 0.41142361111111114 0.5844328703703704 0.04342013888888889 0.03206018518518512
1 0.38450231481481484 0.6096354166666667 0.04659143518518523 0.03530092592592595
1 0.3778125 0.6395543981481481 0.04660300925925931 0.036082175925925955
1 0.37039930555555556 0.6655960648148149 0.05204861111111114 0.03472222222222214
1 0.3443923611111111 0.5236689814814814 0.04280092592592588 0.04296875
0 0.3697627314814815 0.49774305555555554 0.043501157407407384 0.03752893518518512
0 0.3850752314814815 0.5182581018518518 0.04884259259259256 0.029137731481481487
0 0.4272743055555555 0.5159143518518519 0.03876736111111114 0.034230324074074045
0 0.4448206018518519 0.49105902777777777 0.04113425925925931 0.03587962962962958
0 0.47837962962962965 0.4921585648148148 0.04423611111111114 0.03443287037037042
0 0.46703703703703703 0.5199074074074075 0.045763888888888896 0.03214699074074083
0 0.4417361111111111 0.5411458333333334 0.037951388888888896 0.03185763888888893
0 0.4576793981481481 0.5717881944444445 0.05670138888888889 0.03255208333333322
0 0.4822106481481481 0.5497974537037036 0.048084490740740726 0.03067129629629619
0 0.5020428240740741 0.5287615740740741 0.05046296296296297 0.0331018518518519
0 0.5419907407407407 0.5202546296296295 0.05438078703703706 0.03402777777777786
0 0.55953125 0.5484953703703704 0.05207175925925931 0.03628472222222214
0 0.5133680555555555 0.5548900462962963 0.048107638888888894 0.03223379629629619
0 0.4919502314814815 0.5775462962962963 0.05124421296296298 0.03313078703703702
0 0.45957175925925925 0.6021701388888889 0.04891203703703706 0.03382523148148131
0 0.43127314814814816 0.6149305555555555 0.033240740740740723 0.030121527777777858
0 0.46216435185185184 0.637991898148148 0.048234953703703634 0.04082754629629619
0 0.42377893518518517 0.6464409722222222 0.04269675925925931 0.0359375
0 0.43273726851851857 0.67421875 0.051313657407407474 0.037818287037037025
0 0.3958101851851852 0.6896412037037037 0.05129050925925922 0.036255787037037024
0 0.40089699074074076 0.7152199074074075 0.04428240740740748 0.03755787037037024
0 0.36112268518518514 0.7120081018518519 0.04662615740740748 0.03764467592592595
0 0.32576967592592593 0.7265914351851852 0.05139467592592588 0.04328703703703703
0 0.3253935185185185 0.6992766203703704 0.05604745370370372 0.0411168981481481
0 0.3309837962962963 0.6381655092592593 0.04587962962962964 0.03995949074074066
2 0.31008680555555557 0.5202546296296295 0.05134837962962964 0.040162037037037024
2 0.31557291666666665 0.571585648148148 0.04822337962962964 0.04004629629629619
2 0.2694328703703704 0.6818287037037037 0.04663773148148147 0.038425925925925954
2 0.2689699074074074 0.7130787037037037 0.05368055555555555 0.03946759259259256
2 0.2708391203703704 0.7450231481481481 0.052118055555555556 0.039409722222222145
2 0.27740740740740744 0.7760127314814815 0.0544965277777778 0.04184027777777786
2 0.3130671296296296 0.793431712962963 0.05687499999999997 0.04427083333333322
2 0.34305555555555556 0.7720196759259259 0.04045717592592588 0.042881944444444466
2 0.37927083333333333 0.7519386574074074 0.053611111111111144 0.03478009259259274
2 0.3857928240740741 0.7860532407407408 0.05760995370370372 0.04117476851851851
2 0.4173900462962964 0.7614583333333333 0.05214120370370381 0.040972222222222146
2 0.46247685185185183 0.7223090277777777 0.053761574074074045 0.04493634259259256
2 0.4849537037037037 0.6808738425925925 0.05204861111111114 0.03472222222222214
2 0.515636574074074 0.6125868055555556 0.04268518518518523 0.03515625
2 0.54875 0.5910590277777777 0.04809606481481481 0.03145254629629637
2 0.6093113425925927 0.5614872685185185 0.05370370370370381 0.04103009259259256
2 0.5780787037037036 0.5087673611111111 0.04894675925925931 0.03616898148148149
2 0.5636631944444445 0.4804108796296296 0.048119212962962975 0.03301504629629619
2 0.5270370370370371 0.4755208333333334 0.04423611111111114 0.03443287037037024
2 0.4727777777777778 0.4486400462962963 0.05904513888888889 0.032638888888888926
2 0.442042824074074 0.4677372685185185 0.03557291666666664 0.029427083333333392
2 0.48257523148148146 0.4724826388888889 0.052013888888888894 0.03237847222222214