1 0.6546875 0.60859375 0.0328125 0.02265625
1 0.65859375 0.6265625 0.03203125 0.0234375
0 0.61015625 0.578125 0.03125 0.021875
0 0.63984375 0.56640625 0.02890625 0.0234375
0 0.65234375 0.58046875 0.03203125 0.02265625
0 0.63203125 0.5859375 0.02578125 0.0203125
0 0.603125 0.5984375 0.03359375 0.021875
0 0.62578125 0.603125 0.025 0.02421875
0 0.59921875 0.62109375 0.03046875 0.0234375
0 0.625 0.625 0.025 0.0234375
0 0.6015625 0.63984375 0.03046875 0.02265625
0 0.62890625 0.64453125 0.02578125 0.02421875
0 0.60625 0.6625 0.03203125 0.02265625
0 0.634375 0.6671875 0.02890625 0.0234375
0 0.65546875 0.66171875 0.02890625 0.021875
0 0.6765625 0.64375 0.02578125 0.02265625
0 0.70234375 0.6359375 0.03203125 0.0234375
0 0.6984375 0.61484375 0.028125 0.02109375
0 0.6765625 0.6015625 0.0234375 0.0234375
2 0.6328125 0.4921875 0.0296875 0.025
2 0.6296875 0.51328125 0.0359375 0.0234375
2 0.61171875 0.52578125 0.02578125 0.021875
2 0.63515625 0.53203125 0.02890625 0.02421875
2 0.60234375 0.5453125 0.03359375 0.02265625
2 0.6234375 0.55234375 0.028125 0.02265625
2 0.653125 0.55234375 0.03203125 0.0203125
2 0.68671875 0.58046875 0.02265625 0.02265625
2 0.70546875 0.5875 0.0328125 0.02734375
2 0.7328125 0.59921875 0.03203125 0.02734375
2 0.57734375 0.55390625 0.03046875 0.025
2 0.5921875 0.565625 0.02890625 0.0234375
2 0.57109375 0.58046875 0.025 0.02265625
2 0.5703125 0.6015625 0.02734375 0.02578125
2 0.56875 0.6234375 0.03046875 0.0234375
2 0.56953125 0.64921875 0.03046875 0.025
2 0.74140625 0.61953125 0.0390625 0.0234375
2 0.7421875 0.6421875 0.03046875 0.025
2 0.71875 0.653125 0.03359375 0.02265625
2 0.69609375 0.66328125 0.034375 0.02578125
2 0.5734375 0.66796875 0.03046875 0.0234375
2 0.603125 0.69765625 0.0328125 0.025
2 0.6296875 0.69765625 0.03046875 0.02421875
2 0.65625 0.6921875 0.0359375 0.02578125
2 0.6765625 0.67734375 0.0265625 0.0234375
2 0.4453125 0.41171875 0.028125 0.02265625
2 0.44921875 0.43125 0.0265625 0.02265625
2 0.46171875 0.38125 0.03515625 0.02734375
2 0.4671875 0.4015625 0.02890625 0.02265625
2 0.4734375 0.41953125 0.03125 0.02109375
2 0.490625 0.40703125 0.028125 0.02109375
2 0.48984375 0.38671875 0.02734375 0.0203125
2 0.51328125 0.39375 0.0296875 0.02421875
2 0.50625 0.3375 0.034375 0.0265625
2 0.5203125 0.32265625 0.03515625 0.02734375
2 0.5453125 0.33359375 0.02890625 0.02734375
2 0.54765625 0.3109375 0.03203125 0.028125
2 0.57109375 0.30390625 0.034375 0.025
2 0.5703125 0.3265625 0.0328125 0.021875
2 0.57265625 0.34453125 0.0359375 0.0234375