1 0.6376678240740741 0.4711516203703704 0.04559606481481495 0.03758680555555571
1 0.5995891203703703 0.4920717592592593 0.045503472222222285 0.03446180555555554
1 0.6287210648148148 0.5097222222222222 0.03991898148148145 0.030353009259259166
1 0.6630729166666667 0.5092303240740741 0.04791666666666661 0.03689236111111107
1 0.6566087962962962 0.5430266203703704 0.04865162037037045 0.035358796296296194
1 0.5765104166666667 0.5335069444444445 0.047847222222222284 0.03454861111111107
1 0.5991840277777778 0.558420138888889 0.048101851851851764 0.04314236111111107
1 0.6239351851851852 0.5395543981481481 0.045642361111111106 0.039149305555555715
1 0.6340393518518519 0.5672743055555556 0.04380208333333328 0.02971643518518512
1 0.6522569444444445 0.5845486111111111 0.04467592592592595 0.03287037037037024
1 0.552193287037037 0.5640625 0.044629629629629616 0.031307870370370416
1 0.5355034722222223 0.6005787037037037 0.045503472222222285 0.03446180555555554
1 0.5702256944444445 0.5875868055555555 0.04938657407407412 0.03382523148148149
1 0.6108738425925926 0.585300925925926 0.040011574074074116 0.033478009259259166
1 0.5927372685185185 0.61796875 0.04313657407407412 0.03359375
1 0.5590740740740741 0.621556712962963 0.03991898148148145 0.030353009259259166
1 0.5176215277777778 0.6246527777777777 0.048559027777777784 0.03223379629629637
1 0.5536689814814816 0.6459490740740741 0.050995370370370455 0.0354456018518519
1 0.5709201388888889 0.6695023148148148 0.05196180555555543 0.041724537037037025
1 0.5856539351851853 0.6463252314814815 0.051730324074074116 0.033912037037037025
1 0.6019618055555556 0.6753761574074074 0.04325231481481495 0.0375
0 0.3994039351851852 0.5057291666666667 0.04552662037037036 0.035243055555555534
0 0.3562037037037037 0.5151331018518519 0.04711226851851853 0.036082175925925955
0 0.3459027777777778 0.5467303240740741 0.04860532407407412 0.03379629629629619
0 0.27579861111111115 0.5423032407407408 0.05168402777777779 0.032349537037037024
0 0.3121238425925926 0.554224537037037 0.04320601851851853 0.0359375
0 0.19472800925925923 0.5655960648148148 0.04945601851851853 0.03616898148148149
0 0.16050925925925924 0.5879340277777778 0.04458333333333333 0.029745370370370415
0 0.16438657407407406 0.6151041666666667 0.04718171296296294 0.038425925925925954
0 0.19782407407407407 0.5927951388888889 0.04796296296296294 0.03845486111111107
0 0.23105324074074077 0.5775173611111111 0.04396412037037045 0.03518518518518512
0 0.2663946759259259 0.5699652777777777 0.04081597222222229 0.03428819444444446
0 0.25142939814814813 0.6009548611111111 0.05106481481481477 0.03778935185185191
0 0.29879050925925926 0.5828125 0.05106481481481477 0.03778935185185191
0 0.32325810185185183 0.599855324074074 0.040839120370370366 0.035069444444444466
0 0.3884606481481482 0.5326678240740741 0.04718171296296294 0.038425925925925954
0 0.42465277777777777 0.5227430555555556 0.04090856481481477 0.037413194444444464
0 0.3852372685185185 0.5624421296296296 0.044791666666666695 0.03677662037037024
0 0.41984374999999996 0.5533564814814815 0.04718171296296294 0.038425925925925954
0 0.45975694444444437 0.549537037037037 0.04701967592592595 0.03295717592592595
0 0.468449074074074 0.5195601851851851 0.04787037037037045 0.03532986111111107
0 0.5052604166666667 0.5150752314814815 0.04387152777777779 0.03206018518518512
0 0.4935590277777778 0.541261574074074 0.04777777777777779 0.03220486111111107
0 0.48576388888888894 0.5673032407407408 0.045503472222222285 0.03446180555555554
0 0.5381597222222222 0.5372685185185185 0.04706597222222229 0.034519675925925954
0 0.5445543981481482 0.5058159722222222 0.04405671296296294 0.03831018518518512
0 0.6699363425925926 0.43561921296296297 0.047986111111111104 0.03923611111111107
0 0.6350347222222222 0.42832754629629627 0.04155092592592595 0.032754629629629585
0 0.5895081018518519 0.4635706018518519 0.04235532407407412 0.03356481481481488
0 0.5568981481481481 0.4842881944444445 0.04476851851851862 0.03599537037037024
0 0.6992476851851852 0.47355324074074073 0.04405671296296294 0.03831018518518512
0 0.7156712962962963 0.4986979166666667 0.05582175925925927 0.040306712962962975
0 0.7052777777777778 0.533420138888889 0.05111111111111111 0.0393518518518519
0 0.6839004629629629 0.5701099537037037 0.04387152777777779 0.03206018518518512
0 0.7288425925925927 0.580931712962963 0.045642361111111106 0.039149305555555534
0 0.7200347222222222 0.6148148148148148 0.04561921296296312 0.03836805555555554
0 0.6700810185185185 0.6151041666666666 0.04706597222222229 0.034519675925925954
0 0.7021759259259259 0.6381076388888889 0.04401041666666679 0.03674768518518512
0 0.6878703703703704 0.5941550925925926 0.03987268518518512 0.02879050925925917
0 0.6550405092592593 0.6749710648148148 0.0528356481481481 0.044878472222222146
0 0.6307118055555556 0.6532407407407408 0.044033564814814775 0.03752893518518512
0 0.6676157407407407 0.645630787037037 0.03773726851851862 0.03573495370370381
0 0.6974363425925926 0.6663773148148148 0.04964120370370377 0.04241898148148149
0 0.734386574074074 0.6572048611111111 0.044033564814814775 0.03752893518518512
0 0.4771932870370371 0.6721932870370371 0.04715856481481495 0.03764467592592595
0 0.5107175925925926 0.6732928240740741 0.04226273148148145 0.03043981481481488
0 0.5389756944444445 0.6940972222222223 0.03925347222222229 0.034230324074074045
0 0.5646122685185185 0.724363425925926 0.046215277777777786 0.03214699074074083
0 0.6077662037037037 0.7165219907407407 0.04557291666666678 0.036805555555555536
0 0.6304398148148149 0.7414351851851853 0.04557291666666678 0.036805555555555536
0 0.5879745370370371 0.7523726851851851 0.046354166666666786 0.036834490740740834
0 0.5512326388888888 0.7545138888888889 0.04010416666666661 0.03660300925925917
0 0.5098263888888889 0.7560474537037036 0.04881365740740744 0.04082754629629619
0 0.5271122685185186 0.7257523148148148 0.046377314814814774 0.03761574074074083
0 0.5067592592592594 0.7015335648148149 0.046354166666666786 0.036834490740740834
0 0.4933796296296296 0.7316840277777777 0.049548611111111106 0.039293981481481485
0 0.46611111111111114 0.7038194444444444 0.036128472222222284 0.03411458333333321
0 0.4458854166666667 0.7279803240740741 0.051892361111111104 0.03938078703703703
0 0.43174768518518525 0.7573784722222222 0.04947916666666678 0.03695023148148149
0 0.4730844907407407 0.7581886574074075 0.03619791666666679 0.03645833333333322
0 0.49017361111111113 0.7872106481481481 0.04543402777777779 0.03211805555555571
0 0.5339467592592593 0.7848090277777777 0.04867476851851862 0.03614004629629637
0 0.39314814814814814 0.7432002314814815 0.04251736111111111 0.03903356481481488
0 0.4133506944444445 0.7198206018518518 0.04557291666666678 0.036805555555555536
0 0.4353472222222223 0.6885706018518519 0.04715856481481495 0.03764467592592595
0 0.4456712962962962 0.6561921296296296 0.04557291666666678 0.036805555555555716
0 0.46059027777777783 0.6267650462962963 0.043206018518518616 0.0359375
0 0.4888483796296296 0.6475694444444444 0.04384837962962962 0.03127893518518512
0 0.4778761574074074 0.5964699074074075 0.045642361111111106 0.039149305555555715
0 0.4338715277777778 0.6066840277777777 0.04867476851851862 0.03614004629629637
0 0.4448842592592593 0.5774016203703705 0.04777777777777779 0.03220486111111107
0 0.4057523148148149 0.5811921296296296 0.04796296296296294 0.03845486111111107
0 0.3672164351851852 0.5912037037037037 0.04143518518518512 0.028848379629629585
0 0.35707754629629634 0.6173321759259259 0.04469907407407412 0.03365162037037024
0 0.392349537037037 0.6121238425925926 0.038541666666666696 0.036545138888888926
0 0.42288194444444444 0.6351851851851851 0.04642361111111111 0.03917824074074083
0 0.3813599537037037 0.640625 0.04320601851851844 0.0359375
0 0.4072280092592592 0.6630787037037037 0.045642361111111106 0.039149305555555534
0 0.3694733796296296 0.6730613425925925 0.04630787037037036 0.03527199074074083
0 0.39382523148148146 0.6940104166666666 0.047847222222222284 0.03454861111111107
0 0.3642939814814815 0.7161747685185185 0.0525347222222222 0.03472222222222214
0 0.32254050925925926 0.7294270833333333 0.05586805555555561 0.041869212962962976
0 0.3562673611111111 0.7500289351851852 0.04561921296296294 0.03836805555555554
0 0.33587962962962964 0.7796585648148148 0.047135416666666693 0.03686342592592595
0 0.2999131944444445 0.702951388888889 0.049687499999999926 0.04398148148148131
0 0.3392766203703704 0.6913483796296296 0.04720486111111111 0.03920717592592595
0 0.27645833333333336 0.6780671296296296 0.05596064814814809 0.04499421296296298
0 0.31579861111111107 0.6672453703703705 0.055752314814814775 0.037962962962962976
0 0.34208912037037037 0.6491030092592592 0.04481481481481477 0.037557870370370415
0 0.3168634259259259 0.6313078703703704 0.04633101851851853 0.03605324074074083
0 0.28377314814814814 0.641898148148148 0.055937500000000015 0.044212962962962975
0 0.24532986111111113 0.6487847222222222 0.04646990740740744 0.040740740740740834
0 0.21881944444444446 0.6216724537037037 0.053454861111111106 0.03943865740740744
2 0.11122106481481482 0.5921006944444445 0.04718171296296294 0.038425925925925954
2 0.11096064814814814 0.6272280092592593 0.05262731481481482 0.03784722222222214
2 0.17156828703703703 0.6624421296296296 0.04329861111111111 0.0390625
2 0.21802662037037038 0.6747685185185185 0.04476851851851853 0.035995370370370414
2 0.18226851851851852 0.6963831018518519 0.05423611111111111 0.039467592592592735
2 0.2048263888888889 0.7252025462962963 0.05352430555555561 0.04178240740740744
2 0.17044560185185187 0.7530092592592592 0.06060185185185185 0.043605324074074046
2 0.22579861111111113 0.7548611111111111 0.05205439814814809 0.04484953703703702
2 0.25539930555555557 0.7303530092592593 0.044930555555555605 0.041464120370370415
2 0.2327488425925926 0.7046585648148148 0.0455729166666667 0.036805555555555536
2 0.22430555555555554 0.541869212962963 0.047986111111111104 0.03923611111111107
2 0.18743055555555554 0.522164351851852 0.04720486111111111 0.03920717592592595
2 0.23605324074074074 0.5141203703703704 0.04872106481481477 0.03770254629629619
2 0.2792071759259259 0.5062789351851851 0.04628472222222228 0.034490740740740836
2 0.3183391203703704 0.5024884259259259 0.04010416666666661 0.03660300925925917
2 0.4311400462962963 0.4881655092592593 0.04166666666666661 0.036660879629629585
2 0.4663657407407407 0.48451967592592593 0.04405671296296294 0.03831018518518512
2 0.5031076388888889 0.48237847222222224 0.03619791666666661 0.03645833333333339
2 0.57765625 0.4421585648148148 0.03844907407407412 0.03342013888888893
2 0.6044502314814815 0.4333622685185185 0.028981481481481452 0.02994791666666661
2 0.651244212962963 0.38168402777777777 0.04552662037037045 0.035243055555555534
2 0.6805844907407408 0.39230324074074074 0.04327546296296294 0.03828125
2 0.7121527777777777 0.4067418981481482 0.04557291666666661 0.036805555555555536
2 0.7569791666666668 0.4214699074074074 0.05251157407407412 0.03394097222222214
2 0.71515625 0.4370659722222222 0.04557291666666678 0.036805555555555536
2 0.7420833333333333 0.4501157407407407 0.05499421296296294 0.038715277777777855
2 0.7459143518518518 0.47884837962962956 0.04313657407407412 0.03359375
2 0.7819675925925926 0.4736111111111111 0.043206018518518616 0.0359375
2 0.7802604166666667 0.5048900462962963 0.04943287037037045 0.035387731481481485
2 0.7616203703703703 0.5282118055555556 0.043732638888888786 0.027372685185185118
2 0.7608101851851852 0.5555555555555556 0.046354166666666606 0.036834490740740834
2 0.7601041666666667 0.6320601851851853 0.04718171296296312 0.038425925925925954
2 0.7303587962962963 0.6877893518518519 0.043917824074074116 0.03362268518518512
2 0.6909722222222222 0.7001736111111111 0.047824074074074116 0.033767361111111074
2 0.654068287037037 0.7077835648148149 0.04858217592592595 0.03301504629629619
2 0.6760995370370371 0.7280381944444445 0.05278935185185176 0.043315972222222145
2 0.7230439814814815 0.7239583333333334 0.04796296296296312 0.03845486111111107
2 0.6620023148148148 0.7824074074074074 0.05274305555555543 0.04175347222222214
2 0.6202256944444444 0.7964409722222221 0.0521238425925926 0.04719328703703703
2 0.5771180555555555 0.8027199074074074 0.049687499999999926 0.04398148148148131
2 0.5315972222222223 0.8114293981481481 0.04858217592592595 0.03301504629629619
2 0.48621527777777784 0.8154513888888889 0.04862847222222229 0.03457754629629619
2 0.44651041666666663 0.8122395833333333 0.04885995370370359 0.04239004629629619
2 0.4134953703703704 0.7939525462962963 0.04961805555555561 0.04163773148148149
2 0.3706655092592593 0.7908564814814815 0.041736111111111106 0.039004629629629764
2 0.45593749999999994 0.7837962962962963 0.035393518518518616 0.035648148148148096
2 0.27260416666666665 0.75546875 0.046377314814814774 0.03761574074074083
2 0.2936689814814815 0.7820023148148147 0.04251736111111111 0.0390335648148147
2 0.3202488425925926 0.8067708333333332 0.05352430555555561 0.041782407407407615
2 0.31462962962962965 0.759375 0.04616898148148145 0.030584490740740832