2 0.5728530092592592 0.8044618055555557 0.01973958333333332 0.014930555555555714
2 0.5923726851851852 0.804375 0.017395833333333322 0.014826388888889142
2 0.611111111111111 0.8043229166666667 0.019728009259259237 0.014149305555555713
2 0.6050231481481482 0.7936631944444444 0.02052083333333332 0.014965277777777786
2 0.5886284722222223 0.793611111111111 0.019728009259259237 0.014149305555555537
2 0.5691435185185185 0.7913541666666667 0.02132523148148131 0.01656249999999986
2 0.5623090277777778 0.7783854166666667 0.01973958333333332 0.014930555555555535
2 0.6183391203703703 0.7907291666666667 0.017349537037037167 0.011701388888888964
2 0.640167824074074 0.7928819444444445 0.023611111111111072 0.012760416666666784
2 0.6543923611111111 0.7813194444444445 0.015810185185185333 0.013194444444444463
2 0.6356423611111112 0.7821527777777778 0.018912037037037165 0.011770833333333286
0 0.6570023148148147 0.7632465277777778 0.017395833333333322 0.014826388888888787
0 0.6342187499999999 0.7728472222222222 0.01894675925925924 0.014114583333333286
2 0.6662731481481481 0.7698611111111111 0.020509259259259238 0.014184027777777785
0 0.6162152777777778 0.7759895833333333 0.019751157407407405 0.015711805555555534
0 0.5951793981481481 0.7730208333333334 0.017372685185185154 0.013263888888888787
0 0.5771875 0.7753819444444444 0.020532407407407405 0.015746527777777786
0 0.605474537037037 0.7631944444444445 0.02052083333333332 0.014965277777777786
0 0.625005787037037 0.7623263888888889 0.01895833333333332 0.014895833333333285
0 0.5851736111111111 0.7633159722222222 0.01973958333333332 0.014930555555555535
0 0.5695601851851853 0.7632291666666667 0.016603009259259238 0.014010416666666714
0 0.6369097222222222 0.7493055555555556 0.01973958333333332 0.014930555555555535
0 0.6181481481481481 0.7509201388888889 0.02054398148148149 0.016527777777777787
0 0.6001909722222222 0.7509375 0.01895833333333332 0.014895833333333285
0 0.5642766203703704 0.7509722222222222 0.01973958333333332 0.014930555555555535
0 0.5806712962962963 0.7510243055555555 0.018981481481481488 0.016458333333333287
0 0.5714814814814815 0.7389409722222222 0.019739583333333498 0.014930555555555535
0 0.5917708333333334 0.7396006944444444 0.018177083333333323 0.014861111111111214
0 0.6105439814814815 0.7372048611111112 0.01894675925925924 0.014114583333333286
0 0.6300752314814815 0.7363368055555556 0.0189583333333335 0.014895833333333285
0 0.6464930555555555 0.7348263888888888 0.018969907407407404 0.015677083333333286
2 0.5554745370370371 0.7654166666666666 0.021325231481481487 0.016562500000000036
2 0.5525115740740741 0.7546180555555555 0.0173958333333335 0.014826388888888787
2 0.6445949074074073 0.7575520833333333 0.019728009259259237 0.014149305555555537
2 0.6588194444444444 0.7459895833333333 0.02052083333333332 0.014965277777777786
2 0.6775810185185185 0.744375 0.022876157407407404 0.01585069444444436
2 0.6754108796296296 0.7327604166666667 0.023657407407407405 0.015885416666666784
2 0.6662094907407408 0.7214583333333333 0.02364583333333332 0.015104166666666785
2 0.6577546296296296 0.7124652777777778 0.01736111111111107 0.012482638888888786
2 0.6413599537037037 0.7124131944444445 0.02127893518518533 0.013437500000000036
2 0.6482175925925926 0.7238194444444443 0.018153935185185155 0.013298611111111214
2 0.6540219907407407 0.7009201388888889 0.020532407407407405 0.015746527777777786
2 0.5448726851851852 0.7432465277777778 0.020532407407407405 0.015746527777777786
2 0.5395543981481481 0.7333333333333333 0.019728009259259237 0.014149305555555537
2 0.5366030092592593 0.7217534722222222 0.019751157407407405 0.015711805555555534
2 0.5305266203703705 0.7103125 0.02132523148148131 0.01656249999999986
2 0.5228993055555555 0.6981597222222222 0.017395833333333322 0.014826388888888787
0 0.6224363425925926 0.7249652777777778 0.020532407407407405 0.015746527777777786
0 0.6013310185185186 0.7266840277777777 0.015798611111111072 0.012413194444444465
0 0.5841435185185185 0.7274479166666666 0.017395833333333322 0.014826388888888964
0 0.5669444444444445 0.7289930555555555 0.02052083333333332 0.014965277777777786
0 0.5608796296296296 0.7167708333333334 0.02055555555555557 0.017309027777777784
0 0.5757581018518518 0.7137673611111112 0.017395833333333322 0.014826388888888787
0 0.5952430555555556 0.7160243055555556 0.016603009259259238 0.014010416666666714
0 0.6116493055555556 0.7152951388888888 0.01661458333333332 0.014791666666666713
0 0.6213599537037038 0.6922222222222223 0.018993055555555572 0.017239583333333287
0 0.6018287037037038 0.6930902777777778 0.02052083333333332 0.014965277777777786
0 0.6055613425925925 0.7046354166666667 0.018153935185185155 0.013298611111111214
0 0.5891435185185185 0.7061458333333334 0.016591435185185154 0.013229166666666714
0 0.5822974537037038 0.6939583333333333 0.01895833333333332 0.014895833333333285
0 0.5378125 0.6928124999999999 0.01894675925925924 0.014114583333333286
0 0.545462962962963 0.7034027777777778 0.02052083333333332 0.014965277777777786
0 0.5612268518518518 0.6933333333333334 0.022094907407407403 0.015815972222222287
2 0.6329398148148149 0.7010763888888889 0.01973958333333332 0.014930555555555535
2 0.6471759259259259 0.6887326388888889 0.018935185185185156 0.013333333333333286
2 0.6403067129629629 0.6781076388888889 0.021290509259259238 0.014218750000000035
2 0.6560590277777778 0.6688194444444444 0.019728009259259237 0.014149305555555537
2 0.6357696759259259 0.6681597222222222 0.020509259259259238 0.014184027777777785
2 0.6476273148148148 0.6582638888888889 0.022106481481481487 0.016597222222222284
2 0.6312673611111111 0.6558680555555555 0.01976273148148149 0.016493055555555535
2 0.5191782407407407 0.6858333333333333 0.022106481481481487 0.016597222222222284
2 0.5154571759259259 0.6735069444444445 0.02133680555555557 0.01734374999999986
0 0.5411342592592593 0.6793923611111111 0.018935185185185333 0.013333333333333286
0 0.5598495370370371 0.6809027777777777 0.017384259259259238 0.014045138888888965
0 0.5762326388888889 0.6817361111111111 0.01894675925925924 0.014114583333333286
0 0.5965219907407407 0.6823958333333333 0.019716435185185156 0.013368055555555536
0 0.6052893518518518 0.6702951388888889 0.01895833333333332 0.014895833333333285
0 0.6208449074074074 0.6742881944444445 0.01816550925925924 0.014079861111111213
0 0.6210416666666667 0.6610069444444445 0.0173958333333335 0.014826388888888787
0 0.603912037037037 0.6578645833333333 0.02052083333333332 0.014965277777777786
0 0.5725 0.6701909722222222 0.01894675925925924 0.014114583333333286
0 0.5851504629629629 0.6594791666666666 0.019004629629629656 0.018020833333333285
0 0.5537962962962963 0.6678993055555555 0.021325231481481487 0.01656249999999986
0 0.5358506944444444 0.6671354166666668 0.020532407407407405 0.015746527777777786
0 0.5305092592592593 0.6587847222222222 0.01976273148148149 0.016493055555555535
2 0.622800925925926 0.64765625 0.018177083333333323 0.014861111111111037
2 0.6392187500000001 0.6461458333333333 0.021325231481481487 0.01656249999999986
2 0.6339236111111111 0.6346701388888889 0.021302083333333322 0.014999999999999857
2 0.6246527777777777 0.6280555555555555 0.01895833333333332 0.014895833333333285
2 0.6216782407407407 0.6180381944444444 0.01976273148148149 0.016493055555555535
2 0.6140393518518519 0.6066666666666667 0.01821180555555557 0.017204861111111212
2 0.610306712962963 0.5951215277777778 0.02052083333333332 0.014965277777777786
2 0.49928240740740737 0.6586111111111111 0.018981481481481488 0.016458333333333287
2 0.5141030092592593 0.6595138888888888 0.01895833333333332 0.014895833333333285
2 0.4931712962962963 0.6495138888888888 0.01976273148148149 0.016493055555555535
2 0.4894618055555555 0.63640625 0.017418981481481487 0.016388888888888786
0 0.5197453703703704 0.6475520833333334 0.01661458333333332 0.014791666666666713
0 0.5573611111111111 0.6380729166666667 0.016626157407407405 0.015572916666666714
0 0.5894039351851852 0.6358680555555555 0.02133680555555557 0.01734374999999986
0 0.6072685185185185 0.6421006944444445 0.019728009259259237 0.014149305555555537
0 0.5967013888888889 0.6175868055555556 0.017384259259259238 0.014045138888888786
0 0.5513078703703703 0.6250694444444445 0.018200231481481487 0.016423611111111215
0 0.5270428240740741 0.6292708333333333 0.017418981481481487 0.016388888888888786
0 0.538130787037037 0.6186284722222222 0.020532407407407405 0.015746527777777786
0 0.49839120370370366 0.6133680555555555 0.019751157407407405 0.015711805555555534
2 0.48261574074074076 0.62421875 0.022129629629629655 0.018159722222222285
1 0.5571701388888889 0.5982638888888889 0.020578703703703738 0.018871527777777786
1 0.5416493055555556 0.5919270833333333 0.01976273148148149 0.016493055555555535
1 0.5747858796296297 0.56859375 0.01894675925925924 0.014114583333333286
1 0.5568402777777778 0.5678298611111111 0.019785879629629653 0.018055555555555537
1 0.5359317129629629 0.5562673611111111 0.01973958333333332 0.014930555555555535
1 0.5122395833333333 0.5744965277777778 0.01973958333333332 0.014930555555555714
1 0.5238194444444445 0.5833506944444444 0.01973958333333332 0.014930555555555535
1 0.5359953703703704 0.604670138888889 0.01820023148148131 0.016423611111111215
1 0.5410069444444444 0.5825868055555555 0.01894675925925924 0.014114583333333286
1 0.5580034722222222 0.5420138888888889 0.017395833333333322 0.014826388888888787
1 0.5727546296296296 0.5476041666666667 0.018981481481481488 0.016458333333333287
1 0.5978009259259259 0.5433680555555556 0.016626157407407405 0.015572916666666714
2 0.4805960648148148 0.6024479166666666 0.019016203703703737 0.018802083333333285
2 0.47055555555555556 0.5950868055555556 0.01585648148148149 0.016319444444444463
0 0.5924537037037038 0.588107638888889 0.01894675925925924 0.014114583333333286
0 0.5813773148148148 0.59796875 0.017395833333333322 0.014826388888888787
0 0.5795254629629629 0.6175694444444444 0.01976273148148149 0.016493055555555712
0 0.5050289351851852 0.6396180555555555 0.02054398148148149 0.016527777777777787
0 0.5013194444444444 0.6265104166666667 0.022094907407407403 0.015815972222222287
0 0.5154861111111111 0.6188541666666667 0.01976273148148149 0.016493055555555535
0 0.4917766203703704 0.5855555555555556 0.01664930555555557 0.017135416666666715
0 0.5918576388888889 0.5756423611111112 0.018969907407407404 0.015677083333333286
0 0.6029108796296296 0.56734375 0.019728009259259237 0.014149305555555713
2 0.6152951388888889 0.5746006944444444 0.018188657407407403 0.015642361111111214
2 0.6286805555555556 0.5669791666666667 0.021325231481481487 0.016562500000000036
2 0.6381828703703704 0.55796875 0.021313657407407406 0.015781249999999858
2 0.6226041666666666 0.5555381944444445 0.021313657407407406 0.015781249999999858
2 0.6180902777777778 0.5440277777777778 0.017395833333333322 0.014826388888888787
2 0.6352314814814815 0.5463888888888888 0.01661458333333332 0.014791666666666713
2 0.6478472222222222 0.5380208333333333 0.02133680555555557 0.017343750000000036
2 0.6314872685185186 0.5356249999999999 0.01894675925925924 0.014114583333333286
2 0.48566550925925933 0.5764583333333333 0.020486111111111073 0.012621527777777785
2 0.47924189814814816 0.5884548611111111 0.01973958333333332 0.014930555555555714
2 0.4858159722222222 0.5663020833333333 0.01895833333333332 0.014895833333333285
1 0.5722453703703704 0.5819791666666667 0.02055555555555557 0.017309027777777784
1 0.5550810185185184 0.5811805555555556 0.019797453703703737 0.018836805555555537
1 0.5435474537037037 0.5692013888888889 0.01821180555555557 0.017204861111111035
1 0.527980324074074 0.5659895833333334 0.018981481481481488 0.016458333333333287
1 0.5180671296296296 0.5500347222222223 0.01976273148148149 0.016493055555555535
1 0.5491782407407407 0.5580208333333333 0.017418981481481487 0.016388888888888786
1 0.5675405092592593 0.5306597222222222 0.017418981481481487 0.016388888888888786
1 0.5791203703703703 0.5395138888888888 0.019774305555555573 0.017274305555555536
2 0.48601273148148144 0.5530208333333333 0.01973958333333332 0.014930555555555535
2 0.4837962962962963 0.54453125 0.018935185185185156 0.013333333333333286
2 0.4847743055555555 0.5312152777777778 0.01585648148148149 0.016319444444444463
2 0.4723553240740741 0.5263020833333334 0.016660879629629654 0.017916666666666713
2 0.47413773148148153 0.5113888888888889 0.01663773148148149 0.016354166666666715
2 0.483443287037037 0.5156597222222222 0.014270833333333321 0.014687500000000141
2 0.47291087962962963 0.4888020833333333 0.01585648148148149 0.016319444444444463
2 0.48215856481481484 0.49697916666666664 0.01661458333333332 0.014791666666666713
2 0.4730844907407407 0.4770833333333334 0.017407407407407406 0.015607638888888786
2 0.6449189814814815 0.5248784722222222 0.02055555555555557 0.017309027777777784
2 0.6372800925925926 0.5135069444444444 0.017395833333333322 0.014826388888888964
2 0.649849537037037 0.5082638888888888 0.01743055555555557 0.017170138888888787
2 0.6468865740740741 0.4974652777777778 0.02052083333333332 0.014965277777777786
2 0.642349537037037 0.4875173611111111 0.0213020833333335 0.015000000000000036
2 0.6409606481481481 0.47586805555555556 0.018188657407407403 0.015642361111111214
2 0.6285590277777777 0.5224826388888889 0.019751157407407405 0.015711805555555715
2 0.4889409722222222 0.4607638888888889 0.015052083333333322 0.014722222222222215
2 0.4836342592592593 0.4500694444444445 0.018177083333333323 0.014861111111111214
2 0.48615162037037035 0.43824652777777773 0.020486111111111073 0.012621527777777785
2 0.48318865740740746 0.42744791666666665 0.021302083333333322 0.015000000000000036
2 0.47944444444444445 0.4166840277777778 0.017384259259259238 0.014045138888888786
2 0.6319675925925926 0.4505034722222222 0.01973958333333332 0.014930555555555714
2 0.6341377314814814 0.4621180555555555 0.01973958333333332 0.014930555555555535
2 0.6149189814814815 0.44189236111111113 0.01895833333333332 0.014895833333333285
2 0.6320949074074074 0.4419097222222222 0.0205208333333335 0.014965277777777786
2 0.6417013888888888 0.4258680555555555 0.021325231481481487 0.016562500000000036
2 0.6418865740740741 0.41336805555555556 0.02052083333333332 0.014965277777777786
2 0.6302372685185185 0.4092013888888889 0.017395833333333322 0.014826388888888787
2 0.6538252314814815 0.3980034722222222 0.018177083333333323 0.014861111111111037
2 0.6664525462962964 0.38885416666666667 0.019751157407407405 0.015711805555555534
2 0.48909722222222224 0.3975173611111111 0.01973958333333332 0.014930555555555535
2 0.6697511574074074 0.37699652777777776 0.023634259259259237 0.014322916666666607
2 0.6675925925925925 0.36460069444444443 0.021325231481481487 0.016562500000000036
2 0.6543807870370371 0.36050347222222223 0.016603009259259238 0.014010416666666714
2 0.652980324074074 0.34963541666666664 0.01583333333333332 0.014756944444444465
2 0.6677546296296296 0.35366319444444444 0.02054398148148149 0.016527777777777787
2 0.6694791666666667 0.34265625 0.021348379629629478 0.018125000000000037
2 0.6531539351851852 0.33791666666666664 0.016591435185185154 0.013229166666666714
2 0.669675925925926 0.32937500000000003 0.020532407407407405 0.015746527777777786
2 0.670630787037037 0.31762152777777775 0.018177083333333323 0.014861111111111125
2 0.4909027777777778 0.38104166666666667 0.018969907407407404 0.015677083333333286
2 0.5019791666666666 0.3711805555555555 0.014236111111111071 0.012343749999999964
2 0.5099421296296296 0.36067708333333337 0.020509259259259238 0.014184027777777785
2 0.5209606481481481 0.35472222222222227 0.01661458333333332 0.014791666666666713
2 0.5061979166666667 0.34991319444444446 0.0181770833333335 0.014861111111111037
2 0.5156886574074073 0.3416840277777778 0.01894675925925924 0.014114583333333375
2 0.5314293981481482 0.33317708333333335 0.015075231481481488 0.016284722222222214
2 0.5189872685185185 0.32982638888888893 0.022094907407407403 0.015815972222222287
2 0.5114525462962962 0.3114236111111111 0.01821180555555557 0.017204861111111126
2 0.5222974537037037 0.3171875 0.01661458333333332 0.014791666666666713
2 0.5339467592592593 0.32135416666666666 0.012708333333333321 0.014618055555555554
2 0.5310185185185186 0.3082118055555555 0.01663773148148149 0.016354166666666715
2 0.5225173611111111 0.30234375 0.01661458333333332 0.014791666666666713
2 0.6528472222222221 0.3059201388888889 0.015821759259259237 0.013975694444444464
2 0.6533506944444445 0.3246354166666666 0.017407407407407406 0.015607638888888964
2 0.6708043981481481 0.30590277777777775 0.02207175925925924 0.014253472222222285
2 0.641244212962963 0.2986284722222222 0.018969907407407404 0.015677083333333286
2 0.6631423611111111 0.29609375 0.021325231481481487 0.016562500000000036
2 0.6410474537037036 0.3119097222222222 0.018200231481481487 0.016423611111111035
2 0.4919502314814815 0.2576388888888889 0.018935185185185156 0.013333333333333286
2 0.49056134259259265 0.24598958333333334 0.020497685185185334 0.013402777777777786
2 0.4972685185185185 0.26755208333333336 0.017384259259259238 0.014045138888888965
2 0.5025868055555556 0.2774652777777778 0.01663773148148149 0.016354166666666715
2 0.5039988425925925 0.2875520833333333 0.01895833333333332 0.014895833333333375
2 0.5069618055555555 0.29835069444444445 0.02127893518518533 0.013437500000000036
2 0.642361111111111 0.2759375 0.017384259259259238 0.014045138888888874
2 0.6587326388888889 0.2775520833333333 0.017418981481481487 0.016388888888888876
2 0.679056712962963 0.27586805555555555 0.02054398148148149 0.016527777777777787
2 0.6695428240740741 0.28565972222222225 0.019716435185185156 0.013368055555555536
2 0.652332175925926 0.2879861111111111 0.018153935185185155 0.013298611111111126
2 0.6660069444444444 0.26083333333333336 0.01816550925925924 0.014079861111111125
2 0.6630671296296297 0.24847222222222226 0.020532407407407405 0.015746527777777786
0 0.5696006944444444 0.4969965277777778 0.018200231481481487 0.016423611111111215
0 0.5867766203703704 0.4970138888888889 0.020567129629629477 0.018090277777777785
0 0.5857754629629629 0.511892361111111 0.021325231481481487 0.01656249999999986
0 0.5701851851851851 0.5102430555555555 0.018153935185185155 0.013298611111111214
0 0.5569270833333333 0.5092708333333333 0.017372685185185154 0.013263888888888964
0 0.5469328703703704 0.49878472222222225 0.023645833333333498 0.015104166666666608
0 0.5428414351851851 0.5114583333333333 0.01894675925925924 0.014114583333333286
0 0.5249074074074074 0.5099131944444444 0.015810185185185156 0.013194444444444463
0 0.5450115740740741 0.5230729166666667 0.017372685185185154 0.013263888888888787
0 0.5278356481481481 0.5230555555555556 0.01816550925925924 0.014079861111111213
0 0.5700347222222222 0.5203993055555556 0.015798611111111072 0.012413194444444465
0 0.5871180555555556 0.5266666666666666 0.01816550925925924 0.014079861111111036
0 0.5456076388888889 0.5355381944444445 0.020509259259259238 0.014184027777777785
0 0.5260879629629629 0.535625 0.015028935185185156 0.013159722222222215
0 0.54 0.54515625 0.02052083333333332 0.014965277777777786
0 0.6007291666666666 0.5565104166666666 0.018188657407407403 0.015642361111111214
0 0.5014988425925926 0.561701388888889 0.013466435185185333 0.013090277777777715
0 0.49057870370370366 0.5083159722222221 0.01352430555555557 0.016996527777777715
0 0.5065856481481481 0.4818402777777778 0.02052083333333332 0.014965277777777786
0 0.48946759259259254 0.47791666666666666 0.01583333333333332 0.014756944444444465
0 0.49008680555555556 0.4888194444444444 0.015821759259259237 0.013975694444444464
0 0.5040451388888889 0.4952256944444445 0.019751157407407405 0.015711805555555534
0 0.5046759259259259 0.5053472222222222 0.01973958333333332 0.014930555555555535
0 0.5045138888888889 0.5162847222222222 0.020509259259259238 0.014184027777777785
0 0.6106944444444444 0.51625 0.015075231481481488 0.016284722222222214
0 0.6241377314814816 0.5047222222222223 0.018177083333333323 0.014861111111111214
0 0.6062152777777777 0.5023958333333333 0.02052083333333332 0.014965277777777786
0 0.6196122685185185 0.49399305555555556 0.01976273148148149 0.016493055555555535
0 0.6190162037037037 0.48152777777777783 0.018200231481481487 0.016423611111111215
0 0.6018055555555556 0.4838541666666666 0.021290509259259238 0.014218749999999858
0 0.6039988425925926 0.49390625000000005 0.02054398148148149 0.016527777777777787
0 0.6107233796296296 0.4615972222222222 0.017395833333333322 0.014826388888888787
0 0.5996701388888889 0.46989583333333335 0.017418981481481487 0.016388888888888786
0 0.6152488425925926 0.4723263888888889 0.01583333333333332 0.014756944444444465
0 0.5297916666666667 0.4964236111111111 0.016626157407407405 0.015572916666666714
1 0.5286400462962962 0.41605902777777776 0.01973958333333332 0.014930555555555535
1 0.5389583333333333 0.40467013888888886 0.017384259259259238 0.014045138888888965
1 0.5678993055555556 0.4010416666666667 0.020532407407407405 0.015746527777777786
1 0.5672800925925926 0.3901388888888889 0.01734953703703699 0.011701388888888876
1 0.5674421296296297 0.3792013888888889 0.018969907407407404 0.015677083333333286
1 0.5829976851851851 0.3831944444444445 0.016603009259259238 0.014010416666666714
1 0.6033680555555556 0.37838541666666664 0.017395833333333322 0.014826388888888875
1 0.5953935185185185 0.3896701388888889 0.01895833333333332 0.014895833333333375
1 0.6093981481481482 0.39295138888888886 0.015040509259259238 0.013940972222222214
1 0.6236574074074074 0.3790451388888889 0.015040509259259238 0.013940972222222214
1 0.5489525462962963 0.41515625 0.015028935185185333 0.013159722222222215
1 0.5574421296296297 0.4218055555555556 0.015017361111111072 0.012378472222222214
1 0.5661747685185186 0.41204861111111113 0.019728009259259237 0.014149305555555537
1 0.5857986111111111 0.40493055555555557 0.018188657407407403 0.015642361111111037
1 0.5598726851851852 0.25774305555555554 0.015040509259259238 0.013940972222222214
1 0.5691435185185185 0.2643576388888889 0.01816550925925924 0.014079861111111125
1 0.5841377314814815 0.25354166666666667 0.01816550925925924 0.014079861111111036
1 0.6020717592592593 0.2550868055555555 0.018969907407407404 0.015677083333333286
1 0.540306712962963 0.2609548611111111 0.022910879629629656 0.018194444444444447
0 0.5100231481481481 0.2498090277777778 0.019004629629629656 0.018020833333333285
0 0.5175578703703704 0.26821180555555557 0.01895833333333332 0.014895833333333285
0 0.523611111111111 0.2812152777777778 0.018200231481481487 0.016423611111111035
0 0.5377430555555556 0.2759027777777778 0.01736111111111107 0.012482638888888875
0 0.5541145833333333 0.27751736111111114 0.017372685185185154 0.013263888888888875
0 0.5712326388888889 0.2814409722222222 0.01816550925925924 0.014079861111111036
0 0.5838831018518519 0.27072916666666663 0.016568287037037166 0.011666666666666714
0 0.5994155092592592 0.2762847222222222 0.015005787037037166 0.011597222222222214
0 0.6134664351851852 0.2764409722222222 0.018177083333333323 0.014861111111111125
0 0.6253703703703704 0.26342013888888893 0.01894675925925924 0.014114583333333286
0 0.6364351851851853 0.2543402777777778 0.0181770833333335 0.014861111111111125
0 0.5874652777777778 0.2924305555555556 0.016603009259259238 0.014010416666666714
0 0.6014583333333333 0.29649305555555555 0.019704861111111072 0.012586805555555535
0 0.6193460648148148 0.30116319444444445 0.017384259259259238 0.014045138888888874
0 0.6171643518518518 0.2903298611111111 0.017372685185185154 0.013263888888888875
0 0.6335706018518519 0.2896006944444444 0.018177083333333323 0.014861111111111037
0 0.5492766203703704 0.2878819444444444 0.019739583333333498 0.014930555555555535
2 0.5343634259259259 0.2932291666666667 0.01578703703703699 0.011631944444444464
0 0.5576967592592592 0.29921875 0.015005787037036988 0.011597222222222214
0 0.540462962962963 0.30310763888888886 0.0213020833333335 0.015000000000000036
0 0.5590740740740741 0.31164930555555553 0.019751157407407405 0.015711805555555534
0 0.5717013888888889 0.30250000000000005 0.016568287037037166 0.011666666666666714
0 0.5679340277777778 0.2932986111111111 0.018153935185185155 0.013298611111111126
0 0.5857291666666666 0.30421875 0.016591435185185154 0.013229166666666714
0 0.6020891203703703 0.30661458333333336 0.019751157407407405 0.015711805555555534
0 0.6183912037037037 0.3129166666666666 0.018969907407407404 0.015677083333333286
1 0.6335706018518519 0.395 0.018223379629629655 0.017986111111111036
1 0.6187962962962963 0.3909722222222222 0.016603009259259238 0.014010416666666714
1 0.5516203703703704 0.39317708333333334 0.01663773148148131 0.016354166666666715
0 0.5331944444444445 0.47753472222222226 0.018177083333333323 0.014861111111111214
0 0.5161226851851852 0.47048611111111105 0.017384259259259238 0.014045138888888786
0 0.5210763888888889 0.45230902777777776 0.015028935185185156 0.013159722222222215
0 0.5561516203703704 0.45621527777777776 0.016626157407407405 0.015572916666666714
0 0.5420891203703704 0.4568402777777777 0.016603009259259238 0.014010416666666714
0 0.5747858796296297 0.46319444444444446 0.015028935185185156 0.013159722222222215
0 0.5900578703703704 0.4336284722222222 0.01661458333333332 0.014791666666666713
0 0.6119907407407407 0.42874999999999996 0.01822337962962948 0.017986111111111213
0 0.5896874999999999 0.45862847222222225 0.02052083333333332 0.014965277777777786
0 0.5718460648148148 0.4508333333333333 0.02052083333333332 0.014965277777777786
0 0.5078530092592592 0.4489930555555556 0.01973958333333332 0.014930555555555535
0 0.5035243055555556 0.4249826388888889 0.016591435185185334 0.013229166666666714
0 0.5041203703703704 0.4374479166666667 0.017407407407407406 0.015607638888888786
0 0.5158391203703704 0.4369270833333333 0.019004629629629656 0.018020833333333285
0 0.5028877314814815 0.467951388888889 0.018177083333333323 0.014861111111111214
0 0.5313368055555555 0.44482638888888887 0.018981481481481488 0.016458333333333287
0 0.5641608796296296 0.44258680555555563 0.019751157407407405 0.015711805555555715
0 0.5438483796296296 0.4434895833333333 0.01976273148148149 0.016493055555555535
0 0.5315219907407407 0.43232638888888886 0.01737268518518533 0.013263888888888787
0 0.5432291666666667 0.43258680555555556 0.018177083333333323 0.014861111111111037
0 0.5910243055555556 0.42109375 0.01816550925925924 0.014079861111111036
0 0.6122106481481482 0.41390625 0.018177083333333323 0.014861111111111214
0 0.4990104166666667 0.4134722222222223 0.016591435185185154 0.013229166666666714
0 0.5084780092592592 0.40680555555555553 0.01734953703703699 0.011701388888888964
0 0.5234606481481482 0.39677083333333335 0.014212962962962905 0.010781249999999964
0 0.5072743055555555 0.38265625000000003 0.01734953703703699 0.011701388888888876
0 0.5071006944444445 0.39437500000000003 0.01737268518518533 0.013263888888888875
0 0.5220833333333333 0.38434027777777774 0.014247685185185155 0.013124999999999965
0 0.5368576388888889 0.38836805555555554 0.01661458333333332 0.014791666666666713
0 0.5199247685185184 0.37194444444444447 0.015017361111111072 0.012378472222222214
0 0.5370428240740741 0.3758680555555555 0.01816550925925924 0.014079861111111036
0 0.5364467592592593 0.3634027777777778 0.0166145833333335 0.014791666666666713
0 0.6469444444444444 0.3881597222222222 0.014293981481481487 0.016249999999999966
0 0.6347685185185185 0.3668402777777778 0.0173958333333335 0.014826388888888875
0 0.6372280092592593 0.3589236111111111 0.015040509259259238 0.013940972222222214
0 0.6342418981481481 0.34968750000000004 0.01816550925925924 0.014079861111111036
0 0.6344270833333334 0.33718750000000003 0.017407407407407406 0.015607638888888964
0 0.6172858796296297 0.3348263888888889 0.01583333333333332 0.014756944444444465
1 0.6171238425925927 0.34576388888888887 0.016626157407407405 0.015572916666666714
0 0.5720543981481482 0.3313715277777778 0.019728009259259237 0.014149305555555537
0 0.5662152777777778 0.35661458333333335 0.01895833333333332 0.014895833333333285
0 0.5551388888888888 0.36647569444444444 0.017384259259259238 0.014045138888888874
0 0.5541550925925927 0.3274826388888889 0.015040509259259238 0.013940972222222214
0 0.5327488425925926 0.34951388888888885 0.015821759259259237 0.013975694444444464
0 0.5483391203703704 0.3511631944444445 0.01661458333333332 0.014791666666666713