1 0.5328125 0.74375 0.0171875 0.0140625
1 0.5234375 0.7640625 0.0171875 0.0140625
1 0.53203125 0.7921875 0.02109375 0.01796875
1 0.51484375 0.784375 0.02265625 0.01484375
1 0.52890625 0.77578125 0.01796875 0.01640625
1 0.54375 0.7703125 0.01953125 0.01640625
1 0.55703125 0.7609375 0.02265625 0.015625
1 0.540625 0.75546875 0.02109375 0.01484375
1 0.5203125 0.75390625 0.02265625 0.01484375
1 0.5125 0.77109375 0.0234375 0.01640625
0 0.55546875 0.7484375 0.02109375 0.01484375
0 0.5453125 0.73984375 0.01796875 0.0140625
0 0.5515625 0.7296875 0.02265625 0.01328125
0 0.575 0.74453125 0.0171875 0.01796875
0 0.55625 0.78828125 0.02109375 0.0140625
0 0.546875 0.81171875 0.01953125 0.015625
0 0.56640625 0.81015625 0.0171875 0.01640625
0 0.53046875 0.803125 0.0203125 0.01484375
0 0.48828125 0.73515625 0.02109375 0.01484375
0 0.47578125 0.71796875 0.0234375 0.0140625
0 0.4703125 0.73125 0.02265625 0.0140625
0 0.49296875 0.7234375 0.015625 0.0140625
2 0.36015625 0.765625 0.028125 0.0234375
2 0.46171875 0.74453125 0.02109375 0.01640625
2 0.50234375 0.7546875 0.0171875 0.01484375
2 0.4921875 0.778125 0.01875 0.01484375
2 0.5015625 0.7921875 0.01796875 0.01484375
2 0.51875 0.80703125 0.01796875 0.01640625
2 0.553125 0.70234375 0.01875 0.01328125
2 0.5765625 0.71171875 0.02890625 0.02109375
2 0.50390625 0.740625 0.01953125 0.015625
2 0.51875 0.73984375 0.0171875 0.01328125
2 0.5703125 0.77578125 0.015625 0.01484375
2 0.03828125 0.6015625 0.02421875 0.01796875
2 0.059375 0.60078125 0.0234375 0.015625
2 0.0625 0.58203125 0.01953125 0.01640625
2 0.07109375 0.59375 0.01875 0.01484375
2 0.084375 0.584375 0.021875 0.01484375
2 0.109375 0.58046875 0.021875 0.0140625
2 0.11171875 0.5609375 0.02265625 0.01484375
2 0.128125 0.575 0.0234375 0.01484375
2 0.1375 0.56328125 0.02421875 0.01328125
2 0.146875 0.53671875 0.028125 0.0125
2 0.146875 0.52578125 0.02578125 0.0140625
2 0.14453125 0.5125 0.0234375 0.0125
2 0.1578125 0.5578125 0.01796875 0.0140625
2 0.15 0.5671875 0.01953125 0.01328125
2 0.17734375 0.56328125 0.02109375 0.01328125
2 0.1875 0.55625 0.02109375 0.0140625
2 0.184375 0.59296875 0.02421875 0.01796875
2 0.1671875 0.61015625 0.0234375 0.0171875