2 0.6252951388888889 0.8083854166666666 0.018263888888888857 0.013680555555555429
2 0.6432638888888889 0.8079861111111111 0.01592013888888886 0.013628472222222143
2 0.6604687499999999 0.8083854166666666 0.01824652777777782 0.01289930555555543
2 0.6547916666666667 0.7991319444444445 0.01902777777777782 0.012916666666666642
2 0.6399131944444445 0.7978993055555555 0.018246527777777643 0.01289930555555543
2 0.6211111111111111 0.7959722222222222 0.01984375000000007 0.014496527777777856
2 0.6146006944444444 0.7843923611111111 0.01824652777777782 0.012899305555555607
2 0.6664409722222222 0.7957465277777779 0.01585069444444436 0.010503472222222143
2 0.6876215277777777 0.7991840277777778 0.02211805555555557 0.011423611111111143
2 0.6998958333333334 0.78875 0.014305555555555571 0.01125000000000007
2 0.6819270833333333 0.7891493055555555 0.017413194444444356 0.01053819444444457
0 0.7018576388888889 0.7715104166666666 0.015902777777777644 0.012847222222222144
0 0.6809548611111111 0.7805729166666666 0.017465277777777642 0.012881944444444394
2 0.7105902777777777 0.7775694444444444 0.019010416666666606 0.012135416666666643
0 0.6646006944444445 0.78328125 0.018281250000000072 0.014461805555555606
0 0.6449652777777778 0.7790277777777778 0.015885416666666607 0.012065972222222143
0 0.6286111111111111 0.7817361111111112 0.019062500000000072 0.014479166666666644
0 0.6541493055555556 0.7702256944444444 0.019045138888888858 0.013697916666666643
0 0.6721180555555556 0.7698263888888889 0.017482638888888857 0.013663194444444571
0 0.6353819444444444 0.7698611111111111 0.018263888888888857 0.013680555555555607
0 0.6205208333333333 0.7694097222222223 0.01512152777777782 0.012829861111111108
0 0.6828125 0.7586458333333332 0.018263888888888857 0.013680555555555429
0 0.665625 0.7590277777777777 0.019062500000000072 0.014479166666666644
0 0.6492013888888889 0.7586111111111111 0.017482638888888857 0.013663194444444393
0 0.6155902777777778 0.7585763888888889 0.018246527777777643 0.012899305555555607
0 0.630451388888889 0.7590277777777777 0.01750000000000007 0.014444444444444393
0 0.6215798611111112 0.74671875 0.018246527777777643 0.01289930555555543
0 0.6403819444444444 0.7486458333333333 0.016701388888888856 0.013645833333333357
0 0.6575347222222222 0.7467013888888889 0.017465277777777642 0.01288194444444457
0 0.6762847222222221 0.7462847222222223 0.017465277777777642 0.01288194444444457
0 0.6911111111111111 0.7451736111111111 0.01750000000000007 0.01444444444444457
2 0.6072743055555556 0.771267361111111 0.019861111111111107 0.015277777777777857
2 0.6047222222222223 0.7619444444444444 0.015902777777777644 0.012847222222222144
2 0.6900173611111111 0.7663020833333334 0.018246527777777643 0.012899305555555607
2 0.7030555555555555 0.7550694444444443 0.019045138888888858 0.013697916666666643
2 0.7202430555555555 0.7546875 0.021388888888888857 0.013749999999999929
2 0.7176562499999999 0.7438020833333333 0.022187500000000072 0.014548611111111142
2 0.7088194444444444 0.7330555555555556 0.022170138888888857 0.013767361111111143
2 0.7008159722222222 0.7246354166666666 0.015868055555555573 0.011284722222222144
2 0.6851736111111111 0.724201388888889 0.019791666666666607 0.012152777777777856
2 0.6924479166666666 0.7349826388888889 0.016666666666666784 0.012083333333333357
2 0.6966666666666667 0.7137847222222222 0.019062500000000072 0.014479166666666644
2 0.5974479166666666 0.7511631944444443 0.019045138888888858 0.013697916666666643
2 0.5917708333333334 0.7419097222222222 0.018246527777777643 0.01289930555555543
2 0.5883854166666667 0.7302604166666666 0.018281250000000072 0.014461805555555606
2 0.5834722222222222 0.7202083333333332 0.01984375000000007 0.014496527777777856
2 0.5753993055555556 0.7086631944444445 0.015902777777777644 0.012847222222222144
0 0.6682291666666667 0.7355208333333334 0.019062500000000072 0.014479166666666644
0 0.6487152777777778 0.7367361111111111 0.015086805555555572 0.011267361111111106
0 0.6330902777777778 0.7370833333333333 0.01592013888888886 0.013628472222222143
0 0.6166840277777779 0.7374479166666668 0.019027777777777644 0.012916666666666642
0 0.6109722222222222 0.7266319444444445 0.019079861111111106 0.015260416666666643
0 0.625 0.7247569444444444 0.01592013888888886 0.013628472222222143
0 0.6430208333333333 0.7267013888888888 0.015902777777777644 0.012847222222222144
0 0.6586458333333333 0.7263541666666666 0.015138888888888858 0.013611111111111107
0 0.6659895833333334 0.7050868055555556 0.01751736111111111 0.015225694444444571
0 0.6488020833333333 0.70546875 0.019045138888888858 0.013697916666666643
0 0.652170138888889 0.7163368055555555 0.01664930555555557 0.011302083333333357
0 0.6365624999999999 0.7174652777777778 0.015104166666666785 0.012048611111111284
0 0.6308333333333334 0.7058680555555557 0.017482638888888857 0.013663194444444571
0 0.58859375 0.7044618055555556 0.017465277777777823 0.012881944444444394
0 0.5958333333333334 0.7136805555555557 0.019027777777777644 0.012916666666666642
0 0.6104861111111111 0.7047569444444444 0.020607638888888856 0.013732638888888893
2 0.6778993055555556 0.7134201388888888 0.018263888888888857 0.013680555555555429
2 0.6901736111111111 0.7029861111111112 0.017447916666666608 0.01210069444444457
2 0.6836979166666667 0.69296875 0.01980902777777782 0.012934027777777857
2 0.6975694444444445 0.6840625 0.01824652777777782 0.012899305555555607
2 0.6788020833333334 0.6836979166666667 0.01902777777777782 0.012916666666666642
2 0.6895312499999999 0.6740798611111111 0.02062500000000007 0.014513888888888892
2 0.6738368055555556 0.6713020833333333 0.018281250000000072 0.014461805555555606
2 0.5712326388888889 0.69703125 0.020642361111111108 0.015295138888888893
2 0.5678645833333333 0.6861631944444444 0.019861111111111107 0.015277777777777857
0 0.5914409722222222 0.6918923611111112 0.017447916666666785 0.01210069444444457
0 0.6086805555555556 0.6938541666666668 0.01590277777777782 0.012847222222222144
0 0.6243402777777778 0.6950694444444444 0.017447916666666608 0.012100694444444393
0 0.6431076388888888 0.6954340277777777 0.018229166666666786 0.012118055555555608
0 0.6506944444444445 0.6851041666666667 0.017482638888888857 0.013663194444444571
0 0.665625 0.6886805555555556 0.016684027777777822 0.012864583333333356
0 0.6645659722222221 0.6761979166666666 0.01592013888888886 0.013628472222222143
0 0.6496354166666667 0.6726215277777777 0.019027777777777644 0.012916666666666642
0 0.6209722222222223 0.6842013888888889 0.017465277777777823 0.01288194444444457
0 0.6317013888888889 0.6745833333333333 0.017534722222222143 0.01600694444444457
0 0.6029340277777777 0.6814756944444444 0.01984375000000007 0.014496527777777856
0 0.5857118055555556 0.6802951388888889 0.019045138888888858 0.013697916666666643
0 0.5816145833333334 0.6717881944444445 0.018298611111111106 0.01524305555555543
2 0.6658506944444444 0.6636631944444444 0.016701388888888856 0.013645833333333357
2 0.6814756944444444 0.6633159722222223 0.01984375000000007 0.014496527777777856
2 0.6765451388888889 0.6524826388888888 0.01980902777777782 0.012934027777777857
2 0.66703125 0.6464409722222222 0.017465277777777642 0.012881944444444394
2 0.6644791666666666 0.6371180555555556 0.018281250000000072 0.01446180555555543
2 0.6571875 0.6255555555555555 0.016736111111111108 0.015208333333333357
2 0.6530555555555555 0.6154861111111111 0.019045138888888858 0.013697916666666643
2 0.5519097222222221 0.6716666666666666 0.01750000000000007 0.014444444444444393
2 0.5660069444444444 0.6729166666666666 0.017482638888888857 0.013663194444444571
2 0.5462326388888888 0.6624131944444445 0.018281250000000072 0.01446180555555543
2 0.5420659722222222 0.65078125 0.015954861111111107 0.015190972222222144
0 0.5712326388888889 0.6618576388888889 0.015138888888888858 0.013611111111111107
0 0.6046701388888889 0.654079861111111 0.01592013888888886 0.013628472222222143
0 0.6351215277777778 0.6526215277777778 0.019861111111111107 0.015277777777777857
0 0.6516666666666666 0.6585069444444445 0.01824652777777782 0.01289930555555543
0 0.6409895833333333 0.6352951388888888 0.015902777777777644 0.012847222222222144
0 0.5989236111111111 0.6417013888888888 0.016736111111111108 0.015208333333333357
0 0.5771006944444445 0.64453125 0.01593750000000007 0.014409722222222143
0 0.5862847222222223 0.6357291666666667 0.019045138888888858 0.013697916666666643
0 0.5502083333333333 0.6302777777777777 0.018281250000000072 0.01446180555555543
2 0.5355555555555556 0.6392013888888889 0.020659722222222142 0.016076388888888894
1 0.6038541666666667 0.617361111111111 0.01913194444444457 0.017604166666666643
1 0.5888541666666667 0.6106597222222222 0.018281250000000072 0.01446180555555543
1 0.6188715277777778 0.589670138888889 0.017465277777777823 0.01288194444444457
1 0.6016666666666668 0.5892708333333333 0.018315972222222143 0.016024305555555608
1 0.58265625 0.5779687499999999 0.018246527777777643 0.01289930555555543
1 0.5611284722222222 0.5940798611111111 0.018263888888888857 0.013680555555555607
1 0.5722743055555556 0.6032118055555555 0.018263888888888857 0.013680555555555429
1 0.5844270833333333 0.6224826388888889 0.01671875000000007 0.014427083333333358
1 0.5878819444444444 0.6020833333333334 0.017465277777777642 0.01288194444444457
1 0.6026909722222222 0.5650173611111111 0.01592013888888886 0.013628472222222143
1 0.6168923611111111 0.5709548611111112 0.01750000000000007 0.01444444444444457
1 0.6394618055555557 0.5665451388888889 0.01515625000000007 0.014392361111111108
2 0.5327777777777778 0.6197222222222223 0.017552083333333357 0.01678819444444457
2 0.5232291666666666 0.6121180555555557 0.014375000000000072 0.014375000000000072
0 0.6356944444444445 0.6080555555555556 0.017465277777777823 0.012881944444444394
0 0.6257291666666667 0.616875 0.01592013888888886 0.013628472222222143
0 0.6245833333333334 0.6356597222222222 0.018281250000000072 0.01446180555555543
0 0.5569965277777778 0.6543576388888889 0.019062500000000072 0.014479166666666644
0 0.5528124999999999 0.6419444444444444 0.02062500000000007 0.014513888888888892
0 0.5659548611111112 0.6353993055555556 0.018281250000000072 0.014461805555555606
0 0.5433854166666666 0.6046354166666668 0.015954861111111107 0.015190972222222144
0 0.6346701388888889 0.5971354166666666 0.01750000000000007 0.01444444444444457
0 0.6454340277777778 0.5890798611111111 0.01824652777777782 0.012899305555555607
2 0.6573263888888888 0.5966319444444445 0.01671875000000007 0.014427083333333358
2 0.6688888888888889 0.5893402777777779 0.01984375000000007 0.014496527777777856
2 0.6773090277777778 0.5813368055555556 0.01982638888888886 0.013715277777777857
2 0.6631770833333334 0.5785243055555556 0.01982638888888886 0.013715277777777857
2 0.6582465277777778 0.5676909722222222 0.01592013888888886 0.013628472222222143
2 0.6739583333333334 0.57125 0.015138888888888858 0.013611111111111107
2 0.6855034722222222 0.5631770833333333 0.019878472222222145 0.016059027777777856
2 0.6705902777777778 0.5603819444444444 0.017465277777777642 0.012881944444444394
2 0.5369270833333333 0.5953993055555555 0.018993055555555572 0.011354166666666643
2 0.5309201388888889 0.6064756944444445 0.018263888888888857 0.013680555555555607
2 0.53671875 0.5860243055555555 0.017465277777777823 0.01288194444444457
1 0.6168229166666667 0.6030034722222222 0.019079861111111106 0.015260416666666643
1 0.6011631944444444 0.6017881944444444 0.018350694444444572 0.017586805555555605
1 0.5899479166666667 0.5895312500000001 0.016736111111111108 0.015208333333333357
1 0.5757986111111111 0.5859375 0.01750000000000007 0.014444444444444393
1 0.5661111111111111 0.5720833333333333 0.018298611111111106 0.015243055555555607
1 0.5952083333333333 0.5800347222222222 0.01593750000000007 0.014409722222222143
1 0.6110590277777778 0.5546701388888889 0.015954861111111107 0.015190972222222144
1 0.6222048611111111 0.5638020833333334 0.018298611111111106 0.01524305555555543
2 0.5356597222222221 0.5735416666666666 0.018246527777777643 0.012899305555555607
2 0.5339236111111111 0.5657638888888888 0.01743055555555557 0.011319444444444571
2 0.5344444444444445 0.5540277777777778 0.014375000000000072 0.014375000000000072
2 0.5226041666666668 0.5488194444444445 0.015190972222222144 0.015954861111111107
2 0.5238715277777779 0.5355034722222222 0.01593750000000007 0.014409722222222143
2 0.5325520833333334 0.5392187500000001 0.012777777777777643 0.012777777777777643
2 0.5218402777777778 0.5144444444444445 0.015173611111111106 0.015173611111111106
2 0.530607638888889 0.5220659722222222 0.01512152777777782 0.012829861111111108
2 0.5215972222222222 0.5035069444444444 0.01593750000000007 0.014409722222222143
2 0.6828819444444445 0.5507291666666667 0.019097222222222144 0.01604166666666664
2 0.67484375 0.5407465277777778 0.01592013888888886 0.013628472222222143
2 0.6864583333333333 0.5357986111111112 0.015954861111111107 0.015190972222222144
2 0.6831076388888888 0.5257118055555555 0.019045138888888858 0.013697916666666643
2 0.6789930555555556 0.516423611111111 0.01982638888888886 0.013715277777777857
2 0.6771874999999999 0.5055208333333333 0.016701388888888856 0.013645833333333357
2 0.667204861111111 0.5487326388888889 0.018281250000000072 0.01446180555555543
2 0.5361284722222222 0.4891145833333333 0.014357638888888857 0.013593750000000071
2 0.5304166666666668 0.47829861111111105 0.016684027777777645 0.012864583333333356
2 0.5325347222222222 0.4680902777777778 0.018993055555555572 0.011354166666666643
2 0.5291666666666666 0.4572222222222223 0.01982638888888886 0.013715277777777857
2 0.5250347222222222 0.44715277777777784 0.015902777777777644 0.012847222222222144
2 0.6680729166666667 0.48227430555555556 0.01824652777777782 0.012899305555555607
2 0.6706423611111111 0.4923784722222223 0.01824652777777782 0.01289930555555543
2 0.6514756944444444 0.47404513888888894 0.017482638888888857 0.013663194444444571
2 0.6678993055555555 0.47446180555555556 0.019027777777777644 0.012916666666666642
2 0.6761631944444444 0.45942708333333326 0.01984375000000007 0.014496527777777856
2 0.6759201388888889 0.4484895833333333 0.019045138888888858 0.013697916666666643
2 0.6648611111111111 0.44326388888888885 0.01592013888888886 0.013628472222222143
2 0.6865451388888889 0.4341840277777778 0.016684027777777645 0.012864583333333356
2 0.6980729166666666 0.4253298611111111 0.018281250000000072 0.014461805555555606
2 0.5340451388888889 0.4305381944444445 0.01824652777777782 0.01289930555555543
2 0.7001909722222223 0.41512152777777783 0.022152777777777643 0.012986111111111143
2 0.6983680555555556 0.4034375 0.019861111111111107 0.015277777777777857
2 0.6849826388888889 0.3990451388888889 0.015902777777777644 0.012847222222222232
2 0.6839930555555556 0.3896875 0.014357638888888857 0.013593749999999983
2 0.6973611111111111 0.3932986111111111 0.019079861111111106 0.015260416666666643
2 0.6986979166666667 0.3831076388888889 0.019895833333333356 0.016840277777777767
2 0.6837500000000001 0.37875000000000003 0.015104166666666785 0.012048611111111107
2 0.698420138888889 0.37060763888888887 0.019062500000000072 0.014479166666666644
2 0.6989756944444444 0.3604340277777778 0.016701388888888856 0.013645833333333357
2 0.5344791666666666 0.4148958333333333 0.01750000000000007 0.01444444444444457
2 0.5452256944444445 0.4060590277777778 0.01352430555555557 0.011232638888888858
2 0.5520486111111111 0.39652777777777776 0.019027777777777644 0.012916666666666642
2 0.5620833333333334 0.3908333333333333 0.015121527777777644 0.012829861111111108
2 0.5478993055555555 0.3856770833333333 0.016701388888888856 0.013645833333333357
2 0.5563541666666667 0.3792361111111111 0.017447916666666608 0.012100694444444393
2 0.5702604166666667 0.3718923611111111 0.014375000000000072 0.014375000000000072
2 0.559236111111111 0.36822916666666666 0.020607638888888856 0.013732638888888893
2 0.5518055555555555 0.35041666666666665 0.016753472222222142 0.015989583333333356
2 0.5621006944444444 0.35644097222222226 0.015138888888888858 0.013611111111111107
2 0.5723611111111111 0.36090277777777774 0.012013888888888857 0.013541666666666608
2 0.5697395833333333 0.3484548611111111 0.01515625000000007 0.014392361111111108
2 0.5610243055555555 0.3431770833333333 0.01592013888888886 0.013628472222222233
2 0.6822916666666666 0.3482986111111111 0.014340277777777643 0.01281250000000007
2 0.6834722222222223 0.36625 0.01593750000000007 0.014409722222222232
2 0.6987326388888888 0.3494965277777778 0.020590277777777645 0.012951388888888892
2 0.6711979166666666 0.34151041666666665 0.017482638888888857 0.013663194444444393
2 0.6914930555555555 0.3402777777777778 0.01984375000000007 0.014496527777777768
2 0.6714756944444444 0.35401041666666666 0.01671875000000007 0.014427083333333358
2 0.5319270833333334 0.30005208333333333 0.017447916666666608 0.012100694444444482
2 0.5301388888888889 0.2899305555555555 0.019010416666666606 0.012135416666666643
2 0.5368402777777778 0.3101041666666667 0.01590277777777782 0.012847222222222232
2 0.5425173611111112 0.3193576388888889 0.01593750000000007 0.014409722222222232
2 0.5435069444444445 0.3287152777777778 0.017465277777777823 0.012881944444444394
2 0.5468576388888888 0.33880208333333334 0.019774305555555573 0.011371527777777769
2 0.6715277777777777 0.3211805555555555 0.01590277777777782 0.012847222222222144
2 0.6864236111111112 0.32319444444444445 0.01593750000000007 0.014409722222222232
2 0.7059374999999999 0.32197916666666665 0.019062500000000072 0.014479166666666644
2 0.6967361111111111 0.32999999999999996 0.01821180555555557 0.011336805555555607
2 0.6811458333333333 0.3319097222222222 0.016666666666666607 0.012083333333333357
2 0.6930902777777778 0.3066319444444444 0.016684027777777822 0.012864583333333356
2 0.6897222222222222 0.2957638888888889 0.019045138888888858 0.013697916666666643
0 0.6119444444444444 0.5241666666666667 0.016736111111111108 0.015208333333333357
0 0.6275868055555556 0.5246006944444443 0.019097222222222144 0.01604166666666664
0 0.6271006944444444 0.5378993055555557 0.019861111111111107 0.015277777777777857
0 0.6129861111111111 0.5358680555555555 0.016666666666666784 0.012083333333333357
0 0.6004513888888889 0.5345833333333333 0.015885416666666607 0.012065972222222143
0 0.5908506944444445 0.5246354166666667 0.02215277777777782 0.012986111111111143
0 0.5872048611111111 0.5364409722222222 0.017465277777777642 0.01288194444444457
0 0.5707465277777778 0.5344618055555556 0.015104166666666608 0.012048611111111107
0 0.5897916666666667 0.5473263888888888 0.015885416666666784 0.012065972222222143
0 0.5741493055555555 0.5468923611111112 0.016684027777777645 0.012864583333333356
0 0.6131944444444445 0.5452430555555556 0.015086805555555572 0.011267361111111106
0 0.6289756944444445 0.5519270833333334 0.016684027777777645 0.012864583333333356
0 0.5908159722222223 0.5582465277777777 0.019027777777777644 0.012916666666666642
0 0.5728472222222222 0.5586458333333333 0.01352430555555557 0.011232638888888858
0 0.5863368055555556 0.5677256944444444 0.019045138888888858 0.013697916666666643
0 0.6428645833333333 0.5789756944444445 0.016701388888888856 0.013645833333333357
0 0.5514756944444444 0.5817881944444444 0.012760416666666784 0.011996527777777821
0 0.5386631944444444 0.5328298611111111 0.012829861111111108 0.01512152777777782
0 0.55296875 0.50828125 0.019045138888888858 0.013697916666666643
0 0.5372395833333334 0.5039409722222222 0.015138888888888858 0.013611111111111107
0 0.5382638888888889 0.514861111111111 0.014322916666666607 0.012031250000000071
0 0.5509027777777777 0.5208333333333334 0.018263888888888857 0.013680555555555429
0 0.5518923611111111 0.5301909722222222 0.01824652777777782 0.01289930555555543
0 0.5521180555555556 0.5403472222222222 0.01902777777777782 0.012916666666666642
0 0.6498784722222222 0.5428645833333333 0.014392361111111108 0.01515625000000007
0 0.6621527777777778 0.5324305555555556 0.016684027777777822 0.012864583333333356
0 0.6456770833333334 0.5296701388888889 0.019045138888888858 0.013697916666666643
0 0.6580034722222223 0.5215798611111111 0.018281250000000072 0.01446180555555543
0 0.6569791666666667 0.5106597222222222 0.01671875000000007 0.014427083333333358
0 0.6413715277777777 0.5117881944444445 0.019809027777777644 0.012934027777777857
0 0.6431423611111111 0.5211284722222222 0.019062500000000072 0.014479166666666644
0 0.6487499999999999 0.49208333333333326 0.01592013888888886 0.013628472222222143
0 0.6387499999999999 0.4993402777777778 0.01593750000000007 0.014409722222222143
0 0.6536631944444444 0.5021354166666667 0.014357638888888857 0.013593750000000071
0 0.5751736111111111 0.5226388888888889 0.01515625000000007 0.014392361111111108
1 0.5711631944444445 0.44769097222222226 0.018246527777777643 0.01289930555555543
1 0.5803298611111112 0.43810763888888893 0.015885416666666784 0.012065972222222143
1 0.6068402777777777 0.43517361111111114 0.019062500000000072 0.014479166666666644
1 0.6058333333333333 0.42503472222222227 0.01585069444444436 0.010503472222222143
1 0.6056076388888888 0.41487847222222224 0.01750000000000007 0.01444444444444457
1 0.6205381944444445 0.41845486111111113 0.01590277777777782 0.012847222222222144
1 0.6392187500000001 0.4149131944444445 0.015902777777777644 0.012847222222222144
1 0.6316319444444444 0.4252430555555556 0.017465277777777642 0.012881944444444394
1 0.6449999999999999 0.4288541666666667 0.014322916666666786 0.012031250000000071
1 0.6572048611111111 0.4152951388888889 0.014322916666666786 0.012031250000000071
1 0.5899131944444445 0.4472743055555556 0.014322916666666786 0.012031250000000071
1 0.5978819444444444 0.45413194444444444 0.01352430555555557 0.011232638888888858
1 0.6062847222222223 0.4453472222222222 0.018246527777777643 0.01289930555555543
1 0.6233333333333333 0.43871527777777775 0.01671875000000007 0.014427083333333358
1 0.5944965277777777 0.30178819444444444 0.014340277777777643 0.012812499999999982
1 0.6032465277777778 0.3086284722222222 0.016666666666666607 0.012083333333333357
1 0.6163020833333334 0.2981770833333333 0.016666666666666607 0.012083333333333357
1 0.6335590277777777 0.3009201388888889 0.017482638888888857 0.013663194444444393
1 0.5758159722222222 0.3053298611111111 0.021440972222222143 0.016093749999999928
0 0.5482118055555556 0.29421875000000003 0.017534722222222143 0.016006944444444393
0 0.555625 0.31124999999999997 0.017482638888888857 0.013663194444444393
0 0.5613715277777779 0.3236284722222222 0.01671875000000007 0.014427083333333358
0 0.5745486111111111 0.31864583333333335 0.015868055555555573 0.011284722222222232
0 0.5894444444444444 0.3206597222222222 0.015885416666666784 0.012065972222222231
0 0.6059375 0.3242013888888889 0.016684027777777822 0.012864583333333356
0 0.6166840277777779 0.31536458333333334 0.01585069444444436 0.010503472222222232
0 0.6316493055555557 0.3205034722222222 0.014288194444444357 0.010468750000000072
0 0.6449479166666666 0.32098958333333333 0.016701388888888856 0.013645833333333357
0 0.6548437500000001 0.3090451388888889 0.017465277777777642 0.012881944444444394
0 0.6655902777777778 0.3002083333333333 0.016684027777777645 0.012864583333333356
0 0.6210416666666667 0.3355902777777778 0.015121527777777644 0.012829861111111108
0 0.6344097222222222 0.3392013888888889 0.01821180555555557 0.011336805555555607
0 0.6517013888888888 0.3435069444444444 0.015885416666666784 0.012065972222222231
0 0.6491319444444444 0.33340277777777777 0.015885416666666784 0.012065972222222231
0 0.6639756944444445 0.3330729166666667 0.016701388888888856 0.013645833333333357
0 0.5857465277777778 0.33012152777777776 0.018263888888888857 0.013680555555555607
2 0.5717708333333332 0.3343402777777778 0.015069444444444358 0.010486111111111108
0 0.5938020833333333 0.3408854166666667 0.013506944444444358 0.010451388888888857
0 0.5782291666666667 0.34357638888888886 0.01982638888888886 0.013715277777777767
0 0.595625 0.35256944444444444 0.018263888888888857 0.013680555555555607
0 0.6071701388888888 0.3444965277777778 0.01585069444444436 0.010503472222222232
0 0.6038368055555555 0.33519097222222227 0.016666666666666784 0.012083333333333357
0 0.6197048611111111 0.34578125000000004 0.015104166666666785 0.012048611111111107
0 0.6353993055555556 0.3485590277777778 0.018263888888888857 0.013680555555555607
0 0.6503819444444444 0.3544791666666667 0.017482638888888857 0.013663194444444393
1 0.6677083333333333 0.43069444444444444 0.016753472222222142 0.015989583333333356
1 0.6535590277777777 0.42710069444444443 0.01512152777777782 0.012829861111111108
1 0.5910243055555556 0.42692708333333335 0.01593750000000007 0.014409722222222143
0 0.5771180555555555 0.5046180555555555 0.016701388888888856 0.013645833333333357
0 0.5613368055555557 0.49793402777777784 0.015902777777777644 0.012847222222222144
0 0.5648784722222222 0.48144097222222226 0.014322916666666786 0.012031250000000071
0 0.5977951388888888 0.48539930555555555 0.01593750000000007 0.014409722222222143
0 0.585295138888889 0.4856770833333333 0.01512152777777782 0.012829861111111108
0 0.6151562500000001 0.49282986111111116 0.014322916666666786 0.012031250000000071
0 0.6278472222222222 0.46597222222222223 0.015138888888888858 0.013611111111111107
0 0.6488541666666666 0.4615972222222222 0.016753472222222142 0.015989583333333356
0 0.6283506944444445 0.4886284722222222 0.01902777777777782 0.012916666666666642
0 0.6117708333333333 0.4811805555555555 0.019027777777777644 0.012916666666666642
0 0.5530729166666667 0.4777951388888889 0.018246527777777643 0.012899305555555607
0 0.5478993055555555 0.45602430555555556 0.015885416666666784 0.012065972222222143
0 0.5489236111111111 0.46694444444444444 0.01592013888888886 0.013628472222222143
0 0.5598611111111111 0.46670138888888885 0.017534722222222143 0.01600694444444457
0 0.5487847222222222 0.4958680555555556 0.016701388888888856 0.013645833333333357
0 0.5748784722222222 0.47418402777777774 0.01751736111111111 0.015225694444444571
0 0.6045486111111111 0.4727430555555555 0.018263888888888857 0.013680555555555429
0 0.5865972222222222 0.47392361111111114 0.018298611111111106 0.01524305555555543
0 0.5746354166666666 0.46324652777777775 0.015868055555555573 0.011284722222222144
0 0.5848090277777778 0.4638020833333333 0.016701388888888856 0.013645833333333357
0 0.6291493055555556 0.45421875 0.016684027777777822 0.012864583333333356
0 0.6485416666666667 0.44753472222222224 0.016701388888888856 0.013645833333333357
0 0.54296875 0.4451909722222222 0.015868055555555573 0.011284722222222144
0 0.5522222222222222 0.43951388888888887 0.01585069444444436 0.010503472222222143
0 0.5653125 0.43062500000000004 0.013489583333333322 0.009670138888888857
0 0.55015625 0.41689236111111116 0.01585069444444436 0.010503472222222143
0 0.5503993055555556 0.42782986111111115 0.015885416666666784 0.012065972222222143
0 0.5634895833333333 0.41894097222222226 0.012743055555555572 0.011215277777777644
0 0.5776388888888888 0.4225347222222222 0.015138888888888858 0.013611111111111107
0 0.5616666666666668 0.40725694444444444 0.014305555555555571 0.01125000000000007
0 0.5773784722222223 0.4108159722222222 0.016684027777777645 0.012864583333333356
0 0.5763368055555556 0.39911458333333333 0.01592013888888886 0.013628472222222143
0 0.6793055555555556 0.42496527777777776 0.01281250000000007 0.014340277777777643
0 0.6671354166666668 0.40491319444444446 0.01592013888888886 0.013628472222222143
0 0.6700868055555556 0.39703125 0.014322916666666607 0.012031249999999983
0 0.6659895833333334 0.38852430555555556 0.016684027777777645 0.012864583333333356
0 0.6665277777777778 0.37756944444444446 0.01592013888888886 0.013628472222222233
0 0.6508333333333333 0.3747916666666667 0.015138888888888858 0.013611111111111107
1 0.6510590277777778 0.38494791666666667 0.01593750000000007 0.014409722222222232
0 0.6085243055555555 0.37026041666666665 0.018246527777777643 0.012899305555555518
0 0.6035763888888889 0.39381944444444444 0.017465277777777823 0.012881944444444482
0 0.5936111111111112 0.4026388888888889 0.015885416666666784 0.012065972222222143
0 0.5912499999999999 0.3667361111111111 0.013559027777777644 0.012795138888888858
0 0.5729340277777778 0.3866840277777778 0.015104166666666785 0.012048611111111107
0 0.58703125 0.38793402777777775 0.01512152777777782 0.012829861111111108