2 0.1796875 0.7171875 0.03203125 0.0296875
1 0.3296875 0.5703125 0.02421875 0.02265625
1 0.34765625 0.5875 0.03046875 0.0234375
1 0.3484375 0.5625 0.025 0.02265625
1 0.37109375 0.55703125 0.02734375 0.02578125
1 0.3859375 0.5734375 0.0296875 0.0234375
1 0.39296875 0.5546875 0.02421875 0.0203125
1 0.40859375 0.54140625 0.02421875 0.021875
1 0.43203125 0.5390625 0.02421875 0.02421875
1 0.4171875 0.55625 0.0265625 0.0203125
1 0.409375 0.57265625 0.02421875 0.02109375
1 0.43203125 0.57421875 0.03125 0.0234375
1 0.440625 0.55859375 0.0296875 0.021875
1 0.4578125 0.55234375 0.0265625 0.01875
1 0.48203125 0.5609375 0.0234375 0.01875
1 0.4875 0.54765625 0.02890625 0.01875
1 0.4546875 0.56953125 0.0296875 0.01796875
0 0.16328125 0.57421875 0.028125 0.0234375
0 0.18671875 0.5671875 0.02734375 0.0234375
0 0.209375 0.5625 0.0265625 0.02109375
0 0.2328125 0.55390625 0.03125 0.0234375
0 0.18359375 0.58515625 0.02890625 0.02265625
0 0.20703125 0.58203125 0.0234375 0.02109375
0 0.23046875 0.57890625 0.02890625 0.021875
0 0.25 0.571875 0.02734375 0.0203125
0 0.27578125 0.56875 0.0265625 0.02109375
0 0.28203125 0.54921875 0.025 0.02421875
0 0.3046875 0.55390625 0.02421875 0.01875
0 0.29609375 0.5703125 0.02890625 0.0203125
0 0.1671875 0.6 0.03046875 0.02421875
0 0.19296875 0.603125 0.0265625 0.02109375
0 0.2171875 0.5984375 0.025 0.025
0 0.24140625 0.59453125 0.03203125 0.0203125
0 0.2359375 0.6125 0.025 0.021875
2 0.2546875 0.63828125 0.03125 0.02578125
0 0.259375 0.609375 0.025 0.0234375
0 0.28359375 0.609375 0.0265625 0.0234375
0 0.26640625 0.58828125 0.028125 0.025
0 0.2890625 0.5875 0.0234375 0.0234375
0 0.31015625 0.58359375 0.02421875 0.0203125
0 0.30546875 0.6046875 0.028125 0.02265625
0 0.32734375 0.60078125 0.021875 0.021875
0 0.35625 0.61796875 0.02734375 0.021875
0 0.37421875 0.5984375 0.02734375 0.02109375
0 0.3828125 0.615625 0.0328125 0.02421875
0 0.39921875 0.5984375 0.025 0.01953125
0 0.303125 0.53359375 0.0296875 0.0234375
0 0.3265625 0.5421875 0.02421875 0.0203125
0 0.334375 0.52578125 0.0234375 0.0203125
0 0.3515625 0.53984375 0.025 0.0234375
0 0.36015625 0.5234375 0.02734375 0.01875
0 0.375 0.53671875 0.03046875 0.0234375
0 0.3859375 0.52109375 0.02734375 0.01953125
0 0.40859375 0.52109375 0.025 0.02109375
0 0.43203125 0.51875 0.028125 0.0203125
0 0.45390625 0.51875 0.025 0.02109375
0 0.46953125 0.53515625 0.02421875 0.02109375
0 0.4796875 0.51953125 0.0265625 0.01953125
0 0.51640625 0.5296875 0.028125 0.02265625
0 0.53359375 0.54296875 0.0234375 0.02109375
0 0.52265625 0.55390625 0.0265625 0.02109375
0 0.51171875 0.56953125 0.0265625 0.01875
0 0.521875 0.5859375 0.025 0.01953125
0 0.50078125 0.5859375 0.02734375 0.021875
0 0.47265625 0.59296875 0.0265625 0.021875
0 0.45078125 0.59765625 0.02890625 0.02109375
0 0.42578125 0.59765625 0.02421875 0.01875
0 0.4125 0.6125 0.028125 0.0203125
2 0.096875 0.61953125 0.02890625 0.01953125
2 0.1046875 0.6015625 0.02734375 0.01640625
2 0.1171875 0.5859375 0.034375 0.0234375
2 0.12734375 0.56953125 0.03046875 0.01875
2 0.13203125 0.60234375 0.03359375 0.0234375
2 0.12109375 0.61953125 0.0296875 0.0203125
2 0.13359375 0.634375 0.03359375 0.02578125
2 0.146875 0.6171875 0.028125 0.02265625
2 0.1625 0.63515625 0.0296875 0.021875
2 0.184375 0.63203125 0.03046875 0.02109375
2 0.21171875 0.63203125 0.0296875 0.02109375
2 0.234375 0.63125 0.02890625 0.01875
2 0.309375 0.63984375 0.0375 0.02734375
2 0.33203125 0.6328125 0.03046875 0.0234375
2 0.16015625 0.5515625 0.03125 0.0234375
2 0.1796875 0.54375 0.03046875 0.021875
2 0.20078125 0.5375 0.0328125 0.025
2 0.22734375 0.53125 0.03125 0.02265625
2 0.25078125 0.528125 0.03203125 0.02421875
2 0.275 0.525 0.03203125 0.021875
2 0.2953125 0.50546875 0.034375 0.02421875
2 0.31796875 0.51015625 0.03125 0.01953125
2 0.340625 0.5078125 0.0265625 0.0203125
2 0.36328125 0.50625 0.02734375 0.02109375
2 0.384375 0.5046875 0.0265625 0.0171875
2 0.40859375 0.50546875 0.0265625 0.0171875
2 0.45 0.621875 0.03125 0.0203125
2 0.50625 0.60390625 0.03046875 0.01640625
2 0.56796875 0.58359375 0.02890625 0.021875
2 0.546875 0.5828125 0.021875 0.021875
2 0.55703125 0.56640625 0.02890625 0.02109375
2 0.57265625 0.55703125 0.03125 0.02265625
2 0.5625 0.53203125 0.03046875 0.02109375
2 0.55390625 0.51796875 0.02890625 0.01875
2 0.52578125 0.51484375 0.0265625 0.01484375
2 0.53984375 0.5 0.02734375 0.0203125
2 0.51640625 0.5 0.03359375 0.025
2 0.4953125 0.4984375 0.028125 0.02109375
2 0.46875 0.49296875 0.0265625 0.02265625
2 0.446875 0.49296875 0.03046875 0.02265625
2 0.42734375 0.4921875 0.028125 0.025