1 0.5599884259259259 0.61015625 0.029878472222222285 0.02578125
1 0.5372395833333334 0.59765625 0.025937499999999857 0.02109375
1 0.5129398148148148 0.58671875 0.029062500000000036 0.02109375
1 0.4878761574074074 0.578125 0.02828124999999986 0.02109375
1 0.4645081018518519 0.5875 0.029050925925925952 0.01953125
1 0.4872395833333334 0.59765625 0.02437499999999986 0.02109375
1 0.5138773148148148 0.6078125 0.02668981481481474 0.0171875
1 0.5319270833333334 0.61875 0.027494212962962904 0.0203125
1 0.5328530092592592 0.63828125 0.025937499999999857 0.02109375
1 0.5108912037037037 0.6265625 0.02825810185185169 0.01796875
1 0.4897337962962963 0.61796875 0.02669560185185187 0.01796875
1 0.4654340277777777 0.60703125 0.026678240740740832 0.015625
1 0.4379976851851852 0.59453125 0.022812499999999857 0.02109375
1 0.42010416666666667 0.6046875 0.02669560185185187 0.01796875
1 0.4412789351851852 0.615625 0.025144675925925952 0.01953125
1 0.4640104166666667 0.62578125 0.025925925925925953 0.01953125
1 0.4453356481481482 0.6359375 0.027500000000000035 0.02109375
1 0.4257291666666667 0.62578125 0.028252314814814737 0.0171875
1 0.4029918981481481 0.61484375 0.029855324074074117 0.02265625
1 0.40079861111111115 0.63515625 0.029855324074074117 0.02265625
1 0.4219560185185186 0.64375 0.02751157407407412 0.02265625
1 0.4462673611111111 0.65625 0.029068287037037167 0.021875
1 0.4657175925925926 0.6453125 0.032175925925925955 0.01953125
1 0.49394675925925924 0.659375 0.03140046296296291 0.0203125
1 0.5133680555555555 0.64453125 0.029878472222222285 0.02578125
1 0.4666666666666666 0.66796875 0.03296874999999986 0.02109375
1 0.44800347222222225 0.6796875 0.032187500000000036 0.02109375
1 0.4236863425925925 0.66640625 0.029866898148148024 0.02421875
1 0.4017361111111112 0.65625 0.033778935185185155 0.025
1 0.3805497685185185 0.64375 0.03301504629629637 0.02734375
1 0.3571990740740741 0.65546875 0.03689814814814811 0.02421875
1 0.35734953703703703 0.67578125 0.0298668981481482 0.02421875
1 0.38306712962962963 0.6671875 0.02907407407407412 0.02265625
1 0.38399884259259254 0.6875 0.033784722222222285 0.02578125
1 0.4065914351851852 0.67890625 0.032210648148148203 0.02421875
1 0.40831597222222216 0.70078125 0.03300347222222229 0.02578125
1 0.4308912037037037 0.68984375 0.02675925925925924 0.0265625
1 0.38808449074074075 0.71171875 0.03456018518518515 0.025
1 0.35909143518518516 0.7 0.03692129629629628 0.02734375
1 0.3386921296296296 0.68828125 0.03458333333333332 0.028125
1 0.31519097222222225 0.6796875 0.0314293981481482 0.02421875
1 0.2934085648148148 0.6921875 0.03531250000000004 0.02109375
1 0.29747106481481483 0.71328125 0.029849537037036987 0.021875
1 0.3200636574074074 0.7046875 0.02751157407407412 0.02265625
1 0.3194444444444445 0.7265625 0.02907407407407412 0.02265625
1 0.30390625 0.73828125 0.029091435185185154 0.025
1 0.3420138888888889 0.71484375 0.03379629629629628 0.02734375
1 0.3445196759259259 0.73671875 0.03299768518518516 0.025
1 0.3639641203703704 0.725 0.031464120370370365 0.02890625
0 0.48246527777777776 0.69140625 0.029872685185185155 0.025
0 0.5042361111111111 0.67734375 0.0314293981481482 0.02421875
0 0.5252488425925925 0.66640625 0.029056712962962906 0.0203125
0 0.4598842592592593 0.7015625 0.034537037037037165 0.021875
0 0.43417824074074074 0.71171875 0.026707175925925954 0.01953125
0 0.4139467592592593 0.72265625 0.032187500000000036 0.02109375
0 0.3921412037037037 0.73203125 0.033784722222222195 0.02578125
0 0.36107060185185186 0.75625 0.0329918981481482 0.02421875
0 0.315005787037037 0.76015625 0.030613425925925954 0.01953125
0 0.2884953703703704 0.7671875 0.03299768518518516 0.025
0 0.3120081018518518 0.77734375 0.033773148148148205 0.02421875
0 0.3424189814814815 0.76953125 0.036128472222222194 0.02578125
0 0.2694155092592593 0.72265625 0.03376157407407412 0.02265625
0 0.27082754629629624 0.70234375 0.03295717592592595 0.01953125
0 0.2706712962962963 0.68125 0.032216435185185154 0.025
0 0.29557870370370376 0.66875 0.03141782407407412 0.02265625
0 0.31734375 0.65390625 0.02989004629629628 0.02734375
0 0.3414583333333333 0.63984375 0.03299189814814811 0.02421875
0 0.36247685185185186 0.6296875 0.030659722222222286 0.02578125
0 0.3856886574074074 0.59921875 0.029062500000000036 0.02109375
0 0.41140046296296295 0.58984375 0.036116898148148203 0.02421875
0 0.42853009259259256 0.58203125 0.03455439814814802 0.02421875
0 0.45111689814814815 0.57265625 0.029837962962962906 0.0203125
0 0.5500636574074074 0.64140625 0.023616898148148026 0.02421875
0 0.5742824074074073 0.64140625 0.029103009259259238 0.0265625
0 0.5896527777777778 0.60703125 0.029062500000000036 0.02109375
0 0.56765625 0.590625 0.02751157407407412 0.02265625
0 0.5910300925925925 0.58203125 0.029085648148148024 0.02421875
0 0.567511574074074 0.57109375 0.029855324074074117 0.02265625
0 0.5893113425925927 0.5609375 0.02907407407407412 0.02265625
0 0.5425520833333334 0.5765625 0.03690393518518516 0.025
0 0.5182407407407407 0.5640625 0.03220486111111107 0.0234375
0 0.5462905092592593 0.55390625 0.03535300925925924 0.0265625
0 0.5227893518518518 0.5453125 0.031429398148148026 0.02421875
0 0.4986284722222222 0.553125 0.029872685185185155 0.025
0 0.4744791666666667 0.5625 0.03380208333333332 0.028125
2 0.45015625000000004 0.5484375 0.03300347222222229 0.02578125
2 0.4252604166666667 0.5625 0.034519675925925954 0.01953125
2 0.40499999999999997 0.56953125 0.0329918981481482 0.02421875
2 0.38165509259259256 0.58203125 0.02751157407407412 0.02265625
2 0.4766608796296296 0.540625 0.032199074074074116 0.02265625
2 0.49765625 0.52734375 0.029091435185185154 0.025
2 0.6063888888888889 0.6515625 0.03298611111111107 0.0234375
2 0.5999363425925927 0.62421875 0.03142361111111107 0.0234375
2 0.5822453703703704 0.66171875 0.02982060185185187 0.01796875
2 0.5565162037037037 0.66875 0.03692708333333332 0.028125
2 0.5347395833333334 0.68203125 0.034531250000000034 0.02109375
2 0.520792824074074 0.69765625 0.03532407407407412 0.02265625
2 0.4631307870370371 0.71796875 0.03298032407407412 0.02265625
2 0.4849247685185185 0.70703125 0.0345543981481482 0.02421875
2 0.44212384259259263 0.7296875 0.029843749999999857 0.02109375
2 0.4211342592592593 0.74375 0.033790509259259235 0.0265625
2 0.410318287037037 0.76015625 0.03457754629629619 0.02734375
2 0.25396990740740744 0.746875 0.03302083333333332 0.028125
2 0.2817013888888889 0.79921875 0.029878472222222195 0.02578125
2 0.24487847222222223 0.6796875 0.025966435185185155 0.025