1 0.5811921296296296 0.8157291666666666 0.01851851851851851 0.016041666666667
1 0.571875 0.8377083333333333 0.018547453703703632 0.016822916666666642
1 0.5823495370370371 0.8680208333333332 0.024160879629629584 0.02109375
1 0.5633101851851852 0.8589583333333334 0.02482638888888893 0.018020833333333285
1 0.5778067129629629 0.8505729166666667 0.020196759259259168 0.019270833333333216
1 0.5947627314814815 0.84546875 0.022540509259259166 0.019427083333333428
1 0.6084780092592592 0.8370312500000001 0.025636574074074048 0.01885416666666657
1 0.5902777777777778 0.8295833333333335 0.023263888888888928 0.017916666666666713
1 0.5683159722222222 0.82578125 0.02560763888888893 0.01807291666666657
1 0.5604456018518519 0.8447395833333333 0.025665509259259166 0.019635416666666572
0 0.606394675925926 0.8228645833333333 0.02404513888888893 0.01796875
0 0.5943287037037036 0.8127083333333334 0.02010995370370381 0.016927083333333214
0 0.6009548611111111 0.8022395833333335 0.025520833333333215 0.015729166666666572
0 0.6265335648148149 0.81953125 0.01869212962962976 0.020729166666666642
0 0.6087673611111111 0.8658854166666666 0.02398726851851869 0.01640625
0 0.5995659722222222 0.8909895833333333 0.021730324074074048 0.01859375000000014
0 0.6205729166666666 0.8900520833333333 0.019415509259259167 0.01921874999999993
0 0.5820023148148149 0.8796875 0.022482638888888927 0.017864583333333427
0 0.5324074074074074 0.803125 0.02323495370370381 0.017135416666666715
0 0.5184606481481481 0.7842708333333334 0.02635995370370381 0.017343750000000036
0 0.5127314814814815 0.7979166666666667 0.02557870370370363 0.01729166666666675
0 0.5374131944444445 0.7909895833333334 0.016984953703703808 0.01671875000000007
2 0.3953703703703704 0.8275 0.03142361111111107 0.027812499999999928
2 0.5038773148148149 0.8113541666666666 0.024103009259259168 0.01953125
2 0.5488425925925926 0.8260416666666668 0.019357638888888928 0.017656250000000283
2 0.5388310185185186 0.8503125 0.02092013888888893 0.017760416666666855
2 0.5495659722222223 0.8666145833333333 0.02013888888888893 0.017708333333333215
2 0.5689236111111111 0.8842708333333335 0.020196759259259168 0.01927083333333357
2 0.602199074074074 0.7727083333333333 0.020862268518518513 0.0161979166666665
2 0.6267650462962963 0.7836979166666667 0.032089120370370414 0.02473958333333339
2 0.5498263888888889 0.8105208333333334 0.021730324074074048 0.01859375000000014
2 0.5654224537037037 0.81078125 0.019270833333333393 0.015312499999999929
2 0.623119212962963 0.8535937499999999 0.016984953703703808 0.016718749999999716
2 0.038773148148148154 0.6260416666666667 0.02728587962962963 0.021302083333333322
2 0.062181712962962966 0.6268229166666666 0.02563657407407407 0.01885416666666657
2 0.06455439814814815 0.60671875 0.022540509259259257 0.019427083333333428
2 0.07439236111111111 0.61984375 0.020920138888888884 0.017760416666666678
2 0.0880787037037037 0.610625 0.024045138888888883 0.01796875
2 0.11527777777777777 0.6085416666666666 0.023987268518518512 0.01640625
2 0.11762152777777776 0.58765625 0.02557870370370372 0.017291666666666573
2 0.13614004629629628 0.6036979166666667 0.02635995370370372 0.017343750000000036
2 0.14505208333333336 0.5918229166666666 0.02711226851851851 0.01661458333333332
2 0.15491898148148148 0.5636458333333334 0.030989583333333303 0.016093749999999928
2 0.15370370370370373 0.5518750000000001 0.028674768518518513 0.01671875000000007
2 0.15081018518518519 0.536875 0.025520833333333347 0.015729166666666572
2 0.16750578703703703 0.5878645833333334 0.02010995370370372 0.016927083333333214
2 0.15925925925925927 0.5966666666666667 0.022395833333333302 0.015520833333333428
2 0.18880208333333334 0.5947395833333333 0.023177083333333303 0.015572916666666714
2 0.1994502314814815 0.58765625 0.02320601851851851 0.016354166666666715
2 0.19701967592592592 0.6272395833333333 0.02728587962962963 0.021302083333333322
2 0.17974537037037036 0.6447916666666667 0.026475694444444465 0.02046874999999986