2 0.8319155092592592 0.6660069444444444 0.02606481481481495 0.01852430555555564
2 0.7934027777777777 0.6629513888888889 0.020503472222222284 0.016840277777777857
2 0.8038773148148148 0.6548958333333333 0.01912615740740762 0.019930555555555608
2 0.8167881944444446 0.6483506944444445 0.01976851851851862 0.017604166666666643
2 0.8306192129629629 0.6441319444444444 0.01976851851851862 0.017604166666666643
2 0.8450520833333333 0.6500694444444445 0.019079861111111283 0.01914930555555543
2 0.8584259259259259 0.6513368055555555 0.01825231481481495 0.018350694444444392
2 0.8434837962962962 0.6368055555555555 0.014849537037036953 0.013593750000000071
2 0.8560300925925926 0.6373090277777778 0.018848379629629618 0.01524305555555543
2 0.8411342592592593 0.6235590277777778 0.018848379629629618 0.015243055555555607
2 0.8540914351851852 0.6177951388888889 0.015034722222222286 0.01671875000000007
2 0.872337962962963 0.6220833333333333 0.018755787037036953 0.013680555555555607
2 0.8736747685185187 0.6314409722222222 0.02500578703703695 0.01381944444444443
2 0.8627256944444444 0.6050868055555556 0.01728587962962962 0.015208333333333357
2 0.8748148148148148 0.6110763888888889 0.02289351851851862 0.017673611111111143
2 0.8749016203703703 0.5993402777777778 0.02197337962962962 0.015312499999999929
2 0.8398784722222222 0.5891666666666666 0.02197337962962962 0.015312499999999929
2 0.8534780092592593 0.5810416666666667 0.01962962962962962 0.015260416666666643
2 0.8664409722222223 0.5885763888888889 0.02119212962962962 0.015295138888888893
2 0.7755208333333334 0.6516145833333333 0.025237268518518617 0.01772569444444443
2 0.761730324074074 0.6433159722222223 0.022754629629629618 0.015329861111111143
2 0.7303414351851851 0.6416666666666666 0.021927083333333285 0.01453124999999993
2 0.7432060185185185 0.6343402777777778 0.01806712962962962 0.015225694444444571
2 0.8029050925925926 0.6384895833333333 0.019537037037036954 0.013697916666666643
2 0.7916493055555556 0.6465625 0.018848379629629618 0.015243055555555607
2 0.8335474537037036 0.6143402777777778 0.018020833333333285 0.01444444444444457
2 0.8428703703703704 0.6000520833333333 0.018113425925925953 0.01600694444444457
0 0.812962962962963 0.6234027777777778 0.01976851851851862 0.017604166666666643
0 0.7790972222222223 0.6327604166666667 0.021927083333333285 0.01453124999999993
0 0.794212962962963 0.6238194444444444 0.018159722222222285 0.01678819444444457
0 0.7659953703703704 0.6228819444444444 0.02445601851851862 0.017708333333333392
0 0.7489872685185185 0.6130902777777777 0.01898726851851862 0.01758680555555543
0 0.7352488425925927 0.6188715277777778 0.019722222222222287 0.016822916666666642
1 0.7737094907407407 0.6078472222222222 0.021238425925925952 0.016076388888888894
1 0.7862905092592593 0.5825347222222221 0.023721064814814775 0.018472222222222355
1 0.7955324074074074 0.59328125 0.021238425925925952 0.016076388888888894
1 0.8049942129629629 0.5813368055555556 0.02045717592592595 0.016059027777777856
1 0.792349537037037 0.5659722222222221 0.026203703703703774 0.020868055555555643
1 0.7109664351851851 0.5787326388888889 0.02289351851851862 0.017673611111111143
1 0.6949710648148149 0.5728298611111111 0.02142361111111111 0.019201388888888893
1 0.7100405092592592 0.5631076388888889 0.02523726851851844 0.01772569444444443
1 0.7262210648148149 0.5721354166666666 0.02358217592592595 0.016128472222222356
1 0.7147395833333333 0.5896006944444444 0.02431712962962962 0.015364583333333215
1 0.6486342592592592 0.5433506944444444 0.025925925925925953 0.016180555555555642
1 0.6641203703703704 0.5406597222222222 0.025237268518518617 0.01772569444444443
1 0.6642534722222222 0.5297048611111111 0.028686342592592597 0.023263888888888928
1 0.662037037037037 0.5055034722222222 0.03006365740740744 0.020173611111111
0 0.6302199074074074 0.47022569444444445 0.01967592592592595 0.01604166666666664
0 0.6131712962962963 0.4729513888888889 0.021284722222222285 0.016857638888888894
0 0.5945601851851852 0.4757118055555555 0.022019675925925953 0.016093749999999928
0 0.5992534722222222 0.48890625 0.021284722222222285 0.016857638888888894
0 0.6139583333333334 0.48623263888888885 0.018940972222222286 0.016805555555555428
0 0.6302256944444444 0.4835243055555555 0.014114583333333286 0.014357638888888857
0 0.645804398148148 0.48239583333333336 0.02041087962962962 0.015277777777777857
0 0.6586747685185185 0.4883680555555555 0.021238425925925952 0.016076388888888894
0 0.6716319444444444 0.48260416666666667 0.018848379629629618 0.015243055555555607
0 0.6853761574074074 0.49012152777777784 0.021238425925925952 0.016076388888888717
0 0.6990277777777778 0.4960763888888889 0.01967592592592595 0.01604166666666664
0 0.6860706018518519 0.5018402777777778 0.018020833333333285 0.01444444444444457
0 0.7051446759259259 0.5068923611111111 0.02109953703703695 0.013732638888888893
0 0.690625 0.5126909722222222 0.022708333333333285 0.014548611111111142
0 0.7044155092592593 0.5209895833333333 0.022847222222222286 0.016892361111111143
0 0.7194907407407408 0.5245659722222222 0.022800925925925954 0.016111111111111142
0 0.6883796296296296 0.5276041666666667 0.018113425925925953 0.01600694444444457
0 0.7029050925925926 0.5351041666666667 0.02353587962962962 0.015347222222222356
0 0.6867766203703705 0.54015625 0.021145833333333287 0.014513888888888892
0 0.7190393518518519 0.5433506944444444 0.02367476851851862 0.017690972222222358
0 0.7326851851851852 0.5360069444444445 0.01976851851851862 0.017604166666666643
0 0.7453645833333333 0.5255555555555556 0.02142361111111111 0.019201388888888893
0 0.7518518518518519 0.5426215277777777 0.024502314814814952 0.018489583333333393
0 0.7333796296296295 0.5477256944444445 0.022662037037036953 0.013767361111111143
0 0.7326041666666667 0.5610416666666667 0.018020833333333285 0.014444444444444393
0 0.7487326388888889 0.5559895833333333 0.021331018518518617 0.01763888888888889
0 0.7648148148148148 0.55015625 0.02353587962962962 0.015347222222222356
0 0.7739178240740741 0.5585590277777778 0.02436342592592595 0.016145833333333214
0 0.7867361111111111 0.5504513888888889 0.021238425925925952 0.016076388888888894
0 0.7965162037037037 0.5306770833333333 0.02850115740740744 0.02013888888888893
0 0.8058506944444443 0.5429861111111112 0.02509837962962962 0.015381944444444429
0 0.8180324074074073 0.5505381944444444 0.02358217592592595 0.01612847222222218
0 0.8141782407407409 0.5647048611111111 0.021331018518518617 0.01763888888888889
0 0.7456134259259259 0.5693576388888889 0.02119212962962962 0.015295138888888893
0 0.7577025462962963 0.5753472222222221 0.022019675925925953 0.016093749999999928
0 0.7408854166666666 0.5819791666666667 0.019583333333333286 0.014479166666666644
0 0.7570659722222223 0.5910069444444443 0.022708333333333285 0.014548611111111142
0 0.7392824074074074 0.59453125 0.018802083333333285 0.014461805555555606
0 0.813460648148148 0.6053993055555555 0.025190972222222285 0.01694444444444443
0 0.8015162037037037 0.6150520833333333 0.02353587962962962 0.015347222222222179
0 0.8157523148148147 0.5912673611111112 0.021927083333333285 0.01453124999999993
0 0.8219502314814815 0.5770486111111112 0.021238425925925952 0.016076388888888894
0 0.6911689814814814 0.6010763888888888 0.018709490740740797 0.01289930555555543
0 0.6733391203703704 0.6038194444444445 0.023489583333333286 0.014565972222222178
0 0.7116261574074074 0.6162673611111111 0.025144675925925952 0.016163194444444428
0 0.7212731481481482 0.6074479166666666 0.024224537037036954 0.013802083333333215
0 0.7368055555555555 0.6055381944444445 0.021377314814814773 0.018420138888888892
0 0.6928182870370371 0.5893055555555555 0.017974537037036952 0.013663194444444393
0 0.6748495370370371 0.5897048611111111 0.02261574074074062 0.012986111111111143
0 0.6626215277777778 0.5813715277777778 0.023489583333333286 0.014565972222222178
0 0.6673032407407408 0.56796875 0.02133101851851844 0.01763888888888889
0 0.6795312499999999 0.5763020833333334 0.02041087962962962 0.015277777777777857
0 0.6882986111111111 0.5526388888888889 0.01806712962962962 0.015225694444444571
0 0.6713888888888888 0.5577083333333334 0.025237268518518617 0.01772569444444443
0 0.6421180555555555 0.5653993055555555 0.021331018518518617 0.01763888888888889
0 0.6325173611111111 0.575 0.01792824074074062 0.012881944444444394
0 0.6210243055555555 0.5658680555555555 0.025052083333333287 0.014600694444444428
0 0.6125636574074074 0.5551041666666666 0.024224537037036954 0.013802083333333215
0 0.6287847222222223 0.5516145833333332 0.02353587962962962 0.015347222222222356
0 0.6245081018518519 0.5454513888888889 0.023628472222222287 0.01690972222222218
0 0.6260648148148148 0.5321180555555556 0.02142361111111111 0.019201388888888893
0 0.6260590277777778 0.5188194444444444 0.021331018518518617 0.01763888888888889
0 0.6270196759259259 0.5086284722222223 0.02119212962962962 0.015295138888888893
0 0.6277951388888889 0.4953125 0.018020833333333285 0.014444444444444393
0 0.6406770833333333 0.5278819444444445 0.01719328703703695 0.013645833333333357
0 0.644074074074074 0.5192013888888889 0.02041087962962962 0.015277777777777857
0 0.643287037037037 0.5059201388888889 0.01962962962962962 0.015260416666666643
0 0.6442013888888889 0.49494791666666665 0.018848379629629618 0.01524305555555543
0 0.5937210648148149 0.5539583333333333 0.01714699074074062 0.012864583333333356
0 0.5901273148148147 0.5329166666666667 0.01806712962962962 0.015225694444444392
0 0.5966030092592592 0.5233854166666667 0.02041087962962962 0.015277777777777857
0 0.5958159722222222 0.5101041666666667 0.024270833333333287 0.014583333333333216
0 0.5944328703703704 0.4999652777777778 0.022112268518518618 0.01765624999999993
0 0.6063078703703704 0.5419444444444445 0.022754629629629618 0.015329861111111143
0 0.6103935185185185 0.5316840277777779 0.022019675925925953 0.016093749999999928
0 0.6097916666666666 0.5215277777777778 0.02289351851851862 0.017673611111111143
0 0.6114872685185185 0.5105381944444444 0.022662037037036953 0.013767361111111143
0 0.6107465277777778 0.4980381944444444 0.022800925925925954 0.016111111111111142
0 0.5730381944444444 0.5481597222222222 0.02431712962962962 0.015364583333333215
0 0.5755150462962962 0.5371527777777778 0.02353587962962962 0.015347222222222179
0 0.5834143518518518 0.5252430555555556 0.021238425925925952 0.016076388888888894
0 0.578767361111111 0.5128298611111111 0.02119212962962962 0.015295138888888893
0 0.5773379629629629 0.5019097222222222 0.021238425925925952 0.016076388888888894
0 0.5805497685185186 0.4901041666666666 0.020364583333333287 0.014496527777777856
0 0.5774652777777778 0.47765625000000006 0.022112268518518618 0.01765624999999993
0 0.5512962962962963 0.5376909722222223 0.02606481481481495 0.01852430555555564
0 0.5640219907407408 0.5280208333333334 0.02436342592592595 0.016145833333333394
0 0.5633275462962963 0.5163020833333334 0.021880787037036952 0.013749999999999929
0 0.564380787037037 0.5076736111111111 0.01962962962962962 0.015260416666666643
0 0.5643287037037037 0.49359374999999994 0.023032407407407262 0.020017361111111142
0 0.5558217592592593 0.48204861111111114 0.022800925925925954 0.016111111111111142
0 0.5472685185185184 0.46972222222222226 0.02358217592592595 0.016128472222222356
0 0.561880787037037 0.4654861111111111 0.021145833333333287 0.014513888888888892
0 0.5496527777777778 0.4571527777777778 0.02211226851851844 0.01765624999999993
0 0.5673900462962964 0.4528472222222222 0.01976851851851862 0.017604166666666643
0 0.5543807870370371 0.44453125 0.02027199074074062 0.012934027777777857
0 0.5713831018518518 0.4410243055555556 0.02532986111111111 0.019288194444444427
0 0.5559375 0.43119791666666674 0.018663194444444465 0.012118055555555429
0 0.5407233796296296 0.4252777777777778 0.021834490740740797 0.012968749999999928
0 0.5406828703703704 0.4377951388888889 0.025237268518518617 0.01772569444444443
0 0.5352199074074073 0.45121527777777776 0.021331018518518617 0.01763888888888889
0 0.533755787037037 0.46611111111111114 0.019537037037036954 0.013697916666666643
0 0.5289351851851852 0.47717013888888893 0.02142361111111111 0.019201388888888893
0 0.5413020833333333 0.4878472222222222 0.024548611111111108 0.019270833333333393
0 0.5358854166666667 0.5020486111111111 0.02045717592592595 0.016059027777777856
0 0.5489351851851852 0.4978472222222223 0.02045717592592595 0.016059027777777856
0 0.5466435185185186 0.5119791666666667 0.021053240740740796 0.012951388888888892
0 0.5337326388888889 0.5185243055555555 0.01806712962962962 0.015225694444444392
0 0.549681712962963 0.5236458333333334 0.02119212962962962 0.015295138888888893
0 0.5359432870370371 0.5294270833333333 0.019490740740740798 0.012916666666666642
0 0.5121701388888888 0.49788194444444445 0.01967592592592595 0.01604166666666664
0 0.5251273148148148 0.4921180555555556 0.021284722222222285 0.016857638888888894
0 0.5006770833333334 0.4887499999999999 0.02436342592592595 0.016145833333333214
0 0.5022337962962963 0.47541666666666665 0.018755787037036953 0.013680555555555429
0 0.5145081018518518 0.48453125 0.01967592592592595 0.01604166666666664
0 0.5192824074074074 0.4726909722222222 0.017928240740740797 0.01288194444444457
0 0.5224016203703703 0.4593229166666667 0.018298611111111106 0.01913194444444457
0 0.5078298611111111 0.4510416666666666 0.018755787037036953 0.013680555555555429
0 0.5061805555555555 0.46281249999999996 0.019537037037036954 0.013697916666666643
0 0.52546875 0.43187499999999995 0.018894675925925954 0.01602430555555543
0 0.5231307870370371 0.4452256944444445 0.018802083333333285 0.01446180555555543
0 0.5102141203703704 0.4384722222222222 0.019444444444444285 0.012135416666666643
0 0.510162037037037 0.42439236111111106 0.018894675925925954 0.01602430555555543
0 0.5271180555555556 0.42010416666666667 0.02045717592592595 0.016059027777777856
0 0.4916550925925926 0.45531249999999995 0.01806712962962962 0.015225694444444571
0 0.49009837962962965 0.4686458333333333 0.018848379629629618 0.015243055555555607
0 0.4877604166666666 0.48199652777777774 0.020318287037036954 0.013715277777777857
0 0.47392361111111114 0.4729166666666666 0.022019675925925953 0.016093749999999928
0 0.4600868055555555 0.46383680555555556 0.01967592592592595 0.01604166666666664
0 0.4649537037037037 0.45355902777777785 0.014803240740740797 0.01281250000000007
0 0.47787037037037033 0.4603125 0.018663194444444465 0.012118055555555429
0 0.4772222222222222 0.449375 0.021284722222222285 0.016857638888888894
0 0.4810300925925926 0.4344270833333333 0.02041087962962962 0.015277777777777857
0 0.4940393518518519 0.44274305555555554 0.02045717592592595 0.016059027777777856
0 0.4972048611111111 0.43015625 0.021238425925925952 0.016076388888888894
0 0.48506944444444444 0.42338541666666674 0.022019675925925953 0.016093749999999928
0 0.49807291666666664 0.41840277777777785 0.02197337962962962 0.015312499999999929
0 0.5035821759259259 0.40576388888888887 0.01967592592592595 0.01604166666666664
0 0.5141550925925926 0.41256944444444443 0.02109953703703695 0.013732638888888893
0 0.5197106481481482 0.4007118055555555 0.022019675925925953 0.016093749999999928
0 0.5067013888888889 0.39239583333333333 0.02041087962962962 0.015277777777777857
0 0.4889641203703704 0.39670138888888895 0.02353587962962962 0.015347222222222179
0 0.4857986111111111 0.4092881944444445 0.02431712962962962 0.015364583333333215
0 0.46815393518518517 0.41515625 0.01806712962962962 0.015225694444444392
0 0.45523726851851853 0.4084027777777777 0.018848379629629618 0.01524305555555543
0 0.4575752314814815 0.3950520833333333 0.019583333333333286 0.014479166666666644
0 0.44401620370370376 0.3906597222222222 0.018848379629629618 0.015243055555555607
0 0.4310995370370371 0.38390625 0.01976851851851862 0.017604166666666643
0 0.4264641203703704 0.3980902777777778 0.02119212962962962 0.015295138888888893
0 0.4424594907407407 0.40399305555555554 0.020503472222222284 0.016840277777777857
0 0.4256423611111111 0.410625 0.021238425925925952 0.016076388888888894
0 0.4098784722222222 0.40862847222222226 0.01728587962962962 0.015208333333333357
0 0.4223842592592593 0.4216493055555556 0.021145833333333287 0.014513888888888892
0 0.43539351851851854 0.4299652777777778 0.01967592592592595 0.01604166666666664
0 0.43855902777777783 0.4173784722222223 0.01650462962962962 0.015190972222222144
0 0.4512905092592593 0.4210069444444445 0.020318287037036954 0.013715277777777857
0 0.46967592592592594 0.42763888888888885 0.018894675925925954 0.01602430555555543
0 0.45120370370370366 0.4327430555555555 0.02041087962962962 0.015277777777777857
0 0.464994212962963 0.44104166666666667 0.02197337962962962 0.015312499999999929
2 0.3488252314814815 0.3552256944444444 0.019722222222222197 0.016822916666666642
2 0.36559606481481477 0.34781249999999997 0.017378472222222285 0.016770833333333356
2 0.3820486111111111 0.3482291666666667 0.02436342592592595 0.016145833333333394
2 0.369693287037037 0.3641493055555555 0.021238425925925952 0.016076388888888894
2 0.3859606481481482 0.3614409722222222 0.019583333333333286 0.014479166666666644
2 0.40061921296296293 0.3579861111111111 0.021238425925925952 0.016076388888888894
2 0.4175752314814815 0.35369791666666667 0.02119212962962962 0.015295138888888893
2 0.41909722222222223 0.36618055555555556 0.02119212962962962 0.015295138888888893
2 0.4030150462962963 0.3720138888888889 0.0163657407407408 0.012847222222222144
2 0.38913773148148145 0.3754513888888889 0.022800925925925954 0.016111111111111142
2 0.4020081018518519 0.38142361111111106 0.018894675925925954 0.016024305555555608
2 0.40127893518518515 0.3955208333333333 0.01967592592592595 0.01604166666666664
2 0.3822974537037037 0.39203124999999994 0.024270833333333287 0.014583333333333393
2 0.3860706018518519 0.40289930555555553 0.02041087962962962 0.015277777777777857
2 0.3859837962962963 0.4146354166666667 0.024270833333333287 0.014583333333333393
2 0.39136574074074076 0.4262499999999999 0.021927083333333375 0.01453124999999993
2 0.3775347222222222 0.43046875 0.017239583333333287 0.014427083333333358
2 0.39187500000000003 0.43484375000000003 0.021006944444444463 0.012170138888888894
2 0.39794560185185185 0.4448784722222222 0.019583333333333376 0.014479166666666644
2 0.4069039351851852 0.4376388888888889 0.01962962962962962 0.015260416666666643
2 0.4110358796296296 0.42815972222222226 0.015677083333333286 0.014392361111111108
2 0.4343576388888889 0.37288194444444445 0.017239583333333287 0.014427083333333358
2 0.43582175925925926 0.3579861111111111 0.019768518518518442 0.017604166666666643
2 0.44722222222222213 0.3655555555555555 0.021331018518518617 0.01763888888888889
2 0.4609664351851852 0.37307291666666664 0.018848379629629618 0.015243055555555607
2 0.4795775462962963 0.3703125 0.023674768518518442 0.017690972222222177
2 0.483443287037037 0.38274305555555554 0.02197337962962962 0.015312500000000017
2 0.4655671296296296 0.38470486111111113 0.01967592592592595 0.01604166666666664
2 0.4994328703703704 0.3753472222222222 0.018940972222222286 0.016805555555555608
2 0.5125752314814814 0.3727083333333333 0.021284722222222285 0.016857638888888894
2 0.5277951388888888 0.3919270833333333 0.01728587962962962 0.015208333333333357
2 0.42326388888888894 0.43649305555555556 0.016319444444444286 0.012065972222222143
2 0.4183969907407407 0.44677083333333334 0.023489583333333286 0.014565972222222178
2 0.4388020833333333 0.44788194444444446 0.02197337962962962 0.015312499999999929
2 0.41987268518518517 0.4584722222222222 0.019583333333333286 0.014479166666666644
2 0.4371527777777778 0.4596527777777778 0.02119212962962962 0.015295138888888716
2 0.4331597222222222 0.47147569444444437 0.018020833333333285 0.01444444444444457
2 0.45112847222222224 0.471076388888889 0.020225694444444463 0.012152777777777856
2 0.45945023148148145 0.47949652777777774 0.020318287037036954 0.013715277777777857
2 0.5448958333333334 0.40328125000000004 0.01962962962962962 0.015260416666666643
2 0.5562962962962963 0.41085069444444444 0.021145833333333287 0.014513888888888892
2 0.5416840277777778 0.41508680555555555 0.017881944444444287 0.012100694444444393
2 0.5678356481481481 0.4207638888888889 0.021927083333333285 0.01453124999999993
2 0.5824074074074075 0.42904513888888884 0.018020833333333285 0.01444444444444457
2 0.5938541666666667 0.4373958333333333 0.023489583333333286 0.014565972222222178
2 0.6106307870370371 0.44328124999999996 0.02105324074074062 0.012951388888888892
2 0.6243287037037037 0.4500173611111111 0.022708333333333285 0.014548611111111142
2 0.6128877314814816 0.45496527777777784 0.02119212962962962 0.015295138888888716
2 0.5930324074074074 0.4499305555555555 0.02174189814814831 0.011406249999999929
2 0.5937731481481482 0.4624305555555555 0.02017939814814813 0.011371527777777857
2 0.6441435185185185 0.46756944444444437 0.018755787037036953 0.013680555555555429
2 0.6540277777777778 0.47595486111111107 0.021006944444444463 0.012170138888888894
2 0.6677662037037038 0.47017361111111117 0.018709490740740797 0.01289930555555543
2 0.6857349537037036 0.46977430555555555 0.025052083333333287 0.014600694444444428
2 0.7042592592592593 0.47874999999999995 0.021238425925925952 0.016076388888888894
2 0.713275462962963 0.4988888888888889 0.016458333333333287 0.014409722222222143
2 0.7291782407407407 0.5032291666666666 0.022800925925925954 0.016111111111111142
2 0.7420949074074075 0.509982638888889 0.023350694444444466 0.012222222222222356
2 0.7298263888888888 0.5141666666666667 0.019537037037036954 0.013697916666666643
2 0.7620370370370371 0.50328125 0.018848379629629618 0.01524305555555543
2 0.7725636574074074 0.5093055555555555 0.022019675925925953 0.016093749999999928
2 0.7884664351851851 0.5136458333333334 0.01967592592592595 0.01604166666666664
2 0.8005034722222222 0.5055555555555555 0.022019675925925953 0.016093749999999928
2 0.812638888888889 0.5123263888888889 0.02574074074074062 0.013055555555555643
2 0.8294560185185185 0.5056944444444444 0.022754629629629618 0.015329861111111143
2 0.803726851851852 0.5203472222222223 0.020318287037036954 0.013715277777777857
2 0.7574479166666667 0.5182465277777778 0.018755787037036953 0.013680555555555429
2 0.7741782407407408 0.5233506944444445 0.020318287037036954 0.013715277777777857
2 0.7658217592592592 0.5407465277777778 0.019537037037036954 0.013697916666666643
2 0.7788252314814815 0.5357638888888889 0.01806712962962962 0.015225694444444571
2 0.8234895833333333 0.5238194444444444 0.01962962962962962 0.015260416666666643
2 0.8234490740740741 0.5363368055555556 0.01806712962962962 0.015225694444444571
2 0.838107638888889 0.5328819444444445 0.024409722222222284 0.016927083333333214
2 0.8450983796296295 0.5452430555555555 0.022662037037036953 0.013767361111111143
2 0.8402777777777779 0.5563020833333333 0.019444444444444285 0.012135416666666643
2 0.8492881944444445 0.563142361111111 0.025190972222222285 0.01694444444444443
2 0.8435937499999999 0.57265625 0.021927083333333285 0.01453124999999993
2 0.8298032407407409 0.5643576388888889 0.018848379629629618 0.01524305555555543
2 0.6500810185185186 0.5941666666666666 0.016412037037036954 0.013628472222222143
2 0.6849710648148148 0.6152951388888889 0.018159722222222285 0.016788194444444394
2 0.7210532407407408 0.6301388888888889 0.020318287037036954 0.013715277777777857
2 0.6385416666666666 0.5842534722222222 0.023443287037036954 0.01378472222222218
2 0.6103182870370369 0.5700173611111111 0.017378472222222285 0.016770833333333356
2 0.5943229166666667 0.5641145833333333 0.020318287037036954 0.013715277777777857
2 0.5792476851851852 0.5605381944444444 0.017100694444444463 0.012083333333333357
2 0.4884606481481482 0.5070138888888889 0.018113425925925953 0.016006944444444393
2 0.5076273148148148 0.5136284722222222 0.018802083333333285 0.014461805555555606
2 0.5183854166666666 0.5235590277777777 0.018848379629629618 0.015243055555555607
2 0.47714699074074074 0.4877083333333333 0.014114583333333286 0.014357638888888857
2 0.5244097222222223 0.5328125 0.018159722222222285 0.016788194444444394