1 0.3719733796296296 0.5907291666666666 0.026984953703703775 0.022031250000000037
1 0.3532349537037037 0.5655208333333334 0.026064814814814773 0.01963541666666675
1 0.3770833333333333 0.5701562499999999 0.022436342592592595 0.024062500000000143
1 0.3434548611111111 0.5467187499999999 0.02937500000000002 0.022968750000000072
1 0.36826967592592597 0.5481770833333334 0.026984953703703685 0.022031249999999857
1 0.38958912037037036 0.5560937499999999 0.027170138888888928 0.02515624999999986
1 0.3869328703703704 0.5352604166666667 0.02367476851851853 0.018697916666666713
1 0.36400462962962965 0.5282291666666666 0.027077546296296263 0.023593750000000035
1 0.3834027777777778 0.5160416666666666 0.026111111111111106 0.020416666666666573
1 0.4106076388888889 0.5165625 0.02928240740740744 0.02140625000000007
1 0.3998148148148148 0.50171875 0.02537615740740735 0.021145833333333287
1 0.40859953703703705 0.4847916666666666 0.02532986111111111 0.020364583333333287
1 0.40102430555555557 0.4681770833333333 0.02142361111111111 0.02010416666666668
1 0.42368634259259264 0.45343750000000005 0.025283564814814773 0.019583333333333286
1 0.4269560185185185 0.43765625 0.027905092592592596 0.02442708333333332
1 0.4258391203703704 0.46963541666666664 0.024502314814814952 0.01953125
1 0.45120370370370366 0.4749479166666667 0.024502314814814775 0.01953125
1 0.43024305555555553 0.4872395833333334 0.02850115740740744 0.021354166666666785
1 0.44367476851851856 0.4575520833333333 0.02762731481481495 0.01973958333333332
1 0.4695023148148148 0.45505208333333336 0.025283564814814773 0.019583333333333286
1 0.45103587962962965 0.43838541666666664 0.02546874999999993 0.022708333333333285
1 0.476863425925926 0.4358854166666667 0.027858796296296263 0.023645833333333498
1 0.49382523148148144 0.42541666666666667 0.026892361111111106 0.02046874999999986
1 0.5126273148148148 0.41015625 0.02923611111111111 0.02062500000000007
1 0.5360648148148148 0.40859375 0.023721064814814775 0.019479166666666714
1 0.5622222222222222 0.38739583333333333 0.02606481481481495 0.019635416666666662
1 0.5386458333333334 0.39130208333333333 0.027534722222222287 0.018177083333333323
1 0.5144733796296296 0.3921354166666666 0.026892361111111106 0.020468750000000036
1 0.452193287037037 0.41885416666666664 0.0364988425925926 0.025
1 0.4732870370370371 0.4174479166666666 0.025283564814814953 0.019583333333333286
1 0.48840856481481476 0.41177083333333336 0.027534722222222287 0.018177083333333323
1 0.4422280092592592 0.4031770833333333 0.023628472222222287 0.017916666666666713
1 0.4658043981481482 0.39927083333333335 0.026203703703703597 0.02197916666666666
1 0.4837326388888889 0.385625 0.021377314814814773 0.01932291666666668
1 0.4916782407407407 0.39598958333333334 0.025653935185185262 0.025833333333333285
1 0.42058449074074067 0.4007291666666667 0.024502314814814952 0.01953125
1 0.39686921296296296 0.4069791666666667 0.025972222222222285 0.01807291666666657
1 0.36983796296296295 0.4297916666666667 0.02703124999999993 0.022812500000000034
1 0.3958506944444445 0.4241666666666667 0.02679976851851853 0.018906249999999857
1 0.42255208333333333 0.4200520833333333 0.024641203703703773 0.021875
1 0.40337962962962964 0.4415625 0.023767361111111107 0.020260416666666715
0 0.3476099537037037 0.3978125 0.02850115740740744 0.021354166666666695
0 0.3527488425925926 0.4161458333333334 0.032500000000000015 0.023177083333333216
0 0.3716435185185185 0.39932291666666664 0.0325925925925926 0.02473958333333339
0 0.5721412037037037 0.4038541666666666 0.026984953703703594 0.022031250000000037
0 0.5290219907407407 0.43552083333333336 0.03249999999999993 0.023177083333333216
0 0.5065451388888889 0.4471354166666666 0.032638888888888926 0.025520833333333215
0 0.436400462962963 0.3833333333333333 0.026984953703703594 0.022031250000000037
0 0.4576793981481481 0.3788020833333333 0.026892361111111106 0.020468750000000036
0 0.502349537037037 0.3734895833333333 0.02615740740740744 0.02119791666666666
0 0.5263831018518518 0.375 0.024641203703703596 0.021875
0 0.5514756944444444 0.37177083333333333 0.02679976851851862 0.018906250000000034
0 0.5779456018518518 0.3715625 0.02762731481481495 0.01973958333333332
0 0.5832696759259259 0.3867708333333334 0.027123842592592595 0.024375000000000036
0 0.6029398148148148 0.383125 0.027077546296296263 0.023593750000000035
0 0.6227488425925927 0.37713541666666667 0.025653935185185262 0.025833333333333285
0 0.6469675925925926 0.3755208333333333 0.03282407407407408 0.02864583333333339
0 0.4836921296296296 0.47822916666666665 0.03006365740740744 0.021458333333333357
0 0.4863194444444444 0.46015625 0.02703124999999993 0.022812500000000034
0 0.3462037037037037 0.4609375 0.026984953703703685 0.022031250000000037
0 0.368912037037037 0.4454166666666667 0.02679976851851853 0.018906250000000034
0 0.3854976851851852 0.45442708333333337 0.03153356481481477 0.019999999999999928
0 0.36844328703703705 0.46645833333333336 0.024780092592592597 0.02421875
0 0.3466550925925926 0.47958333333333336 0.030109953703703684 0.022239583333333358
0 0.3339641203703704 0.49677083333333333 0.026846064814814774 0.019687500000000035
0 0.35712384259259256 0.4998958333333333 0.02537615740740744 0.021145833333333287
0 0.37211226851851853 0.4833333333333334 0.023859953703703685 0.021822916666666713
0 0.31419560185185186 0.5152083333333334 0.02799768518518526 0.025989583333333323
0 0.33836805555555555 0.514375 0.03268518518518526 0.026302083333333216
0 0.31505787037037036 0.5400520833333333 0.028917824074074082 0.028385416666666607
0 0.33656828703703706 0.5316145833333333 0.029328703703703683 0.022187500000000072
0 0.28794560185185186 0.5379687499999999 0.0325925925925926 0.024739583333333214
0 0.2737384259259259 0.5544791666666666 0.02951388888888893 0.02531250000000007
0 0.29772569444444447 0.5567708333333333 0.027905092592592596 0.02442708333333332
0 0.32336805555555553 0.5573958333333333 0.02523726851851853 0.018802083333333285
0 0.30906828703703704 0.57546875 0.02795138888888893 0.025208333333333322
0 0.33089699074074075 0.5747916666666667 0.030248842592592595 0.024583333333333356
0 0.28347222222222224 0.5740624999999999 0.03328124999999993 0.02322916666666668
0 0.25709490740740737 0.5727083333333333 0.02951388888888893 0.02531250000000007
0 0.2630150462962963 0.5909895833333334 0.030341435185185173 0.026145833333333358
0 0.2862210648148148 0.5933333333333334 0.03181134259259259 0.024687499999999928
0 0.3124594907407407 0.59703125 0.02795138888888893 0.025208333333333322
0 0.33520833333333333 0.5939583333333334 0.029328703703703683 0.022187500000000072
0 0.27035879629629633 0.6115104166666667 0.03043402777777775 0.027708333333333356
0 0.2905787037037037 0.61171875 0.027766203703703685 0.022083333333333323
0 0.31451967592592595 0.6147916666666667 0.03043402777777775 0.027708333333333356
0 0.34034722222222225 0.6122916666666667 0.02873263888888893 0.025260416666666608
0 0.36681712962962965 0.6120833333333333 0.033373842592592594 0.024791666666666677
0 0.2957638888888889 0.6292708333333333 0.027170138888888928 0.025156250000000036
0 0.32264467592592594 0.6352604166666667 0.032638888888888926 0.025520833333333392
0 0.34622106481481485 0.6313541666666668 0.02937500000000002 0.022968750000000072
0 0.29456018518518523 0.6495833333333334 0.031030092592592595 0.024635416666666642
0 0.4100289351851852 0.5788541666666667 0.0325925925925926 0.024739583333333214
0 0.42515625 0.5599479166666667 0.02942129629629626 0.02375000000000007
1 0.4102314814814815 0.5360416666666666 0.028043981481481593 0.02677083333333332
0 0.43182870370370374 0.5392708333333334 0.02693865740740744 0.021250000000000036
0 0.43137731481481484 0.520625 0.027077546296296263 0.023593750000000035
0 0.4576215277777777 0.51109375 0.02703124999999993 0.022812499999999857
0 0.45969907407407407 0.48916666666666664 0.025561342592592594 0.024270833333333287
2 0.35052083333333334 0.6769791666666667 0.029560185185185172 0.026093750000000072
2 0.3281423611111111 0.6738020833333334 0.031765046296296263 0.023906249999999928
2 0.3056712962962963 0.6721875 0.031903935185185264 0.02624999999999993
2 0.28044560185185186 0.66453125 0.03576388888888893 0.025729166666666713
2 0.2596759259259259 0.66046875 0.035075231481481416 0.027239583333333428
2 0.25844328703703706 0.641875 0.035075231481481506 0.027239583333333428
2 0.2342361111111111 0.6170312499999999 0.03424768518518526 0.02640625000000014
2 0.23304976851851852 0.59765625 0.030248842592592595 0.024583333333333356
2 0.2031365740740741 0.5903124999999999 0.02979166666666666 0.030000000000000072
2 0.22409722222222223 0.5780208333333333 0.02951388888888893 0.02531250000000007
2 0.3287037037037037 0.6511979166666666 0.03673032407407408 0.02890625
2 0.3495196759259259 0.6544791666666667 0.03038773148148142 0.02692708333333336
2 0.3772743055555555 0.6588541666666667 0.03659143518518517 0.0265625
2 0.37686921296296294 0.6394270833333333 0.035949074074074085 0.028854166666666715
2 0.39829282407407407 0.6193229166666667 0.030295138888888927 0.025364583333333357
2 0.41714120370370367 0.60328125 0.03213541666666657 0.03015624999999993
2 0.45590277777777777 0.5532291666666667 0.024276620370370417 0.028854166666666715
2 0.4738310185185185 0.5395833333333334 0.023998842592592596 0.024166666666666715
2 0.4863368055555556 0.5255208333333333 0.02487268518518526 0.02578125
2 0.4991203703703704 0.5067708333333334 0.027123842592592595 0.02437499999999986
2 0.5128703703703704 0.4848437499999999 0.02965277777777775 0.02765625000000007
2 0.3181655092592593 0.4744791666666666 0.02901041666666666 0.029947916666666786
2 0.31625000000000003 0.4411458333333334 0.02901041666666666 0.029947916666666786
2 0.3449247685185185 0.44312500000000005 0.029467592592592594 0.02453125000000007
2 0.33031828703703703 0.42697916666666663 0.024091435185185174 0.025729166666666713
2 0.5391666666666667 0.46130208333333333 0.031168981481481416 0.026979166666666644
2 0.5568287037037036 0.4258854166666667 0.02546874999999993 0.022708333333333285
2 0.2939814814814815 0.39671875000000006 0.031307870370370416 0.029322916666666643
2 0.3198553240740741 0.3934375 0.027216435185185173 0.025937500000000037
2 0.5947048611111111 0.40390625 0.025237268518518617 0.018802083333333285
2 0.61671875 0.40010416666666665 0.02532986111111111 0.020364583333333287
2 0.6440625 0.39828125 0.03318865740740744 0.021666666666666678
2 0.6663078703703704 0.3905729166666666 0.03015624999999993 0.02302083333333336
2 0.6834085648148148 0.37776041666666665 0.030295138888888927 0.025364583333333357
2 0.6899884259259259 0.3586458333333334 0.0341550925925926 0.024843749999999963
2 0.7087442129629629 0.3441666666666666 0.031076388888888928 0.025416666666666643
2 0.7336053240740741 0.34484375 0.035075231481481416 0.02723958333333325
2 0.6694965277777778 0.34989583333333335 0.029699074074074083 0.028437499999999984
2 0.6434375 0.35630208333333335 0.03181134259259259 0.02468750000000002
2 0.6199537037037037 0.3586458333333334 0.026707175925925954 0.017343750000000036