2 0.184375 0.53203125 0.08125 0.075
2 0.26484375 0.49140625 0.08125 0.06875
2 0.3328125 0.478125 0.0890625 0.06875
2 0.41328125 0.47890625 0.0828125 0.0734375
2 0.48671875 0.4640625 0.08125 0.065625
2 0.25703125 0.5515625 0.084375 0.0640625
2 0.32890625 0.53984375 0.0828125 0.06875
2 0.40390625 0.53515625 0.08125 0.06875
2 0.46953125 0.52265625 0.075 0.059375
2 0.54453125 0.51796875 0.090625 0.0625
2 0.5265625 0.5703125 0.078125 0.0625
2 0.4609375 0.578125 0.071875 0.05625
2 0.39296875 0.59609375 0.084375 0.05625
2 0.31875 0.59375 0.078125 0.059375
2 0.2546875 0.6078125 0.0890625 0.065625
2 0.1875 0.5953125 0.08125 0.0640625
2 0.23046875 0.6671875 0.09375 0.06875
2 0.2984375 0.6953125 0.078125 0.0625
2 0.3484375 0.64921875 0.078125 0.0625
2 0.41796875 0.65078125 0.084375 0.065625
2 0.378125 0.70546875 0.09375 0.0625