2 0.684375 0.3625 0.034375 0.04375
2 0.68203125 0.43515625 0.028125 0.0390625
2 0.74140625 0.5640625 0.0328125 0.040625
2 0.83125 0.5703125 0.034375 0.040625
2 0.7625 0.45859375 0.03125 0.040625
2 0.86484375 0.58359375 0.0359375 0.0421875
2 0.8328125 0.49453125 0.03125 0.040625
2 0.80859375 0.40234375 0.03125 0.0390625
2 0.75078125 0.52578125 0.03125 0.04375
2 0.7875 0.478125 0.0296875 0.0390625
2 0.7359375 0.43828125 0.028125 0.034375
2 0.803125 0.5484375 0.03125 0.040625
2 0.83046875 0.42890625 0.0328125 0.04375
2 0.86171875 0.46484375 0.034375 0.040625
2 0.73046875 0.4765625 0.028125 0.034375
2 0.7109375 0.38671875 0.0296875 0.0359375
2 0.6859375 0.4015625 0.03125 0.034375
2 0.775 0.38515625 0.03125 0.0375
2 0.7359375 0.403125 0.028125 0.0359375
2 0.8703125 0.50078125 0.0359375 0.040625
2 0.70703125 0.45625 0.028125 0.034375
2 0.778125 0.515625 0.03125 0.040625
2 0.7609375 0.4171875 0.028125 0.0359375
2 0.7109375 0.4203125 0.028125 0.034375
2 0.87109375 0.5421875 0.0375 0.040625
2 0.78828125 0.4390625 0.03125 0.0375
2 0.83671875 0.53359375 0.03125 0.0375
2 0.80859375 0.509375 0.03125 0.0390625
2 0.7578125 0.48984375 0.028125 0.0296875