0 0.61171875 0.66796875 0.05 0.0296875
2 0.6359375 0.509375 0.046875 0.04375
2 0.5953125 0.503125 0.0421875 0.0390625
2 0.60625 0.5328125 0.046875 0.034375
2 0.56796875 0.540625 0.04375 0.03125
2 0.6453125 0.54765625 0.053125 0.034375
2 0.6171875 0.56484375 0.04375 0.0359375
2 0.571875 0.57265625 0.053125 0.034375
2 0.64921875 0.58125 0.046875 0.03125
2 0.60234375 0.596875 0.046875 0.0296875
2 0.6796875 0.5859375 0.046875 0.0328125
2 0.67734375 0.615625 0.040625 0.03125
2 0.63984375 0.60859375 0.0484375 0.0296875
2 0.625 0.634375 0.0484375 0.03125
2 0.58984375 0.621875 0.0375 0.028125
2 0.5640625 0.63984375 0.053125 0.03125
2 0.5453125 0.66875 0.0546875 0.0375
2 0.57421875 0.678125 0.05 0.03125
2 0.665625 0.6453125 0.046875 0.034375
2 0.70390625 0.653125 0.04375 0.034375
2 0.6796875 0.68203125 0.05 0.0375
2 0.646875 0.67265625 0.04375 0.03125
2 0.725 0.68984375 0.053125 0.0359375
2 0.6921875 0.7109375 0.0453125 0.034375
2 0.65234375 0.7 0.053125 0.0390625
2 0.66875 0.73359375 0.05 0.0375
2 0.63046875 0.7265625 0.05 0.034375
2 0.6203125 0.69375 0.05 0.0390625
2 0.58515625 0.70859375 0.046875 0.0328125
2 0.553125 0.7015625 0.05 0.0375
2 0.515625 0.71015625 0.053125 0.0375
2 0.59296875 0.740625 0.053125 0.040625
2 0.559375 0.73828125 0.0484375 0.0359375
2 0.51796875 0.75 0.053125 0.0390625
2 0.578125 0.76953125 0.053125 0.04375
2 0.5390625 0.77578125 0.05 0.0359375
2 0.559375 0.8046875 0.065625 0.0375