2 0.171875 0.58515625 0.0390625 0.03046875
2 0.2078125 0.56796875 0.040625 0.03359375
2 0.24296875 0.56953125 0.03671875 0.02890625
2 0.20625 0.5953125 0.03984375 0.02734375
2 0.24140625 0.59609375 0.03515625 0.02890625
2 0.275 0.58984375 0.03828125 0.03125
2 0.2078125 0.62421875 0.040625 0.03046875
2 0.24375 0.625 0.0375 0.02890625
2 0.27890625 0.6203125 0.0390625 0.02734375
2 0.31015625 0.6046875 0.034375 0.0296875
2 0.2234375 0.65546875 0.0359375 0.03046875
2 0.26796875 0.646875 0.03671875 0.0265625
2 0.25234375 0.671875 0.03515625 0.02734375
2 0.2890625 0.66953125 0.0359375 0.02890625
2 0.3015625 0.6453125 0.034375 0.02890625
2 0.33671875 0.63984375 0.03515625 0.03046875
2 0.371875 0.63125 0.03046875 0.03203125
2 0.32734375 0.66875 0.03984375 0.02890625
2 0.31640625 0.69296875 0.0390625 0.02578125
2 0.28046875 0.69921875 0.040625 0.03046875
2 0.3078125 0.72265625 0.03828125 0.02734375
2 0.340625 0.7421875 0.0375 0.02890625
2 0.346875 0.7140625 0.034375 0.02734375
2 0.35703125 0.6859375 0.03984375 0.028125
2 0.3640625 0.6609375 0.03984375 0.02734375
2 0.40234375 0.64375 0.0359375 0.03125
2 0.3953125 0.67265625 0.03828125 0.02578125
2 0.3890625 0.7 0.03671875 0.02734375
2 0.37421875 0.728125 0.0375 0.02890625
2 0.36640625 0.75859375 0.034375 0.02421875
2 0.39921875 0.74765625 0.0359375 0.02890625
2 0.41171875 0.72109375 0.034375 0.02578125
2 0.42265625 0.6953125 0.0328125 0.02578125
2 0.4296875 0.66953125 0.0375 0.03203125
2 0.434375 0.63828125 0.04140625 0.03046875
2 0.46953125 0.63046875 0.040625 0.02890625
2 0.465625 0.6578125 0.0359375 0.0328125
2 0.4578125 0.68515625 0.0375 0.02890625
2 0.45 0.7140625 0.03671875 0.02734375
2 0.4328125 0.74453125 0.0390625 0.03046875
2 0.39453125 0.77734375 0.03828125 0.03046875
2 0.42734375 0.771875 0.03984375 0.03125
2 0.41953125 0.803125 0.0421875 0.0359375
2 0.45546875 0.7953125 0.03828125 0.03203125
2 0.490625 0.78828125 0.0421875 0.03671875
2 0.465625 0.7671875 0.03984375 0.028125
2 0.46875 0.73828125 0.03671875 0.03046875
2 0.5046875 0.73125 0.03671875 0.03046875
2 0.50390625 0.759375 0.04140625 0.03203125
2 0.53671875 0.7578125 0.04140625 0.03359375
2 0.5375 0.728125 0.03984375 0.0296875
2 0.575 0.73125 0.03828125 0.03515625
2 0.628125 0.80546875 0.04296875 0.034375
2 0.48203125 0.70625 0.03671875 0.03203125
2 0.51796875 0.70390625 0.0390625 0.03125
2 0.5546875 0.703125 0.03515625 0.03046875
2 0.5859375 0.70390625 0.03828125 0.028125
2 0.59375 0.67734375 0.034375 0.028125
2 0.5625 0.67734375 0.0328125 0.028125
2 0.52734375 0.67890625 0.03984375 0.02578125
2 0.49140625 0.678125 0.03828125 0.02734375
2 0.50234375 0.65234375 0.03828125 0.0296875
2 0.53828125 0.65 0.0390625 0.03359375