2 0.4125 0.53046875 0.015625 0.0109375
2 0.46875 0.5484375 0.015625 0.0125
2 0.4453125 0.56640625 0.015625 0.0109375
2 0.425 0.53984375 0.015625 0.0109375
2 0.43359375 0.5328125 0.0125 0.0109375
2 0.40703125 0.54140625 0.015625 0.0109375
2 0.41640625 0.54921875 0.0140625 0.0125
2 0.4296875 0.54921875 0.015625 0.0125
2 0.44140625 0.54140625 0.015625 0.0109375
2 0.45625 0.5421875 0.015625 0.0125
2 0.4453125 0.553125 0.0171875 0.0125
2 0.4328125 0.5609375 0.015625 0.0125
2 0.41796875 0.5609375 0.015625 0.0109375
2 0.4328125 0.57265625 0.0171875 0.0125
2 0.446875 0.57578125 0.0171875 0.0125
2 0.43046875 0.58359375 0.015625 0.0109375
2 0.459375 0.56875 0.015625 0.0125
2 0.45625 0.55859375 0.0140625 0.0109375
2 0.4703125 0.56015625 0.015625 0.0125
2 0.4828125 0.55078125 0.015625 0.0125
2 0.49140625 0.54296875 0.0140625 0.0125
2 0.496875 0.55234375 0.01875 0.0125
2 0.48671875 0.56015625 0.015625 0.009375
2 0.4765625 0.56875 0.015625 0.0109375
2 0.4921875 0.56953125 0.015625 0.0109375
2 0.50234375 0.5625 0.015625 0.0125
2 0.5078125 0.57265625 0.015625 0.0125
2 0.496875 0.58125 0.015625 0.0125
2 0.4828125 0.57890625 0.015625 0.0125
2 0.46875 0.578125 0.015625 0.009375
2 0.4609375 0.5875 0.0140625 0.0109375
2 0.44609375 0.5875 0.015625 0.0109375
2 0.43359375 0.59453125 0.0171875 0.0125
2 0.4484375 0.596875 0.015625 0.0125
2 0.4640625 0.5984375 0.015625 0.0140625
2 0.47421875 0.5890625 0.015625 0.0125
2 0.48828125 0.590625 0.0140625 0.0125
2 0.50078125 0.5921875 0.0140625 0.0125
2 0.4765625 0.60078125 0.0171875 0.0125
2 0.4921875 0.6015625 0.015625 0.0125
2 0.46640625 0.61015625 0.015625 0.0125
2 0.45234375 0.6078125 0.015625 0.0125
2 0.43828125 0.60703125 0.015625 0.0125
2 0.453125 0.61953125 0.0203125 0.015625
2 0.4703125 0.62109375 0.0171875 0.0140625
2 0.48203125 0.6125 0.01875 0.0125