2 0.4765625 0.553125 0.028125 0.034375
2 0.46328125 0.578125 0.0234375 0.03125
2 0.459375 0.49375 0.025 0.034375
2 0.4640625 0.46328125 0.021875 0.03125
2 0.47109375 0.521875 0.021875 0.03125
2 0.43515625 0.58046875 0.025 0.034375
2 0.45234375 0.553125 0.025 0.03125
2 0.4375 0.45546875 0.025 0.0375
2 0.4453125 0.5265625 0.0234375 0.028125
2 0.42890625 0.5484375 0.025 0.03125
2 0.4171875 0.521875 0.0234375 0.03125
2 0.409375 0.57578125 0.025 0.034375
2 0.41796875 0.4890625 0.0234375 0.03125
2 0.44140625 0.4921875 0.025 0.034375
2 0.40078125 0.54375 0.025 0.03125
2 0.40703125 0.46015625 0.025 0.028125
2 0.39609375 0.51015625 0.025 0.0328125
2 0.38671875 0.48046875 0.0234375 0.03125
2 0.41640625 0.6078125 0.025 0.034375