0 0.3671875 0.6390625 0.04609375 0.02734375
2 0.34453125 0.490625 0.04296875 0.040625
2 0.3828125 0.484375 0.0390625 0.03671875
2 0.37265625 0.5125 0.04453125 0.0328125
2 0.40859375 0.51953125 0.03984375 0.0296875
2 0.3359375 0.5265625 0.05 0.0328125
2 0.3625 0.5421875 0.04140625 0.03359375
2 0.4046875 0.54921875 0.0484375 0.03203125
2 0.3328125 0.5578125 0.04453125 0.0296875
2 0.3765625 0.571875 0.04296875 0.02734375
2 0.30390625 0.56171875 0.04453125 0.03125
2 0.30703125 0.58984375 0.03671875 0.03046875
2 0.34140625 0.58359375 0.0453125 0.02734375
2 0.35546875 0.60703125 0.0453125 0.03046875
2 0.38828125 0.5953125 0.03515625 0.0265625
2 0.41171875 0.6125 0.0484375 0.0296875
2 0.4296875 0.6390625 0.05078125 0.03515625
2 0.403125 0.64765625 0.04765625 0.03046875
2 0.3171875 0.6171875 0.04296875 0.0328125
2 0.28203125 0.62421875 0.03984375 0.0328125
2 0.30390625 0.6515625 0.04609375 0.03515625
2 0.334375 0.64296875 0.03984375 0.0296875
2 0.2625 0.65859375 0.05 0.03359375
2 0.2921875 0.67890625 0.0421875 0.03203125
2 0.3296875 0.66875 0.0484375 0.03671875
2 0.31484375 0.7 0.04609375 0.0359375
2 0.35 0.69296875 0.04765625 0.0328125
2 0.359375 0.6625 0.04765625 0.03671875
2 0.3921875 0.6765625 0.04296875 0.03125
2 0.42265625 0.6703125 0.04609375 0.03515625
2 0.45703125 0.67734375 0.0484375 0.034375
2 0.38515625 0.70625 0.0484375 0.0375
2 0.41640625 0.70390625 0.0453125 0.03359375
2 0.45546875 0.71484375 0.0484375 0.03671875
2 0.39921875 0.7328125 0.0484375 0.040625
2 0.4359375 0.7390625 0.04765625 0.03359375
2 0.41640625 0.76640625 0.06015625 0.0359375