2 0.22109375 0.74765625 0.0359375 0.0421875
2 0.2140625 0.6953125 0.03125 0.0359375
2 0.20390625 0.66328125 0.0296875 0.034375
2 0.1890625 0.6921875 0.028125 0.0375
2 0.225 0.6484375 0.0296875 0.0390625
2 0.203125 0.63359375 0.03125 0.0375
2 0.225 0.61484375 0.034375 0.040625
2 0.2484375 0.621875 0.03125 0.0375
2 0.253125 0.65078125 0.028125 0.0375
2 0.2375 0.675 0.028125 0.04375
2 0.234375 0.71015625 0.03125 0.040625
2 0.26171875 0.7140625 0.03125 0.0359375
2 0.25390625 0.7421875 0.03125 0.0375
2 0.278125 0.753125 0.03125 0.0375
2 0.284375 0.7234375 0.028125 0.034375
2 0.284375 0.690625 0.025 0.0375
2 0.26171875 0.6796875 0.03125 0.034375
2 0.278125 0.65859375 0.028125 0.040625
2 0.2703125 0.62578125 0.03125 0.034375
2 0.2625 0.59375 0.03125 0.0375
2 0.2875 0.60546875 0.0296875 0.0359375
2 0.27890625 0.5734375 0.03125 0.0375
2 0.29453125 0.6359375 0.0296875 0.040625
2 0.3015625 0.6640625 0.025 0.0375
2 0.3078125 0.69609375 0.028125 0.0375
2 0.30625 0.7265625 0.025 0.034375
2 0.3046875 0.75859375 0.0296875 0.040625
2 0.3296875 0.7625 0.03125 0.0375
2 0.3296875 0.7296875 0.028125 0.0328125
2 0.334375 0.69921875 0.03125 0.034375
2 0.325 0.6703125 0.028125 0.0328125
2 0.31953125 0.640625 0.028125 0.034375
2 0.31015625 0.61015625 0.025 0.034375
2 0.30390625 0.57890625 0.028125 0.0328125
2 0.29453125 0.546875 0.0296875 0.0375
2 0.31953125 0.55703125 0.03125 0.03125
2 0.31484375 0.52734375 0.028125 0.034375
2 0.3265625 0.58515625 0.0296875 0.040625
2 0.33203125 0.61328125 0.028125 0.0375
2 0.35234375 0.675 0.028125 0.03125
2 0.3578125 0.70234375 0.03125 0.034375
2 0.35390625 0.73125 0.0296875 0.0359375
2 0.3828125 0.715625 0.034375 0.0453125
2 0.40234375 0.7 0.0296875 0.0390625
2 0.3765625 0.68125 0.03125 0.034375
2 0.41875 0.675 0.0296875 0.0390625
2 0.4359375 0.653125 0.0296875 0.0375
2 0.45 0.625 0.025 0.03125
2 0.4421875 0.59609375 0.028125 0.03125
2 0.459375 0.58671875 0.028125 0.0375
2 0.48125 0.59609375 0.0296875 0.040625
2 0.33828125 0.5328125 0.028125 0.03125
2 0.3265625 0.50390625 0.025 0.034375
2 0.35234375 0.51328125 0.034375 0.0375
2 0.359375 0.54140625 0.0296875 0.034375
2 0.34765625 0.4828125 0.028125 0.0375
2 0.3703125 0.4953125 0.028125 0.0359375
2 0.37578125 0.52421875 0.0265625 0.034375
2 0.36171875 0.46171875 0.028125 0.034375
2 0.38515625 0.4703125 0.025 0.034375
2 0.3796875 0.4359375 0.028125 0.0328125
2 0.39609375 0.415625 0.028125 0.0359375
2 0.40234375 0.44921875 0.028125 0.0359375
2 0.41953125 0.43828125 0.03125 0.034375
2 0.434375 0.41796875 0.025 0.034375
2 0.44140625 0.44921875 0.028125 0.0375
2 0.42734375 0.465625 0.03125 0.040625
2 0.453125 0.47578125 0.03125 0.034375
2 0.46796875 0.4578125 0.028125 0.04375
2 0.4765625 0.48671875 0.025 0.034375
2 0.50390625 0.58671875 0.028125 0.0375
2 0.5265625 0.56015625 0.028125 0.034375
2 0.51640625 0.5296875 0.0296875 0.040625
2 0.50390625 0.496875 0.03125 0.034375
2 0.49296875 0.52421875 0.0234375 0.0375
0 0.48828125 0.5453125 0.025 0.04375
0 0.46640625 0.553125 0.028125 0.034375
0 0.459375 0.5265625 0.028125 0.0328125
0 0.44921875 0.50078125 0.025 0.0328125
0 0.4390625 0.54140625 0.025 0.0328125
0 0.43046875 0.515625 0.025 0.028125
0 0.421875 0.4890625 0.028125 0.0375
0 0.4 0.50234375 0.028125 0.034375
0 0.409375 0.52890625 0.025 0.034375
0 0.41953125 0.553125 0.028125 0.03125
0 0.42890625 0.5859375 0.025 0.0421875
0 0.4109375 0.60546875 0.0265625 0.034375
2 0.42578125 0.62265625 0.025 0.03125
2 0.4125 0.6484375 0.021875 0.034375
2 0.3984375 0.665625 0.021875 0.025
0 0.39765625 0.6390625 0.025 0.0328125
0 0.37890625 0.65546875 0.0234375 0.0328125
0 0.35546875 0.64296875 0.028125 0.034375
0 0.37265625 0.621875 0.028125 0.034375
0 0.3875 0.603125 0.021875 0.034375
0 0.36484375 0.59453125 0.028125 0.0359375
0 0.35078125 0.56953125 0.0296875 0.0375
0 0.37890625 0.57265625 0.025 0.034375
0 0.4046875 0.57734375 0.0265625 0.03125
0 0.3953125 0.54765625 0.0265625 0.034375