2 0.546875 0.5796875 0.01875 0.0203125
2 0.56015625 0.590625 0.015625 0.01875
2 0.478125 0.70546875 0.0125 0.015625
2 0.59453125 0.50859375 0.015625 0.021875
2 0.33203125 0.61875 0.0171875 0.01875
2 0.375 0.6046875 0.015625 0.021875
2 0.359375 0.665625 0.015625 0.01875
2 0.33359375 0.6953125 0.0140625 0.021875
2 0.33984375 0.7109375 0.0109375 0.015625
2 0.346875 0.696875 0.0109375 0.01875
2 0.3515625 0.68203125 0.0125 0.0171875
2 0.3578125 0.7 0.0125 0.01875
2 0.3625 0.6828125 0.0109375 0.0203125
2 0.36875 0.7015625 0.0125 0.01875
2 0.3734375 0.684375 0.0125 0.0171875
2 0.384375 0.684375 0.0125 0.01875
2 0.3859375 0.70546875 0.0125 0.021875
2 0.39296875 0.69296875 0.0140625 0.01875
2 0.39453125 0.6765625 0.0140625 0.0203125
2 0.40546875 0.6546875 0.0125 0.01875
2 0.48515625 0.7171875 0.0125 0.015625
2 0.49453125 0.721875 0.0140625 0.01875
2 0.49921875 0.73984375 0.0140625 0.021875
2 0.5078125 0.725 0.0125 0.01875
2 0.51171875 0.7421875 0.0125 0.01875
2 0.51484375 0.75625 0.0125 0.01875
2 0.51796875 0.728125 0.0125 0.0171875
2 0.5234375 0.71171875 0.0109375 0.01875
2 0.52109375 0.74453125 0.0109375 0.0171875
2 0.53046875 0.7296875 0.0140625 0.01875
2 0.528125 0.7609375 0.0125 0.015625
2 0.534375 0.7453125 0.0140625 0.0171875
2 0.54140625 0.7296875 0.0125 0.0171875
2 0.53515625 0.7140625 0.0125 0.015625
2 0.54609375 0.746875 0.0125 0.01875
2 0.553125 0.73125 0.0109375 0.01875
2 0.559375 0.746875 0.0109375 0.01875
2 0.565625 0.73203125 0.0125 0.015625
2 0.5609375 0.71640625 0.0125 0.015625
2 0.5640625 0.7640625 0.0140625 0.01875
2 0.56953125 0.74921875 0.0109375 0.0171875
2 0.58125 0.75078125 0.0125 0.0171875
2 0.57578125 0.7328125 0.0140625 0.015625
2 0.57265625 0.71796875 0.0125 0.015625
2 0.58359375 0.7203125 0.0125 0.0203125
2 0.58984375 0.73828125 0.0125 0.01875
2 0.59453125 0.753125 0.0125 0.015625
2 0.6015625 0.7375 0.0125 0.0171875
2 0.59609375 0.7203125 0.0125 0.0140625
2 0.6078125 0.7546875 0.015625 0.015625
2 0.6125 0.7390625 0.0140625 0.01875
2 0.60859375 0.72265625 0.0125 0.0171875
2 0.62109375 0.7265625 0.0125 0.015625
2 0.62421875 0.746875 0.0140625 0.01875
2 0.6328125 0.734375 0.015625 0.0171875
2 0.64609375 0.7359375 0.0140625 0.01875
2 0.640625 0.71953125 0.0140625 0.015625
2 0.63515625 0.703125 0.0125 0.0171875
2 0.640625 0.6875 0.015625 0.01875
2 0.646875 0.70234375 0.0125 0.01875
2 0.65390625 0.71953125 0.0125 0.01875
2 0.659375 0.73671875 0.0125 0.0171875
2 0.665625 0.72265625 0.0125 0.0171875
2 0.6578125 0.703125 0.0140625 0.0203125
2 0.67109375 0.7046875 0.0125 0.015625
2 0.66640625 0.68671875 0.0125 0.01875
2 0.67890625 0.72265625 0.0125 0.015625
2 0.684375 0.703125 0.0125 0.015625
2 0.678125 0.68828125 0.0125 0.015625
2 0.690625 0.721875 0.0125 0.01875
2 0.69765625 0.7078125 0.0125 0.0140625
2 0.6921875 0.690625 0.0125 0.0140625
2 0.68671875 0.675 0.0140625 0.015625
2 0.6984375 0.68046875 0.0125 0.0171875
2 0.70546875 0.69609375 0.0140625 0.01875
2 0.71015625 0.67890625 0.0140625 0.015625
2 0.71875 0.69140625 0.0140625 0.01875
2 0.72890625 0.659375 0.0125 0.01875
2 0.740625 0.65859375 0.0140625 0.01875
2 0.7453125 0.6390625 0.0140625 0.01875
2 0.753125 0.65703125 0.015625 0.0203125
2 0.7578125 0.6375 0.0125 0.01875
2 0.76796875 0.653125 0.015625 0.01875
2 0.77109375 0.63359375 0.0125 0.01875
2 0.78203125 0.64453125 0.0140625 0.015625
2 0.79609375 0.6484375 0.0140625 0.01875
2 0.7921875 0.62890625 0.015625 0.01875
2 0.8046875 0.6359375 0.0125 0.015625
2 0.8078125 0.6203125 0.015625 0.021875
2 0.8296875 0.60078125 0.015625 0.0171875
2 0.84140625 0.61328125 0.015625 0.0203125