2 0.46875 0.81953125 0.075 0.08125
2 0.509375 0.73828125 0.06875 0.08125
2 0.52265625 0.6703125 0.06875 0.0890625
2 0.521875 0.590625 0.0734375 0.0828125
2 0.53671875 0.51640625 0.065625 0.08125
2 0.44921875 0.74609375 0.0640625 0.084375
2 0.4609375 0.675 0.06875 0.0828125
2 0.465625 0.59921875 0.06875 0.08125
2 0.478125 0.53359375 0.059375 0.075
2 0.4828125 0.459375 0.0625 0.090625
2 0.43046875 0.47734375 0.0625 0.078125
2 0.42265625 0.5421875 0.05625 0.071875
2 0.4046875 0.61015625 0.05625 0.084375
2 0.40703125 0.684375 0.059375 0.078125
2 0.3921875 0.7484375 0.065625 0.0890625
2 0.40546875 0.815625 0.0640625 0.08125
2 0.33359375 0.77265625 0.06875 0.09375
2 0.30546875 0.7046875 0.0625 0.078125
2 0.3515625 0.6546875 0.0625 0.078125
2 0.35 0.58515625 0.065625 0.084375
2 0.2953125 0.625 0.0625 0.09375