2 0.5125 0.72578125 0.0296875 0.0375
2 0.53984375 0.725 0.025 0.034375
2 0.49140625 0.68359375 0.03125 0.04375
2 0.51484375 0.69140625 0.028125 0.0359375
2 0.53828125 0.6890625 0.025 0.0359375
2 0.5609375 0.6890625 0.03125 0.034375
2 0.53359375 0.66171875 0.025 0.0359375
2 0.55703125 0.66015625 0.025 0.034375
2 0.57578125 0.65703125 0.0296875 0.040625
2 0.58125 0.625 0.03125 0.034375
2 0.4578125 0.6515625 0.0296875 0.0375
2 0.4265625 0.62109375 0.028125 0.0359375
2 0.41953125 0.5875 0.025 0.040625
2 0.3953125 0.5828125 0.021875 0.0375
2 0.3765625 0.5890625 0.025 0.0375
2 0.37109375 0.5640625 0.028125 0.0359375
2 0.3625 0.53359375 0.03125 0.0375
2 0.3953125 0.5578125 0.028125 0.0375
2 0.3875 0.52890625 0.025 0.0359375
2 0.4140625 0.5625 0.028125 0.0375
2 0.409375 0.534375 0.03125 0.034375
2 0.4171875 0.50390625 0.028125 0.0375
2 0.43671875 0.5078125 0.025 0.034375
2 0.4328125 0.48515625 0.021875 0.0328125
2 0.43359375 0.459375 0.0296875 0.040625
2 0.45625 0.46328125 0.0234375 0.0484375
2 0.4765625 0.45546875 0.028125 0.0328125
2 0.4953125 0.44453125 0.03125 0.0359375
2 0.53125 0.45390625 0.028125 0.040625
2 0.55 0.46328125 0.0328125 0.04375
2 0.57109375 0.471875 0.025 0.05
2 0.5953125 0.47578125 0.025 0.0546875
2 0.59765625 0.5921875 0.028125 0.046875
2 0.5734375 0.596875 0.028125 0.0328125
2 0.61640625 0.56484375 0.0375 0.0546875
0 0.4578125 0.61640625 0.025 0.040625
0 0.44453125 0.58515625 0.021875 0.03125
0 0.44296875 0.55859375 0.0296875 0.034375
0 0.44609375 0.53203125 0.028125 0.0375
0 0.46796875 0.53125 0.028125 0.0359375
0 0.459375 0.50625 0.03125 0.0359375
0 0.478125 0.484375 0.03125 0.0375
0 0.49765625 0.4828125 0.021875 0.034375
0 0.503125 0.51171875 0.021875 0.0265625
0 0.5171875 0.4875 0.025 0.034375
0 0.53828125 0.503125 0.0234375 0.0234375
0 0.54453125 0.48515625 0.025 0.03125
0 0.49375 0.6484375 0.0296875 0.0375
0 0.4734375 0.6296875 0.0234375 0.0328125
0 0.48828125 0.61015625 0.025 0.0375
0 0.47265625 0.596875 0.025 0.0421875
0 0.46171875 0.57265625 0.0234375 0.040625
0 0.47734375 0.56015625 0.021875 0.0359375
0 0.4921875 0.5421875 0.028125 0.0375
0 0.49921875 0.571875 0.0234375 0.040625
0 0.509375 0.5953125 0.0203125 0.0375
0 0.5109375 0.628125 0.021875 0.034375
0 0.53125 0.61875 0.021875 0.034375
0 0.52890625 0.5890625 0.021875 0.0375
0 0.55390625 0.6171875 0.028125 0.034375
0 0.5484375 0.5875 0.025 0.0453125
0 0.540625 0.5609375 0.021875 0.034375
0 0.51953125 0.5625 0.0203125 0.034375
0 0.515625 0.534375 0.021875 0.0328125
0 0.5359375 0.53203125 0.028125 0.034375
0 0.55390625 0.53359375 0.028125 0.0375
0 0.571875 0.5578125 0.025 0.04375
0 0.59765625 0.5296875 0.025 0.0421875
2 0.73046875 0.5671875 0.0375 0.0453125
2 0.75 0.58984375 0.03125 0.046875
2 0.74609375 0.62109375 0.0375 0.040625
2 0.7484375 0.65390625 0.025 0.046875
2 0.76796875 0.67109375 0.03125 0.04375
2 0.7703125 0.6375 0.0296875 0.0375
2 0.7703125 0.61015625 0.03125 0.034375
2 0.79140625 0.62265625 0.03125 0.0421875
2 0.80703125 0.64375 0.028125 0.04375
2 0.79296875 0.6765625 0.028125 0.040625
2 0.8140625 0.69296875 0.0234375 0.0359375
2 0.83046875 0.6734375 0.03125 0.046875
2 0.83515625 0.71171875 0.03125 0.04375