0 0.23828125 0.56953125 0.04375 0.03125
0 0.265625 0.5796875 0.034375 0.0296875
0 0.2921875 0.56171875 0.040625 0.0296875
0 0.30625 0.58203125 0.0375 0.028125
0 0.3265625 0.5640625 0.04375 0.028125
0 0.3296875 0.60859375 0.04375 0.028125
0 0.35546875 0.5984375 0.0359375 0.028125
0 0.36484375 0.62265625 0.0375 0.028125
0 0.25078125 0.60390625 0.05 0.034375
0 0.284375 0.6078125 0.0390625 0.028125
0 0.303125 0.625 0.0421875 0.025
2 0.178125 0.54453125 0.040625 0.03125
2 0.153125 0.56875 0.046875 0.03125
2 0.18984375 0.5703125 0.0375 0.025
2 0.16328125 0.59375 0.040625 0.03125
2 0.1953125 0.59296875 0.0359375 0.025
2 0.19609375 0.6171875 0.040625 0.028125
2 0.23828125 0.64140625 0.046875 0.0296875
2 0.265625 0.53671875 0.0390625 0.0296875
2 0.26875 0.62890625 0.03125 0.0296875
2 0.3265625 0.69921875 0.04375 0.0328125
2 0.35546875 0.6875 0.04375 0.0296875
2 0.384375 0.70859375 0.040625 0.0296875
2 0.4734375 0.66953125 0.0515625 0.034375
2 0.59296875 0.6203125 0.05 0.0375
2 0.6671875 0.57890625 0.040625 0.0390625
2 0.70078125 0.58984375 0.0375 0.03125
2 0.50390625 0.5765625 0.04375 0.03125
2 0.49140625 0.55859375 0.0421875 0.025
2 0.46171875 0.54921875 0.040625 0.03125
2 0.42890625 0.5515625 0.0421875 0.03125
2 0.4046875 0.59453125 0.0421875 0.03125
2 0.38515625 0.58203125 0.0375 0.0265625
2 0.365625 0.5625 0.0359375 0.025
2 0.34609375 0.58125 0.0375 0.03125
2 0.3265625 0.5265625 0.0375 0.0296875
2 0.34453125 0.50625 0.040625 0.0296875
2 0.3828125 0.5078125 0.0359375 0.028125
2 0.36953125 0.5328125 0.0359375 0.034375
2 0.39296875 0.5484375 0.0359375 0.0296875
2 0.4046875 0.5328125 0.0375 0.028125
2 0.42734375 0.51953125 0.0375 0.03125
2 0.4109375 0.50234375 0.040625 0.025
2 0.39296875 0.48359375 0.0390625 0.0296875
2 0.42890625 0.48046875 0.0375 0.03125
2 0.44921875 0.4984375 0.046875 0.028125
2 0.465625 0.51796875 0.040625 0.0296875
2 0.3375 0.634375 0.034375 0.028125
2 0.35625 0.8125 0.046875 0.0375