1 0.434375 0.3359375 0.025 0.0375
1 0.4484375 0.359375 0.025 0.0328125
1 0.46015625 0.38359375 0.0234375 0.034375
1 0.47109375 0.4078125 0.025 0.0328125
1 0.4390625 0.3859375 0.025 0.0375
1 0.4515625 0.409375 0.0234375 0.0328125
1 0.42578125 0.36171875 0.021875 0.028125
1 0.41796875 0.3890625 0.021875 0.0328125
1 0.40625 0.3640625 0.025 0.0296875
1 0.3984375 0.38671875 0.021875 0.03125
1 0.428125 0.409375 0.0265625 0.028125
1 0.4375 0.4296875 0.021875 0.034375
1 0.46171875 0.43359375 0.0265625 0.028125
1 0.4515625 0.4578125 0.021875 0.034375
1 0.43125 0.45703125 0.025 0.0328125
1 0.4421875 0.47734375 0.021875 0.0375
1 0.41796875 0.43359375 0.0234375 0.0375
1 0.38828125 0.40859375 0.0234375 0.034375
1 0.39765625 0.4296875 0.021875 0.03125
1 0.39765625 0.4515625 0.01875 0.028125
1 0.4078125 0.4671875 0.0234375 0.03125
1 0.42890625 0.49921875 0.025 0.0296875
1 0.409375 0.50546875 0.028125 0.0328125
1 0.4 0.5296875 0.025 0.0296875
1 0.3875 0.54765625 0.0234375 0.0375
1 0.36640625 0.54609375 0.0296875 0.0375
1 0.3765625 0.525 0.021875 0.0328125
1 0.3890625 0.5046875 0.025 0.0375
1 0.38671875 0.47578125 0.021875 0.0375
1 0.37578125 0.42890625 0.0296875 0.0375
1 0.36640625 0.45546875 0.025 0.034375
1 0.35234375 0.47265625 0.0265625 0.0375
1 0.36328125 0.49609375 0.0265625 0.03125
1 0.3546875 0.5234375 0.03125 0.034375
1 0.34375 0.49375 0.03125 0.0375
1 0.33515625 0.5203125 0.03125 0.0328125
1 0.34453125 0.546875 0.03125 0.034375
1 0.31328125 0.53984375 0.028125 0.0375
1 0.32578125 0.5625 0.025 0.0375
1 0.35390625 0.5671875 0.03125 0.0375
1 0.3640625 0.59375 0.03125 0.034375
1 0.35390625 0.6125 0.028125 0.0375
1 0.3390625 0.58671875 0.028125 0.0328125
1 0.32890625 0.6109375 0.0265625 0.0375
1 0.31484375 0.58125 0.028125 0.0390625
1 0.303125 0.6078125 0.028125 0.0375
1 0.30390625 0.55859375 0.028125 0.04375
0 0.48671875 0.309375 0.028125 0.0359375
0 0.47890625 0.328125 0.028125 0.034375
0 0.47265625 0.35078125 0.028125 0.0359375
0 0.49296875 0.35078125 0.025 0.034375
0 0.48515625 0.37734375 0.025 0.0359375
0 0.50625 0.378125 0.025 0.034375
0 0.49609375 0.4 0.0265625 0.03125
0 0.4859375 0.4265625 0.0296875 0.03125
0 0.4734375 0.4484375 0.0296875 0.034375
0 0.465625 0.475 0.028125 0.0296875
0 0.45390625 0.49609375 0.0296875 0.0328125
0 0.44453125 0.5203125 0.03125 0.03125
0 0.4625 0.303125 0.025 0.034375
0 0.45703125 0.33203125 0.025 0.034375
0 0.4390625 0.3078125 0.0265625 0.03125
0 0.403125 0.32734375 0.034375 0.034375
0 0.40234375 0.3515625 0.028125 0.0296875
0 0.37578125 0.375 0.0296875 0.034375
0 0.3640625 0.39765625 0.03125 0.03125
0 0.35234375 0.41796875 0.028125 0.034375
0 0.41484375 0.54375 0.0265625 0.028125
0 0.403125 0.5609375 0.025 0.034375
0 0.38984375 0.58828125 0.028125 0.034375
0 0.3765625 0.6125 0.025 0.03125
0 0.3421875 0.4421875 0.028125 0.03125
0 0.3296875 0.46484375 0.025 0.03125
0 0.32109375 0.49296875 0.025 0.034375
0 0.31015625 0.51171875 0.028125 0.034375
0 0.2828125 0.54375 0.028125 0.0359375
0 0.2703125 0.56640625 0.028125 0.034375
0 0.2828125 0.5921875 0.028125 0.0375
0 0.2640625 0.5953125 0.025 0.034375
0 0.27421875 0.61640625 0.025 0.028125
0 0.31875 0.6421875 0.0265625 0.028125
0 0.34140625 0.64296875 0.021875 0.03125
0 0.3625 0.64296875 0.028125 0.0328125
2 0.2984375 0.4859375 0.021875 0.034375
2 0.27890625 0.49609375 0.0265625 0.034375
2 0.3109375 0.45859375 0.0265625 0.0375
2 0.32265625 0.440625 0.028125 0.0359375
2 0.33125 0.41484375 0.021875 0.0296875
2 0.3765625 0.3421875 0.025 0.034375
2 0.3609375 0.36484375 0.0234375 0.028125
2 0.34765625 0.3890625 0.0265625 0.0328125
2 0.3859375 0.31953125 0.028125 0.034375
2 0.39453125 0.29296875 0.0296875 0.040625
2 0.42109375 0.296875 0.025 0.034375
2 0.2390625 0.6296875 0.0296875 0.03125
2 0.296875 0.6515625 0.028125 0.034375
2 0.52265625 0.40390625 0.025 0.028125
2 0.50859375 0.42421875 0.0234375 0.028125
2 0.49609375 0.4515625 0.028125 0.03125
2 0.4859375 0.47265625 0.028125 0.028125
2 0.47578125 0.4984375 0.0265625 0.03125
2 0.4640625 0.51875 0.025 0.03125