2 0.34609375 0.4765625 0.04765625 0.03828125
2 0.32109375 0.503125 0.04609375 0.03359375
2 0.359375 0.50703125 0.04765625 0.03203125
2 0.38515625 0.4828125 0.04375 0.034375
2 0.4015625 0.50703125 0.046875 0.0359375
2 0.38359375 0.53359375 0.04609375 0.03671875
2 0.3671875 0.5625 0.04921875 0.0390625
2 0.40546875 0.5640625 0.04609375 0.03125
2 0.425 0.53984375 0.04609375 0.03671875
2 0.4421875 0.51484375 0.046875 0.03203125
2 0.46953125 0.5359375 0.04765625 0.03828125
2 0.453125 0.5625 0.0484375 0.03359375
2 0.49375 0.56796875 0.04140625 0.03359375
2 0.4734375 0.58984375 0.04453125 0.0328125
2 0.51484375 0.59453125 0.0515625 0.03515625
2 0.49765625 0.61640625 0.0453125 0.034375
2 0.4375 0.5890625 0.0421875 0.03203125
2 0.3921875 0.59296875 0.04921875 0.0390625
2 0.41328125 0.61875 0.04453125 0.03515625
2 0.45234375 0.61640625 0.046875 0.03828125
2 0.42421875 0.65078125 0.05234375 0.04140625
2 0.4640625 0.65 0.04765625 0.03828125