0 0.46328125 0.26171875 0.03125 0.0359375
0 0.4703125 0.29375 0.0359375 0.0453125
0 0.43515625 0.29296875 0.03125 0.0421875
0 0.43671875 0.3296875 0.03125 0.0375
0 0.434375 0.36640625 0.034375 0.040625
0 0.4578125 0.3671875 0.03125 0.040625
0 0.446875 0.39609375 0.03125 0.040625
0 0.48046875 0.40625 0.0328125 0.0390625
0 0.45546875 0.43203125 0.03125 0.04375
0 0.43515625 0.45625 0.03125 0.0375
0 0.41015625 0.30859375 0.028125 0.0453125
0 0.40859375 0.346875 0.03125 0.0375
0 0.3578125 0.40234375 0.03125 0.0390625
0 0.35859375 0.44296875 0.0375 0.0484375
0 0.37265625 0.4796875 0.03125 0.0421875
0 0.39140625 0.51953125 0.03125 0.034375
2 0.4359375 0.209375 0.03125 0.0453125
2 0.45 0.23671875 0.0296875 0.0390625
2 0.5359375 0.2921875 0.040625 0.0484375
2 0.50625 0.29609375 0.03125 0.046875
2 0.50859375 0.3359375 0.0296875 0.0375
2 0.5234375 0.36484375 0.0359375 0.040625
2 0.50703125 0.3921875 0.0296875 0.0375
2 0.49296875 0.36953125 0.0296875 0.0375
2 0.51484375 0.43359375 0.028125 0.040625
2 0.54609375 0.42734375 0.0375 0.0515625
0 0.4859375 0.43984375 0.0296875 0.0328125
2 0.49609375 0.4640625 0.03125 0.034375
2 0.475 0.48203125 0.03125 0.040625
2 0.4078125 0.425 0.03125 0.040625
2 0.3953125 0.38671875 0.03125 0.0453125
2 0.3828125 0.3109375 0.0328125 0.046875
2 0.3640625 0.359375 0.028125 0.0390625
2 0.33515625 0.38203125 0.0328125 0.046875
2 0.303125 0.44453125 0.04375 0.046875
2 0.31640625 0.471875 0.03125 0.046875
2 0.29765625 0.50078125 0.0375 0.0375
2 0.275 0.5578125 0.034375 0.0546875
2 0.31015625 0.53515625 0.034375 0.040625
2 0.33203125 0.50859375 0.0375 0.0515625
2 0.35 0.48046875 0.034375 0.0484375
2 0.36796875 0.5109375 0.0328125 0.0359375
2 0.353125 0.5421875 0.034375 0.0453125
2 0.34921875 0.58046875 0.0375 0.05
2 0.38125 0.56953125 0.034375 0.053125
2 0.3984375 0.60390625 0.03125 0.0375
2 0.3625 0.62265625 0.0375 0.0421875
2 0.375 0.6546875 0.03125 0.0421875
2 0.41015625 0.63828125 0.0296875 0.04375
2 0.43203125 0.6140625 0.0328125 0.05
2 0.41328125 0.5765625 0.0375 0.04375
2 0.42421875 0.54765625 0.03125 0.0390625
2 0.42421875 0.50859375 0.03125 0.0390625
2 0.4546875 0.51953125 0.0296875 0.0375
2 0.45859375 0.55625 0.0328125 0.0453125
2 0.48984375 0.57890625 0.0375 0.05
2 0.42109375 0.26328125 0.028125 0.0375
2 0.48046875 0.234375 0.03125 0.040625