2 0.58203125 0.46796875 0.03046875 0.0203125
2 0.5640625 0.48359375 0.03046875 0.02265625
2 0.47109375 0.5234375 0.0328125 0.02421875
2 0.36015625 0.675 0.03046875 0.0234375
2 0.503125 0.51875 0.03203125 0.02265625
2 0.38828125 0.67109375 0.03125 0.025
2 0.45703125 0.6640625 0.03203125 0.0234375
2 0.590625 0.490625 0.03046875 0.02265625
2 0.4921875 0.53984375 0.0328125 0.025
2 0.48984375 0.6609375 0.03203125 0.02421875
2 0.553125 0.59296875 0.03203125 0.025
2 0.56875 0.5703125 0.03125 0.025
2 0.5109375 0.5609375 0.0265625 0.0234375
2 0.46171875 0.54453125 0.03203125 0.02421875
2 0.45 0.56484375 0.0328125 0.02578125
2 0.53828125 0.49765625 0.0296875 0.025
2 0.5328125 0.51796875 0.03359375 0.0234375
2 0.56640625 0.5046875 0.03203125 0.0234375
2 0.59453125 0.51328125 0.0328125 0.025
2 0.56953125 0.52578125 0.0328125 0.02421875
2 0.59765625 0.53515625 0.03828125 0.02734375
2 0.5765625 0.54921875 0.03359375 0.025
2 0.55078125 0.5375 0.03359375 0.02421875
2 0.5203125 0.5390625 0.03203125 0.02421875
2 0.5421875 0.5578125 0.03671875 0.0234375
2 0.53125 0.5765625 0.03515625 0.02578125
2 0.48125 0.56328125 0.03125 0.0234375
2 0.47109375 0.584375 0.03359375 0.0234375
2 0.4375 0.5859375 0.034375 0.0234375
2 0.50078125 0.58046875 0.03203125 0.02421875
2 0.49140625 0.6 0.03359375 0.02265625
2 0.525 0.59765625 0.0328125 0.025
2 0.45859375 0.6046875 0.0359375 0.02265625
2 0.425 0.6046875 0.0296875 0.02578125
2 0.44453125 0.62265625 0.03203125 0.02265625
2 0.47890625 0.61953125 0.034375 0.02734375
2 0.5109375 0.6171875 0.03359375 0.02890625
2 0.5453125 0.6140625 0.03671875 0.02578125
2 0.5359375 0.63515625 0.034375 0.02109375
2 0.5 0.63984375 0.03203125 0.02265625
2 0.52421875 0.65703125 0.0375 0.02578125
2 0.4671875 0.64140625 0.03515625 0.0234375
2 0.43671875 0.64609375 0.0328125 0.02421875
2 0.4140625 0.62890625 0.03359375 0.02421875
2 0.39296875 0.61328125 0.0328125 0.02265625
2 0.3828125 0.6328125 0.0359375 0.02421875
2 0.3734375 0.65390625 0.04140625 0.02734375
2 0.40390625 0.64921875 0.0296875 0.02265625
2 0.421875 0.66875 0.03359375 0.0234375