0 0.54296875 0.70625 0.040625 0.065625
0 0.575 0.69375 0.0453125 0.05625
0 0.54921875 0.65 0.0546875 0.05
0 0.5609375 0.60546875 0.0375 0.053125
0 0.59609375 0.659375 0.04375 0.046875
0 0.59375 0.61640625 0.040625 0.046875
0 0.58359375 0.56875 0.046875 0.053125
0 0.6109375 0.7015625 0.04375 0.0625
0 0.63828125 0.6734375 0.04375 0.0484375
0 0.62734375 0.63046875 0.040625 0.05
0 0.62109375 0.5875 0.0453125 0.05625
0 0.61953125 0.54375 0.0421875 0.053125
0 0.6234375 0.503125 0.040625 0.059375
0 0.6875 0.68359375 0.0453125 0.059375
0 0.665625 0.63828125 0.04375 0.0546875
0 0.65234375 0.603125 0.046875 0.05625
0 0.6578125 0.56015625 0.046875 0.053125
0 0.65546875 0.51640625 0.04375 0.05
0 0.6515625 0.47421875 0.04375 0.0546875
0 0.6953125 0.58828125 0.046875 0.05
0 0.70390625 0.6328125 0.040625 0.0578125
0 0.69921875 0.54765625 0.0453125 0.05
0 0.690625 0.50859375 0.04375 0.0546875
0 0.6890625 0.46953125 0.040625 0.059375
0 0.678125 0.41796875 0.0390625 0.0546875
0 0.7375 0.5640625 0.040625 0.046875
0 0.73671875 0.61171875 0.0375 0.05
0 0.76875 0.63125 0.04375 0.053125
0 0.771875 0.58046875 0.0375 0.0515625
0 0.803125 0.609375 0.0375 0.05625
0 0.83515625 0.6328125 0.040625 0.053125
0 0.828125 0.58203125 0.0421875 0.05
0 0.8 0.559375 0.0421875 0.053125
0 0.76484375 0.53515625 0.040625 0.05
0 0.72890625 0.52421875 0.0421875 0.05625
0 0.72421875 0.478125 0.040625 0.05625
0 0.7625 0.4953125 0.040625 0.05625
0 0.796875 0.5109375 0.0375 0.0515625
0 0.8296875 0.5234375 0.04375 0.053125
0 0.8234375 0.475 0.0421875 0.0515625
0 0.790625 0.46015625 0.04375 0.0515625
0 0.78671875 0.4125 0.04375 0.053125
0 0.75546875 0.44609375 0.04375 0.0515625
0 0.7484375 0.4046875 0.04375 0.05625
0 0.72109375 0.43125 0.046875 0.05625
0 0.7015625 0.38984375 0.04375 0.053125
2 0.4625 0.7328125 0.040625 0.05625
2 0.45859375 0.684375 0.0375 0.046875
2 0.5015625 0.74765625 0.04375 0.05
2 0.4984375 0.70390625 0.04375 0.046875
2 0.490625 0.659375 0.040625 0.053125
2 0.50703125 0.609375 0.0453125 0.0515625
2 0.521875 0.65 0.034375 0.05
2 0.66171875 0.728125 0.0421875 0.05
2 0.6984375 0.75078125 0.04375 0.053125
2 0.725 0.72109375 0.0421875 0.053125
2 0.72265625 0.678125 0.0375 0.0453125
2 0.7640625 0.7484375 0.0375 0.05625
2 0.75859375 0.696875 0.0453125 0.05
2 0.79765625 0.7265625 0.04375 0.059375
2 0.80078125 0.67890625 0.046875 0.0484375
2 0.83203125 0.69296875 0.0453125 0.059375
2 0.85234375 0.65703125 0.040625 0.0421875
2 0.84296875 0.42109375 0.0453125 0.053125
2 0.840625 0.3734375 0.046875 0.05
2 0.83046875 0.3265625 0.04375 0.059375
2 0.80390625 0.3609375 0.05 0.0546875
2 0.790625 0.321875 0.04375 0.0546875
2 0.77578125 0.28515625 0.0421875 0.0484375
2 0.759375 0.3484375 0.0484375 0.053125
2 0.73984375 0.30390625 0.04375 0.0515625
2 0.709375 0.31328125 0.0453125 0.0625
2 0.646875 0.3765625 0.0453125 0.053125
2 0.675 0.34921875 0.046875 0.053125