0 0.503125 0.70703125 0.0359375 0.02265625
0 0.4921875 0.6875 0.0359375 0.0234375
0 0.46328125 0.73671875 0.03828125 0.02890625
0 0.45390625 0.7125 0.03125 0.0234375
0 0.4265625 0.709375 0.0359375 0.02421875
0 0.44453125 0.69609375 0.03125 0.02265625
0 0.4109375 0.69375 0.0390625 0.0234375
0 0.48046875 0.665625 0.0328125 0.0234375
0 0.490625 0.64921875 0.03359375 0.021875
0 0.50546875 0.63046875 0.03359375 0.0265625
0 0.54453125 0.58359375 0.02890625 0.021875
0 0.51328125 0.521875 0.03125 0.02421875
0 0.52109375 0.50390625 0.02890625 0.0265625
0 0.53359375 0.48671875 0.0296875 0.0234375
1 0.38125 0.6546875 0.02890625 0.02421875
1 0.42265625 0.675 0.0296875 0.025
1 0.45703125 0.58828125 0.0296875 0.021875
1 0.4046875 0.575 0.03125 0.02265625
1 0.41875 0.540625 0.0265625 0.0234375
1 0.43828125 0.55625 0.0265625 0.0234375
1 0.471875 0.54921875 0.025 0.02109375
1 0.5234375 0.559375 0.03046875 0.02578125
2 0.44140625 0.753125 0.034375 0.025
2 0.42265625 0.73671875 0.03359375 0.02421875
2 0.478125 0.75703125 0.034375 0.0234375
2 0.4921875 0.7375 0.0328125 0.02578125
2 0.5296875 0.7125 0.0328125 0.0265625
2 0.540625 0.69375 0.0359375 0.025
2 0.5171875 0.6734375 0.034375 0.02734375
2 0.55 0.671875 0.0375 0.02890625
2 0.534375 0.6546875 0.03359375 0.02578125
2 0.5421875 0.634375 0.03125 0.02578125
2 0.571875 0.64765625 0.0375 0.0265625
2 0.56953125 0.62734375 0.0359375 0.02421875
2 0.5578125 0.6140625 0.03359375 0.02578125
2 0.5828125 0.6078125 0.0296875 0.02578125
2 0.6125 0.6203125 0.03203125 0.02421875
2 0.609375 0.6 0.0359375 0.0265625
2 0.59765625 0.58046875 0.03359375 0.025
2 0.62734375 0.578125 0.0328125 0.02734375
2 0.609375 0.56171875 0.0375 0.0234375
2 0.571875 0.58828125 0.0296875 0.025
2 0.33828125 0.60859375 0.03046875 0.025
2 0.35703125 0.59453125 0.03046875 0.0234375
2 0.3546875 0.5734375 0.03203125 0.02421875
2 0.55234375 0.546875 0.0328125 0.0234375
2 0.540625 0.5265625 0.03203125 0.025
2 0.55078125 0.51015625 0.0328125 0.02421875
2 0.56171875 0.48984375 0.03203125 0.0265625
2 0.57109375 0.4703125 0.03046875 0.02265625
2 0.5765625 0.4515625 0.03515625 0.0265625
2 0.55625 0.4578125 0.03515625 0.0265625
2 0.56171875 0.4359375 0.028125 0.025
2 0.38125 0.484375 0.0328125 0.02734375
2 0.36953125 0.55546875 0.02890625 0.021875
2 0.37109375 0.528125 0.02890625 0.025
2 0.55 0.4046875 0.03359375 0.028125
2 0.53515625 0.3875 0.0296875 0.0234375
2 0.475 0.359375 0.03046875 0.01953125
2 0.42734375 0.3640625 0.0265625 0.021875
2 0.4109375 0.38359375 0.0296875 0.02421875
2 0.43671875 0.39296875 0.025 0.01953125
2 0.41484375 0.41328125 0.02890625 0.02734375
2 0.40546875 0.434375 0.03125 0.02109375