0 0.125 0.740625 0.0390625 0.02890625
0 0.1609375 0.74140625 0.034375 0.02734375
0 0.17421875 0.71640625 0.03671875 0.03203125
0 0.19453125 0.7390625 0.03828125 0.02890625
0 0.17109375 0.765625 0.0390625 0.028125
0 0.20625 0.76484375 0.0359375 0.028125
0 0.1734375 0.7921875 0.03828125 0.02890625
0 0.20625 0.7921875 0.03671875 0.02578125
0 0.1859375 0.81484375 0.04140625 0.02734375
0 0.21796875 0.81328125 0.040625 0.02890625
0 0.19375 0.8390625 0.04140625 0.02890625
0 0.22578125 0.83984375 0.040625 0.03046875
0 0.26171875 0.83515625 0.04140625 0.0296875
0 0.25078125 0.8109375 0.0375 0.03125
0 0.23671875 0.7875 0.040625 0.03046875
0 0.2359375 0.7609375 0.0375 0.0296875
0 0.2265625 0.734375 0.0375 0.03203125
0 0.21015625 0.7125 0.03828125 0.0296875
0 0.22109375 0.6875 0.040625 0.03125
0 0.24140625 0.71015625 0.03359375 0.03046875
0 0.259375 0.68515625 0.040625 0.03046875
0 0.2765625 0.6625 0.0390625 0.02734375
0 0.2578125 0.73359375 0.03671875 0.028125
0 0.2734375 0.759375 0.03828125 0.0296875
0 0.27109375 0.78046875 0.0421875 0.0265625
0 0.284375 0.8046875 0.0390625 0.03046875
0 0.29296875 0.8296875 0.0421875 0.03125
0 0.325 0.81875 0.03828125 0.03046875
0 0.31328125 0.796875 0.04140625 0.0296875
0 0.2984375 0.7765625 0.03359375 0.02421875
0 0.30234375 0.75390625 0.0390625 0.03046875
0 0.28828125 0.73046875 0.04375 0.0265625
0 0.271875 0.70703125 0.04140625 0.03125
0 0.29140625 0.6875 0.040625 0.034375
0 0.2921875 0.6375 0.04140625 0.03125
0 0.30703125 0.659375 0.0359375 0.02734375
0 0.3265625 0.6875 0.0390625 0.03125
0 0.3171875 0.6140625 0.0421875 0.02890625
0 0.32890625 0.640625 0.0359375 0.03046875
0 0.35703125 0.63046875 0.04140625 0.028125
0 0.36875 0.65546875 0.0421875 0.03203125
0 0.34296875 0.6671875 0.0421875 0.03046875
0 0.36171875 0.690625 0.040625 0.03203125
0 0.34140625 0.7125 0.04296875 0.028125
0 0.30625 0.71171875 0.04375 0.03046875
0 0.325 0.73515625 0.040625 0.03046875
0 0.33828125 0.76171875 0.040625 0.03046875
0 0.36640625 0.7578125 0.0421875 0.0328125
0 0.36171875 0.7328125 0.0453125 0.0296875
0 0.34765625 0.7890625 0.04140625 0.03203125
0 0.37421875 0.78515625 0.0421875 0.0328125
0 0.3578125 0.8171875 0.04140625 0.0359375
0 0.3953125 0.815625 0.040625 0.03359375
0 0.40390625 0.84609375 0.04140625 0.03203125
0 0.37421875 0.8578125 0.04140625 0.03125
0 0.40859375 0.78046875 0.03828125 0.03125
0 0.40234375 0.75859375 0.03828125 0.03203125
0 0.39296875 0.73125 0.040625 0.03125
0 0.390625 0.6828125 0.0390625 0.03671875
0 0.41171875 0.6609375 0.034375 0.03125
0 0.44296875 0.6609375 0.04375 0.03125
0 0.425 0.690625 0.0375 0.034375
0 0.45390625 0.6828125 0.040625 0.02734375
0 0.53984375 0.63671875 0.0359375 0.03125
0 0.4203125 0.7140625 0.040625 0.034375
0 0.45 0.7046875 0.040625 0.03359375
0 0.48359375 0.7046875 0.03671875 0.03125
0 0.5109375 0.68984375 0.046875 0.0359375
0 0.54765625 0.68828125 0.040625 0.02734375
0 0.428125 0.7375 0.03671875 0.03203125
0 0.46015625 0.73125 0.040625 0.028125
0 0.49375 0.72578125 0.04140625 0.03203125
0 0.525 0.721875 0.04609375 0.03125
0 0.4359375 0.759375 0.04296875 0.03203125
0 0.4625 0.75390625 0.0453125 0.03046875
0 0.50078125 0.75234375 0.04375 0.028125
0 0.53125 0.74609375 0.04140625 0.0265625
0 0.55078125 0.7671875 0.0390625 0.03359375
0 0.57421875 0.7484375 0.04296875 0.03359375
0 0.51875 0.77109375 0.0453125 0.03203125
0 0.4859375 0.77578125 0.04375 0.02734375
0 0.44609375 0.78125 0.04296875 0.03046875
0 0.42578125 0.80078125 0.040625 0.028125
0 0.434375 0.82734375 0.0390625 0.03359375
0 0.4578125 0.809375 0.0421875 0.0296875
0 0.48828125 0.8 0.04140625 0.0296875
0 0.525 0.79375 0.04375 0.03359375
0 0.525 0.81875 0.0421875 0.03203125
0 0.49609375 0.82578125 0.04375 0.034375
0 0.4640625 0.83671875 0.04140625 0.028125
0 0.43671875 0.85546875 0.04296875 0.0296875
0 0.43515625 0.88203125 0.040625 0.02890625
0 0.465625 0.871875 0.04296875 0.03046875
0 0.49453125 0.8875 0.03203125 0.025
0 0.52265625 0.88203125 0.040625 0.0328125
0 0.50625 0.54921875 0.03828125 0.03203125
2 0.41875 0.50859375 0.03984375 0.0328125
2 0.39375 0.54609375 0.03671875 0.03125
2 0.4234375 0.53984375 0.03671875 0.0296875
2 0.45 0.5203125 0.0375 0.03203125
2 0.4796875 0.52265625 0.03203125 0.02578125
2 0.4546875 0.5453125 0.0359375 0.02890625
2 0.49453125 0.56875 0.0359375 0.028125
2 0.534375 0.52265625 0.03515625 0.028125
2 0.48203125 0.54453125 0.0328125 0.02734375
2 0.43515625 0.56484375 0.0328125 0.02734375
2 0.46328125 0.56796875 0.03828125 0.0265625
2 0.40625 0.571875 0.03515625 0.02734375
2 0.38046875 0.58359375 0.0359375 0.0296875
2 0.415625 0.59765625 0.03984375 0.0296875
2 0.44296875 0.5875 0.0390625 0.03203125
2 0.47734375 0.59140625 0.0359375 0.028125
2 0.5078125 0.58671875 0.03515625 0.02890625
2 0.5359375 0.58046875 0.03671875 0.028125
2 0.55390625 0.5625 0.03515625 0.0296875
2 0.56484375 0.5375 0.03828125 0.0296875
2 0.584375 0.56015625 0.0390625 0.028125
2 0.56796875 0.58203125 0.03203125 0.0265625
2 0.6 0.58046875 0.03515625 0.02890625
2 0.52421875 0.6109375 0.03671875 0.03046875
2 0.55546875 0.60234375 0.03515625 0.0265625
2 0.5875 0.6015625 0.03828125 0.0296875
2 0.62109375 0.60078125 0.03984375 0.0296875
2 0.60703125 0.62421875 0.03671875 0.0328125
2 0.56953125 0.625 0.0375 0.0265625
2 0.4921875 0.615625 0.03984375 0.02890625
2 0.4578125 0.61171875 0.04140625 0.03046875
2 0.4296875 0.61953125 0.02890625 0.02578125
2 0.4671875 0.63828125 0.04140625 0.03046875
2 0.5078125 0.6375 0.0375 0.03125
2 0.48984375 0.65859375 0.03828125 0.0296875
2 0.5328125 0.65859375 0.03828125 0.0296875
2 0.56875 0.66953125 0.0375 0.02734375
2 0.565625 0.64609375 0.0359375 0.0296875
2 0.3890625 0.61015625 0.03515625 0.0296875
2 0.40390625 0.63515625 0.0390625 0.03203125
2 0.3515625 0.59296875 0.03671875 0.03046875
2 0.2890625 0.59375 0.03984375 0.03046875
2 0.26328125 0.6078125 0.0421875 0.03046875
2 0.2421875 0.6265625 0.04140625 0.03203125
2 0.25234375 0.65234375 0.03671875 0.03203125
2 0.21875 0.6484375 0.0453125 0.03203125
2 0.2046875 0.67109375 0.03984375 0.0296875
2 0.16796875 0.6703125 0.040625 0.03046875
2 0.1828125 0.69375 0.03671875 0.028125
2 0.140625 0.68125 0.04296875 0.03125
2 0.153125 0.70703125 0.03515625 0.0296875
2 0.046875 0.70234375 0.0421875 0.03046875
2 0.08359375 0.7046875 0.03984375 0.03359375
2 0.1203125 0.70546875 0.03828125 0.03046875
2 0.06328125 0.7265625 0.0421875 0.0296875
2 0.09921875 0.7296875 0.03359375 0.03046875
2 0.0765625 0.75078125 0.04375 0.03046875
2 0.1125 0.75625 0.0375 0.02578125
2 0.0890625 0.77734375 0.04296875 0.02890625
2 0.1296875 0.775 0.04296875 0.03125
2 0.1140625 0.79765625 0.04296875 0.0296875
2 0.14609375 0.803125 0.03125 0.02265625
2 0.084375 0.81484375 0.0484375 0.0328125
2 0.1078125 0.83984375 0.0421875 0.034375
2 0.13828125 0.82421875 0.04140625 0.0359375
2 0.1359375 0.85546875 0.03828125 0.034375
2 0.1703125 0.84921875 0.03984375 0.0296875
2 0.1609375 0.87421875 0.03828125 0.03046875
2 0.1953125 0.875 0.03984375 0.03046875
2 0.22890625 0.87265625 0.04609375 0.03203125
2 0.265625 0.87421875 0.03671875 0.03125
2 0.2921875 0.85546875 0.03828125 0.0296875
2 0.3015625 0.88046875 0.04296875 0.02890625
2 0.328125 0.8609375 0.034375 0.03046875
2 0.35234375 0.84296875 0.03359375 0.02578125
2 0.37734375 0.90546875 0.04140625 0.03359375
2 0.4125 0.9078125 0.0375 0.03671875
2 0.39375 0.8796875 0.03515625 0.03125
2 0.44609375 0.91171875 0.03984375 0.03046875
2 0.48125 0.91328125 0.034375 0.03203125
2 0.5140625 0.91640625 0.03828125 0.03125
2 0.5484375 0.9125 0.0390625 0.0296875
2 0.57421875 0.9 0.0375 0.02890625
2 0.56796875 0.87421875 0.0390625 0.02890625
2 0.6015625 0.88203125 0.03671875 0.03046875
2 0.6328125 0.8703125 0.04296875 0.0296875
2 0.59765625 0.85546875 0.04140625 0.0296875
2 0.57109375 0.840625 0.03828125 0.0328125
2 0.55078125 0.853125 0.040625 0.03046875
2 0.51796875 0.8640625 0.0390625 0.028125
2 0.60390625 0.828125 0.04140625 0.02890625
2 0.58203125 0.81015625 0.040625 0.03046875
2 0.55546875 0.815625 0.0328125 0.0265625
2 0.55390625 0.79140625 0.0390625 0.02734375
2 0.5875 0.78359375 0.03359375 0.028125
2 0.61640625 0.80078125 0.03984375 0.03046875
2 0.6234375 0.778125 0.03984375 0.0296875
2 0.628125 0.75546875 0.0375 0.02578125
2 0.6359375 0.73359375 0.03671875 0.02890625
2 0.60078125 0.7359375 0.03515625 0.02578125
2 0.57109375 0.72265625 0.03671875 0.0265625
2 0.54921875 0.70859375 0.040625 0.02578125
2 0.578125 0.7 0.034375 0.02890625
2 0.60703125 0.71484375 0.03828125 0.02890625