2 0.5328125 0.54921875 0.0328125 0.03125
2 0.5359375 0.40625 0.03125 0.040625
2 0.44921875 0.51875 0.028125 0.0375
2 0.46328125 0.50078125 0.0265625 0.034375
2 0.47578125 0.48359375 0.028125 0.034375
2 0.50625 0.3578125 0.028125 0.0359375
2 0.484375 0.346875 0.028125 0.0375
2 0.4609375 0.33828125 0.0296875 0.0359375
2 0.4453125 0.3578125 0.028125 0.0359375
2 0.42734375 0.37578125 0.0265625 0.03125
2 0.41328125 0.39765625 0.0265625 0.03125
2 0.39921875 0.41796875 0.0234375 0.0390625
2 0.38671875 0.4359375 0.021875 0.034375
2 0.37109375 0.45546875 0.025 0.0359375
2 0.35859375 0.4765625 0.028125 0.034375
2 0.34375 0.49609375 0.0265625 0.0421875
2 0.32734375 0.51328125 0.025 0.040625
2 0.3109375 0.5296875 0.0296875 0.04375
2 0.29609375 0.5671875 0.028125 0.0421875
2 0.28828125 0.59375 0.0234375 0.034375
2 0.28828125 0.628125 0.028125 0.0390625
2 0.3046875 0.64765625 0.0265625 0.0359375
2 0.30703125 0.6203125 0.028125 0.0390625
2 0.284375 0.6578125 0.028125 0.0421875
2 0.2984375 0.6765625 0.028125 0.040625
2 0.3 0.70625 0.025 0.0375
2 0.284375 0.690625 0.028125 0.0375
2 0.28671875 0.72578125 0.03125 0.04375
2 0.30703125 0.73828125 0.03125 0.04375
2 0.28984375 0.75703125 0.03125 0.040625
2 0.30546875 0.78359375 0.025 0.0328125
2 0.3234375 0.79375 0.03125 0.0359375
2 0.3109375 0.81015625 0.0265625 0.0421875
2 0.33203125 0.825 0.025 0.0421875
2 0.346875 0.8046875 0.025 0.0328125
2 0.34453125 0.7734375 0.025 0.0375
2 0.365625 0.78515625 0.0296875 0.0375
2 0.3734375 0.759375 0.0265625 0.0359375
2 0.38984375 0.74140625 0.028125 0.0359375
2 0.41171875 0.7234375 0.028125 0.0390625
2 0.39453125 0.68203125 0.0265625 0.0359375
2 0.4140625 0.665625 0.0265625 0.040625
2 0.39296875 0.7125 0.021875 0.0359375
2 0.40859375 0.6296875 0.028125 0.034375
2 0.4234375 0.609375 0.028125 0.03125
2 0.4234375 0.58828125 0.025 0.0375
2 0.40234375 0.60078125 0.025 0.0328125
2 0.39921875 0.5765625 0.025 0.034375
2 0.4390625 0.56796875 0.028125 0.03125
2 0.415625 0.55703125 0.0265625 0.028125
2 0.43046875 0.53984375 0.0265625 0.03125
0 0.33359375 0.7546875 0.028125 0.0359375
0 0.35390625 0.7375 0.028125 0.03125
0 0.37734375 0.71640625 0.0265625 0.034375
0 0.353125 0.7078125 0.028125 0.034375
0 0.33046875 0.7234375 0.028125 0.034375
0 0.33203125 0.690625 0.028125 0.0359375
0 0.33671875 0.6625 0.03125 0.0390625
0 0.3140625 0.66953125 0.0234375 0.0390625
0 0.3578125 0.67578125 0.028125 0.0359375
0 0.37734375 0.684375 0.0296875 0.034375
0 0.378125 0.65859375 0.0234375 0.034375
0 0.3921875 0.63671875 0.025 0.034375
0 0.3859375 0.60625 0.025 0.034375
0 0.3703125 0.6265625 0.025 0.034375
0 0.35546875 0.6484375 0.028125 0.040625
0 0.33359375 0.6390625 0.028125 0.0328125
0 0.35 0.615625 0.028125 0.034375
0 0.32734375 0.6109375 0.0265625 0.034375
0 0.30546875 0.60078125 0.025 0.0359375
0 0.32109375 0.58203125 0.025 0.03125
0 0.34296875 0.58828125 0.0234375 0.0375
0 0.36484375 0.59375 0.03125 0.034375
0 0.37578125 0.5734375 0.028125 0.0328125
0 0.38984375 0.55546875 0.0265625 0.0328125
0 0.4078125 0.53984375 0.0265625 0.034375
0 0.41953125 0.51171875 0.0265625 0.03125
0 0.4265625 0.49296875 0.0265625 0.040625
0 0.44140625 0.47421875 0.025 0.034375
0 0.45546875 0.4515625 0.0265625 0.0359375
0 0.4703125 0.428125 0.028125 0.0359375
0 0.48828125 0.43671875 0.028125 0.0359375
0 0.50390625 0.4140625 0.0296875 0.0390625
0 0.4984375 0.3875 0.028125 0.0359375
0 0.484375 0.40703125 0.025 0.03125
0 0.475 0.3796875 0.0265625 0.0328125
0 0.46328125 0.4 0.0265625 0.034375
0 0.4484375 0.41875 0.025 0.0390625
0 0.43515625 0.4421875 0.025 0.0390625
0 0.42265625 0.46015625 0.028125 0.0296875
0 0.40625 0.48203125 0.025 0.0359375
0 0.396875 0.50859375 0.025 0.040625
0 0.3828125 0.52578125 0.028125 0.04375
0 0.365625 0.54609375 0.028125 0.0359375
0 0.35390625 0.56953125 0.0265625 0.034375
0 0.32890625 0.559375 0.028125 0.040625
0 0.3453125 0.53671875 0.028125 0.034375
0 0.36171875 0.5125 0.0296875 0.0328125
0 0.37734375 0.496875 0.03125 0.0375
0 0.3828125 0.46953125 0.028125 0.0328125
0 0.40390625 0.45 0.03125 0.0328125
0 0.4140625 0.428125 0.025 0.0375
0 0.428125 0.41171875 0.03125 0.0421875
0 0.4421875 0.3921875 0.028125 0.034375