0 0.33984375 0.40234375 0.028125 0.0375
0 0.3625 0.43359375 0.025 0.0359375
2 0.46640625 0.62265625 0.034375 0.0375
2 0.43671875 0.5796875 0.025 0.034375
2 0.41328125 0.57421875 0.03125 0.028125
2 0.42265625 0.54296875 0.025 0.040625
2 0.4 0.56015625 0.0265625 0.028125
2 0.4015625 0.52578125 0.028125 0.0375
2 0.38359375 0.54375 0.025 0.034375
2 0.4015625 0.5015625 0.0234375 0.03125
2 0.40390625 0.475 0.021875 0.028125
2 0.384375 0.4875 0.028125 0.028125
2 0.3796875 0.51171875 0.0234375 0.034375
2 0.3671875 0.53125 0.021875 0.0390625
2 0.3609375 0.50625 0.0234375 0.03125
2 0.36484375 0.4765625 0.01875 0.03125
2 0.384375 0.465625 0.025 0.0375
2 0.38828125 0.44140625 0.025 0.0390625
2 0.34609375 0.47421875 0.028125 0.028125
2 0.33671875 0.5 0.028125 0.0390625
2 0.34453125 0.4484375 0.025 0.03125
2 0.32734375 0.459375 0.0296875 0.03125
2 0.334375 0.428125 0.025 0.0359375
2 0.31796875 0.42421875 0.021875 0.0390625
2 0.28125 0.45703125 0.025 0.03125
2 0.28203125 0.47890625 0.025 0.028125
2 0.26875 0.49765625 0.0265625 0.034375
2 0.2515625 0.56171875 0.025 0.0375
2 0.265625 0.57109375 0.025 0.034375