0 0.453125 0.8296875 0.04140625 0.03359375
0 0.425 0.809375 0.040625 0.03203125
0 0.48359375 0.8203125 0.040625 0.03359375
0 0.46171875 0.796875 0.0359375 0.0328125
0 0.434375 0.77734375 0.03828125 0.03359375
0 0.43828125 0.7546875 0.03359375 0.0390625
0 0.47109375 0.76484375 0.03671875 0.0328125
0 0.4984375 0.784375 0.04140625 0.03671875
0 0.50078125 0.75546875 0.04140625 0.03671875
0 0.47421875 0.74375 0.04375 0.0328125
0 0.4421875 0.72578125 0.03671875 0.02734375
0 0.43984375 0.69609375 0.034375 0.0359375
0 0.46953125 0.71171875 0.04140625 0.0359375
0 0.5015625 0.728125 0.040625 0.03671875
0 0.52578125 0.7125 0.03828125 0.03203125
0 0.49453125 0.69921875 0.0390625 0.0328125
0 0.465625 0.67890625 0.0359375 0.03046875
0 0.49140625 0.665625 0.03671875 0.0296875
0 0.5234375 0.68515625 0.034375 0.03203125
0 0.52578125 0.659375 0.03671875 0.03203125
0 0.50390625 0.63984375 0.04375 0.03046875
0 0.46953125 0.64921875 0.04375 0.03203125
0 0.4578125 0.6265625 0.04609375 0.03359375
0 0.4546875 0.59765625 0.04296875 0.03671875
0 0.48828125 0.61484375 0.04296875 0.03359375
0 0.5234375 0.60390625 0.04296875 0.034375
0 0.5328125 0.6265625 0.0390625 0.03671875
0 0.48828125 0.59296875 0.04765625 0.03828125
0 0.471875 0.56875 0.0453125 0.034375
0 0.496875 0.55625 0.0390625 0.025
0 0.51796875 0.57734375 0.0359375 0.0328125
0 0.5484375 0.58359375 0.0390625 0.0328125
0 0.5390625 0.55703125 0.04296875 0.0328125
0 0.51640625 0.5390625 0.0390625 0.03046875
0 0.55078125 0.53515625 0.0359375 0.03046875
0 0.4953125 0.5171875 0.05234375 0.034375
0 0.52578125 0.5140625 0.040625 0.03046875
0 0.54375 0.4953125 0.03125 0.025
0 0.565625 0.51171875 0.04375 0.0296875
0 0.49921875 0.4875 0.0546875 0.034375
0 0.525 0.4734375 0.04296875 0.03203125
2 0.33125 0.4875 0.040625 0.0328125
2 0.31875 0.66796875 0.0484375 0.046875
2 0.359375 0.6796875 0.03671875 0.02734375
2 0.36796875 0.65234375 0.0390625 0.0296875
2 0.36484375 0.625 0.04296875 0.02734375
2 0.3796875 0.6 0.040625 0.0296875
2 0.40234375 0.6203125 0.04765625 0.03046875
2 0.4 0.6453125 0.0390625 0.03125
2 0.3859375 0.67109375 0.0453125 0.0328125
2 0.42265625 0.66328125 0.03359375 0.03046875
2 0.4140625 0.59921875 0.04375 0.0328125
2 0.4234375 0.575 0.03671875 0.03125
2 0.4140625 0.54140625 0.04140625 0.02265625
2 0.43984375 0.5625 0.0296875 0.03359375
2 0.459375 0.5375 0.0453125 0.0265625
2 0.43515625 0.5140625 0.0390625 0.0390625
2 0.44921875 0.48984375 0.03828125 0.0296875
2 0.471875 0.51328125 0.04140625 0.03203125
2 0.45625 0.4671875 0.04296875 0.03203125
2 0.465625 0.44609375 0.04296875 0.028125
2 0.49453125 0.46640625 0.03671875 0.02421875
2 0.49921875 0.44296875 0.03671875 0.02578125
2 0.5015625 0.42265625 0.04609375 0.0234375
2 0.540625 0.4171875 0.0359375 0.025
2 0.5375 0.44140625 0.034375 0.03203125
0 0.5734375 0.43359375 0.04609375 0.03203125
2 0.61484375 0.415625 0.04140625 0.028125
2 0.615625 0.446875 0.04375 0.03671875
2 0.63984375 0.4296875 0.034375 0.03203125
2 0.65859375 0.45234375 0.0484375 0.03046875
2 0.6453125 0.47421875 0.0390625 0.03046875
2 0.615625 0.4828125 0.0390625 0.02734375
2 0.58203125 0.48359375 0.0453125 0.0296875
2 0.59140625 0.4640625 0.04296875 0.025
2 0.5609375 0.46171875 0.04296875 0.0296875
2 0.60625 0.50234375 0.0390625 0.03125
2 0.596875 0.52578125 0.04140625 0.028125
2 0.5859375 0.5453125 0.04140625 0.0265625
2 0.578125 0.56875 0.04296875 0.02734375
2 0.56875 0.6109375 0.0453125 0.025
2 0.575 0.590625 0.0453125 0.0296875
2 0.55625 0.63359375 0.03828125 0.0265625
2 0.38984375 0.70859375 0.04296875 0.03125
2 0.37890625 0.73359375 0.040625 0.03671875
2 0.37109375 0.75703125 0.05078125 0.034375
2 0.36953125 0.7859375 0.03828125 0.03828125
2 0.3625 0.8140625 0.0484375 0.0328125
2 0.353125 0.8359375 0.04609375 0.028125
2 0.3984375 0.83125 0.04140625 0.03046875
2 0.40234375 0.85859375 0.04375 0.0359375
2 0.465625 0.86328125 0.04765625 0.03359375
2 0.509375 0.85625 0.04296875 0.0375
2 0.5140625 0.825 0.04609375 0.03671875
2 0.528125 0.7890625 0.04140625 0.03671875
2 0.53203125 0.76484375 0.040625 0.03203125
2 0.5390625 0.73828125 0.040625 0.03671875
2 0.55625 0.6875 0.04140625 0.03125