2 0.54921875 0.571875 0.025 0.0265625
2 0.70546875 0.58671875 0.0296875 0.02265625
2 0.6515625 0.5765625 0.02890625 0.02109375
2 0.48125 0.58125 0.028125 0.0234375
2 0.57578125 0.5765625 0.028125 0.02109375
2 0.62890625 0.5859375 0.02890625 0.021875
2 0.59921875 0.58359375 0.028125 0.02109375
2 0.67421875 0.58515625 0.02734375 0.021875
2 0.5328125 0.5890625 0.028125 0.021875
2 0.70078125 0.6234375 0.02890625 0.02265625
2 0.5328125 0.64765625 0.0265625 0.0203125
2 0.72109375 0.60859375 0.02890625 0.02265625
2 0.75078125 0.60859375 0.02734375 0.0203125
2 0.5125 0.60625 0.028125 0.021875
2 0.4984375 0.62578125 0.028125 0.021875
2 0.6734375 0.61640625 0.028125 0.02109375
2 0.6359375 0.60703125 0.028125 0.021875
2 0.6859375 0.6015625 0.03046875 0.02265625
2 0.52421875 0.62734375 0.03046875 0.02265625
2 0.540625 0.60859375 0.02890625 0.02265625
2 0.5203125 0.6625 0.02890625 0.02109375
2 0.66015625 0.5984375 0.0296875 0.02109375
2 0.5765625 0.634375 0.0296875 0.02265625
2 0.5953125 0.61875 0.028125 0.021875
2 0.6234375 0.62109375 0.0296875 0.02109375
2 0.490625 0.6015625 0.0265625 0.02109375
2 0.56640625 0.6125 0.02890625 0.02265625
2 0.55625 0.64765625 0.02890625 0.021875
2 0.603125 0.64375 0.0265625 0.021875
2 0.58046875 0.5984375 0.028125 0.02265625
2 0.54921875 0.628125 0.028125 0.0203125
2 0.55546875 0.5921875 0.02578125 0.01953125