0 0.2796875 0.64609375 0.015625 0.021875
0 0.27734375 0.63046875 0.015625 0.01875
0 0.29375 0.65390625 0.015625 0.021875
0 0.29140625 0.63828125 0.015625 0.0203125
0 0.2890625 0.6203125 0.01875 0.021875
0 0.30625 0.64453125 0.0140625 0.021875
0 0.30625 0.6625 0.0140625 0.0203125
0 0.31796875 0.66953125 0.015625 0.0203125
0 0.31796875 0.65 0.015625 0.021875
0 0.31640625 0.634375 0.015625 0.021875
0 0.30390625 0.628125 0.015625 0.01875
0 0.29921875 0.60859375 0.0140625 0.01875
0 0.2984375 0.59375 0.01875 0.021875
0 0.31015625 0.59765625 0.015625 0.0203125
0 0.3125 0.615625 0.015625 0.021875
0 0.325 0.6203125 0.015625 0.01875
0 0.328125 0.6359375 0.015625 0.021875
0 0.328125 0.65390625 0.015625 0.0234375
0 0.340625 0.64453125 0.015625 0.0234375
0 0.3390625 0.6265625 0.0140625 0.01875
0 0.3359375 0.60859375 0.015625 0.021875
0 0.325 0.60234375 0.015625 0.021875
0 0.32265625 0.58515625 0.01875 0.0234375
0 0.3359375 0.590625 0.015625 0.0234375
0 0.34609375 0.596875 0.015625 0.021875
0 0.35 0.61328125 0.0140625 0.021875
0 0.35078125 0.63203125 0.0140625 0.025
0 0.36328125 0.63515625 0.015625 0.0234375
0 0.3625 0.615625 0.015625 0.021875
0 0.3671875 0.59921875 0.015625 0.021875
0 0.37890625 0.603125 0.015625 0.021875
0 0.375 0.621875 0.015625 0.0203125
0 0.3765625 0.6390625 0.015625 0.0234375
0 0.38828125 0.6515625 0.0171875 0.021875
0 0.38828125 0.634375 0.015625 0.0234375
0 0.38671875 0.61796875 0.0140625 0.01875
0 0.40078125 0.628125 0.015625 0.021875
0 0.4015625 0.6453125 0.015625 0.021875
0 0.40390625 0.6625 0.015625 0.021875
0 0.415625 0.6515625 0.015625 0.01875
0 0.41875 0.6671875 0.015625 0.0203125
0 0.409375 0.678125 0.0140625 0.0203125
0 0.40703125 0.7296875 0.0140625 0.01875
0 0.3984375 0.71796875 0.015625 0.0234375
0 0.39609375 0.7390625 0.0140625 0.0203125
0 0.38515625 0.7484375 0.015625 0.0203125
2 0.2484375 0.67890625 0.01875 0.028125
2 0.26171875 0.68828125 0.0140625 0.01875
2 0.2609375 0.66796875 0.015625 0.01875
2 0.259375 0.64921875 0.015625 0.021875
2 0.27265625 0.6921875 0.015625 0.021875
2 0.27578125 0.675 0.015625 0.021875
2 0.2875 0.6828125 0.015625 0.021875
2 0.28359375 0.70390625 0.015625 0.021875
2 0.29765625 0.7125 0.015625 0.021875
2 0.29765625 0.6921875 0.015625 0.021875
2 0.3109375 0.70078125 0.0171875 0.0203125
2 0.3265625 0.69140625 0.0140625 0.021875
2 0.31640625 0.6828125 0.015625 0.01875
2 0.30390625 0.67734375 0.0140625 0.01875
2 0.334375 0.6734375 0.015625 0.0203125
2 0.28125 0.5953125 0.015625 0.0234375
2 0.346875 0.6796875 0.015625 0.025
2 0.346875 0.66171875 0.015625 0.01875
2 0.3578125 0.6703125 0.0125 0.01875
2 0.3578125 0.64921875 0.0125 0.0203125
2 0.3671875 0.65703125 0.01875 0.021875
2 0.3703125 0.678125 0.015625 0.0234375
2 0.38515625 0.66875 0.01875 0.01875
2 0.38359375 0.6859375 0.01875 0.021875
2 0.3921875 0.69609375 0.0140625 0.01875
2 0.3796875 0.70625 0.0140625 0.01875
2 0.3765625 0.72578125 0.0140625 0.021875
2 0.38984375 0.771875 0.015625 0.021875
2 0.3828125 0.790625 0.0171875 0.021875
2 0.3734375 0.778125 0.01875 0.021875
2 0.365625 0.7640625 0.0140625 0.01875
2 0.36640625 0.79609375 0.015625 0.021875
2 0.35859375 0.78203125 0.015625 0.01875
2 0.35 0.76796875 0.015625 0.021875
2 0.34375 0.78515625 0.015625 0.0203125
2 0.35234375 0.80703125 0.015625 0.021875
2 0.3390625 0.803125 0.0171875 0.0234375
2 0.34296875 0.828125 0.0171875 0.025
2 0.32734375 0.83125 0.01875 0.0234375
2 0.325 0.80859375 0.015625 0.0234375
2 0.3125 0.81328125 0.0171875 0.0234375
2 0.30234375 0.5703125 0.01875 0.01875
2 0.31328125 0.5578125 0.015625 0.021875
2 0.30234375 0.5515625 0.015625 0.021875
2 0.32578125 0.56796875 0.015625 0.01875
2 0.33515625 0.55703125 0.015625 0.021875
2 0.346875 0.5484375 0.015625 0.021875
2 0.359375 0.54140625 0.015625 0.021875
2 0.3578125 0.5578125 0.015625 0.0203125
2 0.346875 0.5640625 0.015625 0.021875
2 0.35 0.58203125 0.015625 0.021875
2 0.3609375 0.57421875 0.015625 0.01875
2 0.371875 0.5671875 0.015625 0.01875
2 0.38359375 0.55703125 0.015625 0.021875
2 0.371875 0.55 0.015625 0.021875
2 0.38515625 0.575 0.015625 0.0203125
2 0.3734375 0.58359375 0.015625 0.0203125
2 0.3875 0.590625 0.015625 0.021875
2 0.4046875 0.7640625 0.015625 0.0234375
2 0.4171875 0.753125 0.0140625 0.021875
2 0.425 0.7125 0.015625 0.0203125
2 0.415625 0.70078125 0.015625 0.01875
2 0.43515625 0.71953125 0.015625 0.0234375
2 0.43515625 0.7015625 0.0125 0.01875
2 0.44765625 0.7 0.015625 0.01875
2 0.4421875 0.684375 0.0125 0.021875
2 0.428125 0.68828125 0.0125 0.0203125
2 0.43125 0.67265625 0.0140625 0.0203125
2 0.43515625 0.65546875 0.015625 0.0203125
2 0.43671875 0.6375 0.015625 0.0203125
2 0.4359375 0.62109375 0.015625 0.01875
2 0.425 0.6328125 0.0140625 0.021875
2 0.42421875 0.61484375 0.015625 0.021875
2 0.42734375 0.5984375 0.015625 0.021875
2 0.42265625 0.58203125 0.015625 0.0234375
2 0.41640625 0.6046875 0.015625 0.021875
2 0.4140625 0.62734375 0.0140625 0.01875
2 0.40234375 0.5984375 0.0125 0.0203125
2 0.41015625 0.571875 0.015625 0.0203125
2 0.41328125 0.5890625 0.0125 0.0203125
2 0.39921875 0.5828125 0.0140625 0.01875
2 0.3953125 0.56640625 0.0140625 0.025
2 0.39765625 0.6796875 0.015625 0.021875
2 0.40546875 0.68984375 0.015625 0.0171875