2 0.63203125 0.4765625 0.053125 0.0359375
2 0.62265625 0.5203125 0.05078125 0.04375
2 0.65625 0.49296875 0.04453125 0.03203125
2 0.55625 0.5546875 0.04609375 0.0453125
2 0.525 0.64296875 0.04375 0.03359375
2 0.575 0.65546875 0.05 0.034375
2 0.5859375 0.68359375 0.04609375 0.0328125
2 0.54609375 0.69140625 0.04609375 0.03984375
2 0.540625 0.67109375 0.04609375 0.0296875
2 0.484375 0.6484375 0.0484375 0.0359375
2 0.44609375 0.63984375 0.0390625 0.034375
2 0.4078125 0.6296875 0.05078125 0.0421875
2 0.384375 0.66328125 0.04140625 0.03046875
2 0.4171875 0.659375 0.04140625 0.03046875
2 0.446875 0.67109375 0.03828125 0.028125
2 0.403125 0.68828125 0.04296875 0.03203125
2 0.4375 0.69296875 0.04375 0.03671875
2 0.36796875 0.69375 0.04140625 0.03828125
2 0.334375 0.69453125 0.04453125 0.0328125
2 0.3140625 0.7203125 0.04296875 0.03359375
2 0.35078125 0.72421875 0.04765625 0.034375
2 0.3921875 0.72265625 0.04609375 0.034375
2 0.42890625 0.728125 0.04765625 0.03671875
2 0.290625 0.74765625 0.05 0.03828125
2 0.33046875 0.75 0.040625 0.02890625
2 0.371875 0.7515625 0.04453125 0.034375
2 0.40234375 0.76640625 0.0484375 0.034375
2 0.3421875 0.77734375 0.03984375 0.034375
2 0.30546875 0.78203125 0.0453125 0.034375
2 0.32109375 0.81015625 0.04375 0.040625
2 0.35546875 0.8171875 0.0453125 0.04296875
2 0.3734375 0.7859375 0.04609375 0.03125
2 0.42734375 0.79921875 0.0484375 0.034375
2 0.3921875 0.81328125 0.04375 0.03359375
2 0.37890625 0.84453125 0.04765625 0.03203125
2 0.41484375 0.8375 0.04453125 0.03125
2 0.45390625 0.83203125 0.04609375 0.03359375
2 0.44140625 0.8625 0.0453125 0.03828125
2 0.40234375 0.86796875 0.04921875 0.03828125