2 0.5625 0.4421875 0.025 0.0328125
2 0.5953125 0.41015625 0.0234375 0.03125
2 0.5578125 0.47109375 0.025 0.0296875
2 0.6296875 0.509375 0.025 0.03125
2 0.6171875 0.40546875 0.025 0.03125
2 0.63984375 0.40078125 0.025 0.03125
2 0.596875 0.45703125 0.025 0.03125
2 0.6375 0.4828125 0.025 0.03125
2 0.646875 0.4546875 0.025 0.03125
2 0.63515625 0.3703125 0.025 0.0328125
2 0.65546875 0.5046875 0.025 0.034375
2 0.6296875 0.43046875 0.025 0.03125
2 0.6078125 0.43359375 0.021875 0.0296875
2 0.65546875 0.42578125 0.025 0.03125
2 0.6640625 0.47578125 0.025 0.03125
2 0.6234375 0.459375 0.021875 0.03125
2 0.5890625 0.4875 0.0234375 0.03125
2 0.68125 0.503125 0.025 0.0328125
2 0.6109375 0.4859375 0.0234375 0.028125
2 0.5828125 0.4359375 0.0203125 0.025
2 0.58125 0.4765625 0.025 0.028125