2 0.56796875 0.50234375 0.03125 0.0265625
2 0.5453125 0.51484375 0.03046875 0.02265625
2 0.57578125 0.5234375 0.0328125 0.02109375
2 0.5171875 0.5109375 0.03125 0.02421875
2 0.525 0.53203125 0.03046875 0.02265625
2 0.553125 0.53515625 0.034375 0.02421875
2 0.57421875 0.55234375 0.03203125 0.02578125
2 0.5359375 0.553125 0.03125 0.0234375
2 0.55625 0.5703125 0.0296875 0.0234375
2 0.49296875 0.52421875 0.03203125 0.02421875
2 0.503125 0.54453125 0.02890625 0.02421875
2 0.51328125 0.56484375 0.02734375 0.021875
2 0.53046875 0.58125 0.028125 0.02109375
2 0.55 0.596875 0.03125 0.02265625
2 0.48828125 0.57421875 0.03125 0.02265625
2 0.47734375 0.5546875 0.03203125 0.02421875
2 0.4703125 0.53515625 0.0296875 0.02421875
2 0.5078125 0.5890625 0.02734375 0.02265625
2 0.5234375 0.60703125 0.02890625 0.02109375
2 0.446875 0.54375 0.02890625 0.02265625
2 0.453125 0.56484375 0.028125 0.02265625
2 0.46875 0.58203125 0.0328125 0.025
2 0.48515625 0.60078125 0.03203125 0.02109375
2 0.503125 0.61875 0.028125 0.02265625
2 0.51640625 0.63671875 0.02734375 0.0203125
2 0.5390625 0.62734375 0.03046875 0.021875
2 0.51796875 0.65859375 0.03203125 0.0234375
2 0.41875 0.5484375 0.0328125 0.02109375
2 0.42578125 0.56953125 0.03203125 0.02109375
2 0.440625 0.58515625 0.028125 0.01953125
2 0.459375 0.603125 0.03046875 0.0234375
2 0.4734375 0.61875 0.0296875 0.02109375
2 0.48671875 0.6375 0.03125 0.021875
2 0.4890625 0.6578125 0.03046875 0.0234375
2 0.4984375 0.67734375 0.0296875 0.02109375
2 0.38671875 0.55 0.03203125 0.0234375
2 0.39609375 0.57109375 0.02734375 0.021875
2 0.4109375 0.5875 0.028125 0.02265625
2 0.428125 0.6046875 0.0296875 0.02109375
2 0.44296875 0.6203125 0.03046875 0.02265625
2 0.4578125 0.63984375 0.0265625 0.02265625
2 0.459375 0.659375 0.03046875 0.02109375
2 0.46796875 0.67890625 0.03046875 0.021875
2 0.48125 0.69765625 0.03125 0.02109375
2 0.36796875 0.58046875 0.03125 0.02265625
2 0.3828125 0.5953125 0.0296875 0.01953125
2 0.40546875 0.6109375 0.028125 0.0203125
2 0.4234375 0.62734375 0.02578125 0.01796875
2 0.43125 0.6453125 0.028125 0.02265625
2 0.43359375 0.665625 0.028125 0.02265625
2 0.43828125 0.70703125 0.03203125 0.01796875
2 0.440625 0.68671875 0.03203125 0.0234375
2 0.3546875 0.59765625 0.03359375 0.02265625
2 0.37421875 0.61640625 0.03984375 0.021875
2 0.39296875 0.63125 0.03125 0.021875
2 0.40625 0.64921875 0.03046875 0.021875
2 0.35 0.62578125 0.03046875 0.0203125
2 0.3328125 0.61015625 0.0328125 0.02265625
2 0.3203125 0.63046875 0.03046875 0.02265625
2 0.340625 0.6453125 0.0265625 0.01796875
2 0.3671875 0.63828125 0.02890625 0.02265625
2 0.378125 0.6578125 0.028125 0.01953125
2 0.40390625 0.6703125 0.02890625 0.01953125
2 0.40703125 0.690625 0.03046875 0.02265625
2 0.375 0.67734375 0.034375 0.021875
2 0.38046875 0.69921875 0.03046875 0.02265625
2 0.353125 0.66484375 0.02734375 0.02265625
2 0.3125 0.6515625 0.0359375 0.0203125
2 0.3234375 0.66953125 0.0296875 0.02265625
2 0.2984375 0.68046875 0.03125 0.02421875
2 0.31875 0.69375 0.0328125 0.02265625
2 0.34375 0.684375 0.028125 0.02265625