0 0.45703125 0.640625 0.02578125 0.02109375
0 0.44140625 0.6734375 0.02890625 0.0203125
0 0.45 0.69140625 0.02421875 0.02109375
0 0.4734375 0.6984375 0.0296875 0.0203125
0 0.4234375 0.70546875 0.0328125 0.021875
0 0.44453125 0.7078125 0.03046875 0.02109375
0 0.46953125 0.71171875 0.03046875 0.02265625
0 0.39375 0.71015625 0.02421875 0.0171875
0 0.40859375 0.71875 0.025 0.01796875
0 0.4203125 0.7328125 0.03125 0.0203125
0 0.43828125 0.72109375 0.03046875 0.01953125
0 0.4625 0.72734375 0.0265625 0.01875
0 0.44375 0.74140625 0.02890625 0.01640625
0 0.3953125 0.73671875 0.0328125 0.0171875
0 0.40078125 0.7515625 0.02734375 0.0203125
0 0.4265625 0.75 0.028125 0.02421875
0 0.45 0.75546875 0.02578125 0.0203125
2 0.4625 0.62578125 0.0296875 0.02109375
2 0.48359375 0.615625 0.028125 0.01953125
2 0.5078125 0.61953125 0.03046875 0.0203125
2 0.49140625 0.63046875 0.02734375 0.01796875
2 0.5140625 0.63671875 0.0234375 0.01953125
2 0.49375 0.64609375 0.0265625 0.01953125
2 0.51953125 0.65390625 0.02734375 0.0171875
2 0.52421875 0.66875 0.02890625 0.02109375
2 0.42421875 0.65390625 0.02578125 0.0203125
2 0.4484375 0.65546875 0.02421875 0.01875
2 0.4734375 0.65859375 0.02578125 0.01953125
2 0.4953125 0.6640625 0.025 0.01796875
2 0.48125 0.67421875 0.02421875 0.01953125
2 0.41875 0.671875 0.0296875 0.0203125
2 0.50546875 0.6765625 0.025 0.0203125
2 0.490625 0.68984375 0.02734375 0.01953125
2 0.5140625 0.69296875 0.02734375 0.0203125
2 0.503125 0.7078125 0.03125 0.01796875
2 0.4875 0.7203125 0.02421875 0.0203125
2 0.40546875 0.6921875 0.0265625 0.01953125
2 0.440625 0.6390625 0.02421875 0.02109375
2 0.50390625 0.73359375 0.02890625 0.021875
2 0.49453125 0.74765625 0.02734375 0.021875
2 0.471875 0.7546875 0.02578125 0.02265625
2 0.3609375 0.7515625 0.02890625 0.02265625
2 0.37578125 0.71875 0.02421875 0.0203125
2 0.3796875 0.7328125 0.0234375 0.02109375
2 0.371875 0.765625 0.02890625 0.01875
2 0.38125 0.7796875 0.0296875 0.02421875
0 0.41484375 0.765625 0.02734375 0.0203125