0 0.56640625 0.27734375 0.040625 0.065625
0 0.5984375 0.28984375 0.0453125 0.05625
0 0.57265625 0.33359375 0.0546875 0.05
0 0.584375 0.378125 0.0375 0.053125
0 0.61875 0.32421875 0.04375 0.046875
0 0.6171875 0.3671875 0.040625 0.046875
0 0.60703125 0.41484375 0.046875 0.053125
0 0.63359375 0.28203125 0.04375 0.0625
0 0.66171875 0.3109375 0.04375 0.0484375
0 0.65078125 0.353125 0.040625 0.05
0 0.64453125 0.39609375 0.0453125 0.05625
0 0.64296875 0.440625 0.0421875 0.053125
0 0.646875 0.48046875 0.040625 0.059375
0 0.7109375 0.3 0.0453125 0.059375
0 0.6890625 0.34609375 0.04375 0.0546875
0 0.675 0.38125 0.046875 0.05625
0 0.68125 0.4234375 0.046875 0.053125
0 0.67890625 0.4671875 0.04375 0.05
0 0.675 0.509375 0.04375 0.0546875
0 0.71875 0.3953125 0.046875 0.05
0 0.72734375 0.35078125 0.040625 0.0578125
0 0.721875 0.4359375 0.0453125 0.05
0 0.7140625 0.475 0.04375 0.0546875
0 0.7125 0.5140625 0.040625 0.059375
0 0.70078125 0.565625 0.0390625 0.0546875
0 0.7609375 0.41953125 0.040625 0.046875
0 0.759375 0.37265625 0.0375 0.05
0 0.79140625 0.35234375 0.04375 0.053125
0 0.79453125 0.403125 0.0375 0.0515625
0 0.8265625 0.37421875 0.0375 0.05625
0 0.85859375 0.35078125 0.040625 0.053125
0 0.8515625 0.4015625 0.0421875 0.05
0 0.82265625 0.42421875 0.0421875 0.053125
0 0.7875 0.44921875 0.040625 0.05
0 0.7515625 0.46015625 0.0421875 0.05625
0 0.746875 0.50625 0.040625 0.05625
0 0.78515625 0.48828125 0.040625 0.05625
0 0.8203125 0.4734375 0.0375 0.0515625
0 0.85234375 0.46015625 0.04375 0.053125
0 0.846875 0.50859375 0.0421875 0.0515625
0 0.81328125 0.52421875 0.04375 0.0515625
0 0.81015625 0.57109375 0.04375 0.053125
0 0.77890625 0.5375 0.04375 0.0515625
0 0.771875 0.57890625 0.04375 0.05625
0 0.74453125 0.55234375 0.046875 0.05625
0 0.72421875 0.59375 0.04375 0.053125
2 0.4859375 0.2515625 0.040625 0.05625
2 0.48125 0.29921875 0.0375 0.046875
2 0.52421875 0.2359375 0.04375 0.05
2 0.521875 0.2796875 0.04375 0.046875
2 0.51328125 0.32421875 0.040625 0.053125
2 0.53046875 0.37421875 0.0453125 0.0515625
2 0.54453125 0.33359375 0.034375 0.05
2 0.684375 0.25625 0.0421875 0.05
2 0.721875 0.2328125 0.04375 0.053125
2 0.74765625 0.2625 0.0421875 0.053125
2 0.74609375 0.30546875 0.0375 0.0453125
2 0.7875 0.23515625 0.0375 0.05625
2 0.78203125 0.28671875 0.0453125 0.05
2 0.8203125 0.25703125 0.04375 0.059375
2 0.82421875 0.30546875 0.046875 0.0484375
2 0.85546875 0.29140625 0.0453125 0.059375
2 0.87578125 0.3265625 0.040625 0.0421875
2 0.86640625 0.5625 0.0453125 0.053125
2 0.8640625 0.61015625 0.046875 0.05
2 0.85390625 0.6578125 0.04375 0.059375
2 0.82734375 0.62265625 0.05 0.0546875
2 0.81328125 0.66171875 0.04375 0.0546875
2 0.79921875 0.6984375 0.0421875 0.0484375
2 0.78203125 0.63515625 0.0484375 0.053125
2 0.76328125 0.6796875 0.04375 0.0515625
2 0.7328125 0.67109375 0.0453125 0.0625
2 0.6703125 0.60703125 0.0453125 0.053125
2 0.6984375 0.634375 0.046875 0.053125