0 0.371875 0.66328125 0.02890625 0.02109375
0 0.3390625 0.63671875 0.0296875 0.0234375
0 0.36484375 0.6328125 0.028125 0.02109375
0 0.3796875 0.6453125 0.0265625 0.021875
0 0.3984375 0.65546875 0.03203125 0.021875
0 0.403125 0.6390625 0.03203125 0.0203125
0 0.3578125 0.6 0.0328125 0.02421875
0 0.38359375 0.60859375 0.025 0.021875
0 0.4015625 0.6203125 0.028125 0.021875
0 0.42890625 0.628125 0.03359375 0.0203125
0 0.409375 0.60234375 0.028125 0.0203125
0 0.434375 0.61328125 0.0328125 0.0203125
0 0.4046875 0.58671875 0.0375 0.02109375
0 0.40625 0.56796875 0.03203125 0.02109375
0 0.43671875 0.57734375 0.0265625 0.0203125
0 0.42734375 0.55703125 0.02578125 0.02265625
0 0.43828125 0.59375 0.0296875 0.0203125
0 0.4609375 0.5875 0.03125 0.021875
0 0.45703125 0.60625 0.02890625 0.021875
0 0.4828125 0.61328125 0.02890625 0.0203125
0 0.5109375 0.62734375 0.03359375 0.0234375
0 0.48515625 0.59453125 0.034375 0.025
0 0.484375 0.575 0.03125 0.0203125
0 0.4609375 0.56875 0.03203125 0.02109375
0 0.4515625 0.54921875 0.03125 0.025
0 0.4609375 0.53046875 0.03359375 0.0203125
0 0.45703125 0.51171875 0.0296875 0.02265625
0 0.4796875 0.5015625 0.0296875 0.02265625
0 0.4828125 0.51953125 0.028125 0.0203125
0 0.4890625 0.5359375 0.02890625 0.0203125
0 0.47421875 0.5515625 0.0328125 0.02265625
0 0.5 0.559375 0.02734375 0.02265625
0 0.5234375 0.575 0.03359375 0.0203125
0 0.53125 0.55703125 0.02890625 0.021875
0 0.55625 0.54765625 0.03203125 0.01953125
0 0.559375 0.56484375 0.03125 0.02109375
0 0.515625 0.54765625 0.03125 0.0203125
0 0.51328125 0.52734375 0.03125 0.021875
0 0.5390625 0.53671875 0.028125 0.0234375
0 0.559375 0.52734375 0.02890625 0.02421875
0 0.5828125 0.5171875 0.03125 0.0203125
0 0.50625 0.51015625 0.03359375 0.0203125
0 0.534375 0.5171875 0.0296875 0.0203125
0 0.52890625 0.50078125 0.02890625 0.01875
0 0.50859375 0.49375 0.02890625 0.0234375
0 0.4828125 0.484375 0.03203125 0.021875
0 0.503125 0.4734375 0.02890625 0.0265625
0 0.5234375 0.46171875 0.028125 0.0234375
0 0.528125 0.48125 0.0296875 0.02109375
0 0.54609375 0.46875 0.0296875 0.021875
0 0.5703125 0.45859375 0.028125 0.0203125
0 0.56875 0.4765625 0.03203125 0.02265625
0 0.553125 0.4890625 0.02734375 0.01953125
0 0.55546875 0.50703125 0.02890625 0.0203125
0 0.58203125 0.4953125 0.03359375 0.025
0 0.60078125 0.4859375 0.03203125 0.02265625
0 0.5953125 0.46640625 0.034375 0.0234375
0 0.53125 0.43515625 0.03359375 0.025
2 0.56796875 0.35390625 0.02734375 0.02265625
2 0.54453125 0.3625 0.02890625 0.0234375
2 0.52421875 0.37109375 0.03203125 0.02578125
2 0.5015625 0.378125 0.0265625 0.021875
2 0.5171875 0.39375 0.0296875 0.021875
2 0.490625 0.4 0.028125 0.02265625
2 0.490625 0.41953125 0.0296875 0.021875
2 0.515625 0.41171875 0.028125 0.021875
2 0.4734375 0.43125 0.03359375 0.02578125
2 0.45546875 0.44453125 0.03125 0.021875
2 0.47734375 0.45390625 0.0265625 0.0203125
2 0.4953125 0.440625 0.021875 0.021875
2 0.51484375 0.4296875 0.021875 0.01875
2 0.5390625 0.41796875 0.028125 0.01953125
2 0.53828125 0.40234375 0.025 0.021875
2 0.53828125 0.384375 0.03203125 0.025
2 0.559375 0.39609375 0.03125 0.0265625
2 0.5609375 0.37578125 0.028125 0.0234375
2 0.5828125 0.36953125 0.03125 0.01875
2 0.59296875 0.35625 0.02890625 0.021875
2 0.61640625 0.36015625 0.02890625 0.0234375
2 0.5828125 0.38515625 0.03125 0.0234375
2 0.6078125 0.37578125 0.0296875 0.0234375
2 0.60546875 0.3953125 0.03125 0.021875
2 0.5875 0.4046875 0.0296875 0.02265625
2 0.5609375 0.41484375 0.03203125 0.01796875
2 0.5578125 0.43359375 0.025 0.0203125
2 0.58203125 0.4265625 0.03125 0.02109375
2 0.58046875 0.4421875 0.03125 0.0265625
2 0.60390625 0.4328125 0.0296875 0.02265625
2 0.603125 0.41484375 0.0296875 0.0203125
2 0.62265625 0.40703125 0.0328125 0.02734375
2 0.6296875 0.3859375 0.02734375 0.0296875
2 0.6484375 0.4 0.03125 0.0234375
2 0.653125 0.41875 0.02890625 0.0203125
2 0.628125 0.42734375 0.028125 0.02109375
2 0.6546875 0.4359375 0.03203125 0.02578125
2 0.6296875 0.44375 0.03515625 0.021875
2 0.65234375 0.45703125 0.0375 0.02578125
2 0.6265625 0.46328125 0.0328125 0.02578125
2 0.45625 0.4625 0.034375 0.0234375
2 0.4328125 0.46953125 0.0296875 0.0234375
2 0.45234375 0.47890625 0.02890625 0.02421875
2 0.6390625 0.4796875 0.03203125 0.0265625
2 0.6359375 0.49921875 0.028125 0.0234375
2 0.6140625 0.5078125 0.03359375 0.0234375
2 0.63359375 0.51953125 0.0328125 0.0234375
2 0.621875 0.534375 0.0328125 0.02578125
2 0.60078125 0.51953125 0.03125 0.02265625
2 0.42890625 0.490625 0.028125 0.02421875
2 0.41328125 0.503125 0.03125 0.0234375
2 0.41953125 0.521875 0.0296875 0.02265625
2 0.41171875 0.5390625 0.03203125 0.0234375
2 0.43828125 0.53359375 0.028125 0.0234375
2 0.36796875 0.578125 0.034375 0.0234375
2 0.33359375 0.58828125 0.0359375 0.028125
2 0.3140625 0.5953125 0.0296875 0.0234375
2 0.2875 0.60546875 0.0359375 0.0265625
2 0.27265625 0.6203125 0.03125 0.02578125
2 0.29140625 0.634375 0.03515625 0.0234375
2 0.3125 0.61875 0.02890625 0.025
2 0.334375 0.6078125 0.03359375 0.02265625
2 0.3171875 0.6375 0.028125 0.02265625
2 0.296875 0.653125 0.0328125 0.02265625
2 0.321875 0.65625 0.03125 0.025
2 0.34453125 0.6609375 0.03203125 0.025
2 0.3046875 0.6703125 0.03203125 0.02421875
2 0.32421875 0.675 0.03125 0.02265625
2 0.30859375 0.690625 0.03359375 0.0234375
2 0.33125 0.69765625 0.03203125 0.0234375
2 0.34765625 0.68125 0.03203125 0.025
2 0.36796875 0.6921875 0.03203125 0.02421875
2 0.3875 0.68046875 0.0328125 0.02265625
2 0.40703125 0.66875 0.0328125 0.021875
2 0.43125 0.659375 0.03125 0.02421875
2 0.4546875 0.65078125 0.034375 0.0234375
2 0.4578125 0.63203125 0.03203125 0.02578125
2 0.475 0.64375 0.0328125 0.025
2 0.496875 0.6546875 0.03203125 0.028125
2 0.525 0.646875 0.02734375 0.02109375
2 0.54453125 0.6609375 0.0359375 0.02421875
2 0.54921875 0.64140625 0.0265625 0.0265625
2 0.56796875 0.65546875 0.025 0.0234375
2 0.5875 0.64609375 0.0296875 0.02421875
2 0.56875 0.63203125 0.03125 0.021875
2 0.54921875 0.6203125 0.0359375 0.025
2 0.52890625 0.609375 0.03515625 0.0234375
2 0.51484375 0.596875 0.028125 0.02421875
2 0.5515625 0.6 0.0359375 0.0265625
2 0.53125 0.58515625 0.03515625 0.0265625
2 0.56640625 0.58515625 0.02890625 0.02578125
2 0.5921875 0.584375 0.0328125 0.0203125
2 0.59765625 0.5671875 0.03125 0.02109375
2 0.5921875 0.53828125 0.028125 0.021875
2 0.609375 0.55078125 0.03203125 0.025
2 0.6203125 0.571875 0.03515625 0.02734375
2 0.61796875 0.59140625 0.03515625 0.02421875
2 0.59453125 0.60078125 0.03125 0.02265625
2 0.56875 0.61015625 0.0296875 0.02578125
2 0.5953125 0.621875 0.03359375 0.02265625
2 0.6140625 0.61328125 0.02890625 0.0265625
2 0.60859375 0.6375 0.0296875 0.0234375
2 0.39296875 0.6984375 0.02734375 0.0234375
2 0.41875 0.7015625 0.03125 0.01953125
2 0.3359375 0.71640625 0.03203125 0.0234375
2 0.3625 0.7125 0.0296875 0.025
2 0.3890625 0.7171875 0.03671875 0.0265625
2 0.41953125 0.7203125 0.034375 0.02421875
2 0.3078125 0.72265625 0.03359375 0.02734375
2 0.3265625 0.73515625 0.03203125 0.02109375
2 0.353125 0.73203125 0.03515625 0.02265625
2 0.37890625 0.734375 0.034375 0.0234375
2 0.28046875 0.7265625 0.03515625 0.02578125
2 0.2984375 0.74609375 0.034375 0.02734375
2 0.32109375 0.75546875 0.0375 0.02421875
2 0.346875 0.75234375 0.0359375 0.0296875
2 0.3765625 0.7546875 0.03828125 0.03046875
2 0.4 0.7484375 0.03203125 0.025
2 0.2671875 0.75 0.03359375 0.0265625
2 0.28203125 0.78671875 0.0359375 0.021875
2 0.28359375 0.76640625 0.0296875 0.0203125
2 0.3078125 0.76953125 0.03359375 0.02421875
2 0.2421875 0.76171875 0.03359375 0.02265625
2 0.2578125 0.7796875 0.03203125 0.02578125
2 0.23125 0.7828125 0.0359375 0.0296875
2 0.24375 0.79765625 0.034375 0.02578125