2 0.33203125 0.659375 0.034375 0.028125
2 0.325 0.67890625 0.0359375 0.025
2 0.3265625 0.7 0.034375 0.025
2 0.35234375 0.68125 0.0359375 0.021875
2 0.3609375 0.66328125 0.0296875 0.0234375
0 0.3890625 0.67421875 0.034375 0.021875
2 0.38984375 0.65859375 0.0328125 0.021875
2 0.3765625 0.690625 0.0296875 0.0203125
2 0.3546875 0.703125 0.0375 0.0234375
2 0.390625 0.7078125 0.03125 0.021875
2 0.40625 0.69453125 0.028125 0.0234375
2 0.4296875 0.69296875 0.03125 0.021875
2 0.425 0.7109375 0.03125 0.0234375
2 0.4125 0.7265625 0.034375 0.0234375
0 0.45078125 0.7265625 0.0359375 0.025
2 0.45390625 0.70703125 0.0328125 0.025