2 0.4078125 0.640625 0.021875 0.01875
2 0.421875 0.6546875 0.021875 0.01875
2 0.6125 0.509375 0.021875 0.0171875
2 0.63359375 0.50703125 0.021875 0.0171875
2 0.5421875 0.5234375 0.025 0.01875
2 0.4015625 0.65703125 0.021875 0.01875
2 0.58984375 0.51015625 0.021875 0.0171875
2 0.4171875 0.66953125 0.025 0.01875
2 0.3734375 0.71796875 0.021875 0.01875
2 0.3734375 0.70078125 0.021875 0.01875
2 0.525 0.52890625 0.0234375 0.01875
2 0.371875 0.734375 0.025 0.01875
2 0.5421875 0.5390625 0.021875 0.0171875
2 0.56640625 0.51796875 0.021875 0.015625
2 0.35078125 0.721875 0.025 0.01875
2 0.409375 0.684375 0.021875 0.0171875
2 0.39609375 0.7140625 0.021875 0.01875
2 0.57734375 0.5421875 0.021875 0.0171875
2 0.5609375 0.54921875 0.021875 0.0171875
2 0.3984375 0.69921875 0.021875 0.015625
2 0.646875 0.5203125 0.01875 0.015625
2 0.59765625 0.5390625 0.021875 0.015625
2 0.3953125 0.7296875 0.021875 0.01875
2 0.55859375 0.5296875 0.021875 0.01875
2 0.61796875 0.53515625 0.0234375 0.0171875
2 0.58515625 0.5265625 0.021875 0.015625
2 0.39453125 0.67265625 0.021875 0.01875
2 0.66484375 0.53046875 0.0234375 0.015625
2 0.38515625 0.68671875 0.021875 0.01875
2 0.6359375 0.53359375 0.021875 0.015625
2 0.6265625 0.521875 0.021875 0.0171875
2 0.60546875 0.5234375 0.021875 0.015625