2 0.6640625 0.44375 0.025 0.034375
2 0.6859375 0.45703125 0.0265625 0.034375
2 0.7 0.40703125 0.028125 0.03125
2 0.73046875 0.41796875 0.028125 0.0328125
2 0.7734375 0.51953125 0.028125 0.034375
2 0.71171875 0.43671875 0.0265625 0.03125
2 0.7125 0.46484375 0.0265625 0.034375
2 0.796875 0.5328125 0.028125 0.03125
2 0.75 0.50234375 0.025 0.0328125
2 0.68359375 0.4265625 0.025 0.034375
2 0.73359375 0.48046875 0.0265625 0.034375
2 0.75390625 0.4359375 0.025 0.03125
2 0.80234375 0.44296875 0.028125 0.03125
2 0.771875 0.45390625 0.028125 0.03125
2 0.7921875 0.47265625 0.028125 0.0328125
2 0.76953125 0.4875 0.025 0.03125
2 0.73671875 0.4546875 0.01875 0.03125
2 0.75078125 0.46796875 0.021875 0.03125