2 0.61171875 0.8421875 0.021875 0.028125
2 0.59375 0.825 0.021875 0.028125
2 0.5546875 0.81953125 0.0203125 0.021875
2 0.5640625 0.8328125 0.0203125 0.021875
2 0.559375 0.84921875 0.01875 0.0203125
2 0.575 0.88359375 0.015625 0.01875
2 0.58125 0.903125 0.015625 0.0171875
2 0.5609375 0.89921875 0.015625 0.01875
2 0.584375 0.92734375 0.0171875 0.025
2 0.59453125 0.940625 0.0125 0.0171875
2 0.5828125 0.9515625 0.015625 0.01875
2 0.60234375 0.95390625 0.01875 0.0203125
2 0.603125 0.97421875 0.01875 0.0265625
2 0.5625 0.871875 0.015625 0.021875
2 0.56875 0.86171875 0.015625 0.021875
2 0.53828125 0.86328125 0.01875 0.0296875
2 0.5234375 0.86328125 0.015625 0.03125
2 0.775 0.6421875 0.0234375 0.028125
2 0.75625 0.290625 0.025 0.025
2 0.82265625 0.4296875 0.01875 0.021875
2 0.8234375 0.45234375 0.015625 0.021875
1 0.7734375 0.47109375 0.01875 0.01875
1 0.76484375 0.4578125 0.015625 0.01875
1 0.75078125 0.4625 0.015625 0.01875
1 0.76171875 0.4765625 0.0171875 0.021875
1 0.79375 0.4828125 0.01875 0.0203125
1 0.78125 0.484375 0.0125 0.01875
1 0.78046875 0.4515625 0.0125 0.01875
1 0.78671875 0.465625 0.0125 0.01875
1 0.8015625 0.465625 0.0140625 0.025
0 0.753125 0.4203125 0.01875 0.025
0 0.76953125 0.43984375 0.015625 0.021875
0 0.7578125 0.43984375 0.015625 0.01875
0 0.71953125 0.4109375 0.015625 0.025
0 0.734375 0.446875 0.0140625 0.015625
1 0.74140625 0.5109375 0.0125 0.0234375
0 0.728125 0.503125 0.0125 0.01875
0 0.725 0.52109375 0.015625 0.0234375
0 0.73828125 0.52734375 0.0140625 0.0171875
0 0.74765625 0.490625 0.0140625 0.01875
0 0.76484375 0.4953125 0.015625 0.01875
0 0.7859375 0.50625 0.01875 0.021875
2 0.78515625 0.425 0.0140625 0.021875
0 0.79765625 0.43828125 0.015625 0.01875
2 0.81015625 0.440625 0.0140625 0.0203125
2 0.815625 0.4703125 0.0171875 0.03125
2 0.753125 0.5359375 0.01875 0.025