0 0.37421875 0.68125 0.01875 0.0140625
0 0.3875 0.68359375 0.01640625 0.0125
0 0.36640625 0.66875 0.01875 0.01484375
0 0.38046875 0.67109375 0.01796875 0.01484375
0 0.39609375 0.67265625 0.01875 0.015625
0 0.375 0.6578125 0.01875 0.0125
0 0.359375 0.65859375 0.01796875 0.0125
0 0.353125 0.64765625 0.01796875 0.01484375
0 0.3703125 0.64765625 0.01875 0.0140625
0 0.38359375 0.64921875 0.01875 0.01328125
0 0.38984375 0.66015625 0.01640625 0.0140625
0 0.40625 0.6640625 0.0171875 0.0125
0 0.41953125 0.66484375 0.0203125 0.015625
0 0.415625 0.6546875 0.01796875 0.01328125
0 0.40078125 0.65234375 0.01875 0.01328125
0 0.39609375 0.64140625 0.01640625 0.0140625
0 0.38203125 0.6390625 0.01875 0.01328125
0 0.36640625 0.6390625 0.02109375 0.0140625
0 0.375 0.628125 0.02109375 0.0140625
0 0.390625 0.6296875 0.01640625 0.0125
0 0.40625 0.63125 0.01875 0.0125
0 0.41171875 0.64140625 0.01875 0.01484375
0 0.4265625 0.64375 0.0203125 0.015625
0 0.421875 0.63203125 0.0203125 0.01328125
0 0.4171875 0.6234375 0.01953125 0.0125
0 0.40234375 0.61953125 0.01875 0.0125
0 0.3859375 0.61875 0.021875 0.0125
0 0.3828125 0.6078125 0.0203125 0.01328125
0 0.4 0.60859375 0.01953125 0.01328125
0 0.41484375 0.6046875 0.01875 0.01328125
0 0.4109375 0.59375 0.0203125 0.0140625
0 0.3953125 0.59765625 0.01796875 0.01328125
0 0.3796875 0.596875 0.0203125 0.0125
0 0.36875 0.5859375 0.0203125 0.01484375
0 0.38359375 0.5859375 0.0203125 0.0140625
0 0.3984375 0.5875 0.0171875 0.0125
0 0.3890625 0.575 0.01953125 0.01328125
0 0.37421875 0.57421875 0.01953125 0.0140625
0 0.359375 0.571875 0.01875 0.0140625
0 0.36875 0.5625 0.0171875 0.01328125
0 0.35546875 0.559375 0.01796875 0.01328125
0 0.3453125 0.5671875 0.01796875 0.0125
0 0.3 0.56953125 0.0171875 0.0125
0 0.3109375 0.5765625 0.0203125 0.01328125
0 0.2921875 0.5796875 0.01796875 0.0125
0 0.284375 0.5890625 0.01796875 0.0140625
2 0.3453125 0.70859375 0.0234375 0.0171875
2 0.33671875 0.696875 0.01640625 0.0125
2 0.3546875 0.69765625 0.01640625 0.0140625
2 0.3703125 0.6984375 0.01875 0.0125
2 0.3328125 0.68671875 0.0203125 0.01328125
2 0.3484375 0.68515625 0.01953125 0.0140625
2 0.34140625 0.67421875 0.0203125 0.0140625
2 0.3234375 0.678125 0.01875 0.01484375
2 0.315625 0.665625 0.01875 0.01328125
2 0.3328125 0.665625 0.01875 0.01328125
2 0.32578125 0.65390625 0.01796875 0.015625
2 0.33359375 0.640625 0.01953125 0.0125
2 0.34140625 0.64921875 0.01640625 0.01484375
2 0.34609375 0.66015625 0.01640625 0.0125
2 0.34921875 0.63359375 0.01796875 0.01328125
2 0.41796875 0.68046875 0.0203125 0.01328125
2 0.34375 0.62265625 0.021875 0.01484375
2 0.36015625 0.621875 0.01640625 0.01328125
2 0.35234375 0.61328125 0.015625 0.01015625
2 0.3703125 0.6125 0.01796875 0.0109375
2 0.3640625 0.6046875 0.01875 0.015625
2 0.3453125 0.6015625 0.0203125 0.01484375
2 0.35390625 0.5890625 0.015625 0.015625
2 0.33828125 0.58984375 0.01875 0.015625
2 0.3296875 0.5828125 0.0171875 0.0125
2 0.32109375 0.59296875 0.01640625 0.0125
2 0.303125 0.59609375 0.01875 0.0125
2 0.26328125 0.584375 0.01875 0.01328125
2 0.246875 0.590625 0.01875 0.01484375
2 0.2578125 0.5984375 0.01875 0.01640625
2 0.26953125 0.60546875 0.0171875 0.0125
2 0.2421875 0.6046875 0.01953125 0.0140625
2 0.2546875 0.6125 0.015625 0.01328125
2 0.26640625 0.61953125 0.0203125 0.0140625
2 0.2515625 0.625 0.01796875 0.0125
2 0.23203125 0.6171875 0.0203125 0.0140625
2 0.2359375 0.62890625 0.02109375 0.01484375
2 0.2140625 0.62578125 0.02109375 0.01484375
2 0.2109375 0.6390625 0.02109375 0.015625
2 0.23125 0.64140625 0.02109375 0.0140625
2 0.2265625 0.65234375 0.02109375 0.015625
2 0.43984375 0.66171875 0.0171875 0.015625
2 0.45078125 0.6515625 0.01875 0.01328125
2 0.45703125 0.6609375 0.01875 0.01328125
2 0.4421875 0.640625 0.01640625 0.0140625
2 0.4515625 0.6328125 0.01875 0.01328125
2 0.459375 0.621875 0.01875 0.0140625
2 0.465625 0.6109375 0.01875 0.01328125
2 0.45078125 0.6125 0.01796875 0.01328125
2 0.44609375 0.621875 0.01875 0.0125
2 0.4296875 0.61953125 0.01875 0.01328125
2 0.43671875 0.61015625 0.01640625 0.0125
2 0.4421875 0.6 0.01640625 0.0140625
2 0.4515625 0.590625 0.01953125 0.01328125
2 0.4578125 0.60078125 0.0203125 0.01328125
2 0.4359375 0.5890625 0.01796875 0.01328125
2 0.42890625 0.5984375 0.01796875 0.01328125
2 0.421875 0.58671875 0.01875 0.0125
2 0.2703125 0.571875 0.02109375 0.0140625
2 0.2796875 0.5609375 0.01875 0.0125
2 0.31484375 0.55390625 0.01796875 0.0125
2 0.32578125 0.56171875 0.0171875 0.01328125
2 0.309375 0.54453125 0.0203125 0.01328125
2 0.325 0.54453125 0.01640625 0.01171875
2 0.3265625 0.53359375 0.0171875 0.01328125
2 0.33984375 0.53828125 0.01875 0.01171875
2 0.33671875 0.55078125 0.01796875 0.0109375
2 0.35078125 0.5484375 0.01796875 0.0125
2 0.365625 0.5453125 0.01796875 0.01328125
2 0.38125 0.54375 0.01796875 0.01328125
2 0.39609375 0.54375 0.01640625 0.01328125
2 0.38515625 0.55390625 0.01953125 0.0125
2 0.40078125 0.5546875 0.01875 0.0140625
2 0.415625 0.5515625 0.01953125 0.01484375
2 0.4296875 0.55546875 0.0203125 0.01328125
2 0.41015625 0.5609375 0.01953125 0.01328125
2 0.38984375 0.56328125 0.015625 0.0125
2 0.415625 0.5734375 0.01796875 0.01171875
2 0.43828125 0.5671875 0.01796875 0.0125
2 0.4234375 0.5640625 0.01796875 0.01171875
2 0.42890625 0.5765625 0.015625 0.0125
2 0.44375 0.5796875 0.02109375 0.0125
2 0.34375 0.57734375 0.0203125 0.0140625
2 0.33515625 0.57109375 0.01484375 0.0125