2 0.0796875 0.59140625 0.0421875 0.04375
2 0.0765625 0.5421875 0.040625 0.046875
2 0.0765625 0.49296875 0.040625 0.0453125
2 0.1140625 0.56328125 0.0375 0.05
2 0.1078125 0.6234375 0.0359375 0.0515625
2 0.13984375 0.5984375 0.0375 0.040625
2 0.1578125 0.6390625 0.0390625 0.0484375
2 0.1109375 0.515625 0.0375 0.046875
2 0.1078125 0.47109375 0.04375 0.05
2 0.140625 0.49765625 0.0375 0.05
2 0.14765625 0.55 0.0390625 0.05625
2 0.1734375 0.5890625 0.0375 0.053125
2 0.19453125 0.628125 0.0375 0.0515625
2 0.2375 0.63203125 0.040625 0.053125
2 0.140625 0.44765625 0.0375 0.046875
2 0.17265625 0.52578125 0.0375 0.046875
2 0.175 0.47890625 0.0375 0.0484375
2 0.16796875 0.428125 0.0359375 0.046875
2 0.19921875 0.45234375 0.034375 0.0421875
2 0.1984375 0.55703125 0.0421875 0.046875
2 0.21875 0.5859375 0.0328125 0.04375
2 0.228125 0.546875 0.034375 0.046875
2 0.20703125 0.5109375 0.03125 0.04375
2 0.2234375 0.484375 0.034375 0.04375
2 0.24609375 0.51015625 0.034375 0.04375
2 0.25390625 0.46953125 0.0296875 0.04375
2 0.196875 0.4078125 0.040625 0.05
2 0.22890625 0.43671875 0.034375 0.046875
2 0.2265625 0.3875 0.0375 0.053125
2 0.25703125 0.4203125 0.034375 0.046875
2 0.2578125 0.37109375 0.034375 0.0484375
2 0.2515625 0.58515625 0.034375 0.053125
2 0.2640625 0.54609375 0.0359375 0.05
2 0.2765625 0.51015625 0.034375 0.0515625
2 0.2828125 0.46640625 0.034375 0.0484375
2 0.27265625 0.621875 0.0328125 0.04375
2 0.28515625 0.58046875 0.0359375 0.05
2 0.30625 0.61640625 0.0359375 0.05
2 0.28203125 0.3984375 0.0328125 0.046875
2 0.28125 0.35546875 0.0375 0.05
2 0.30859375 0.384375 0.0328125 0.046875
2 0.31015625 0.34453125 0.034375 0.04375
2 0.315625 0.42265625 0.0375 0.046875
2 0.3109375 0.46484375 0.0328125 0.0546875
2 0.309375 0.5046875 0.034375 0.05
2 0.2984375 0.54609375 0.0328125 0.04375
2 0.31640625 0.5765625 0.034375 0.046875
2 0.3390625 0.609375 0.034375 0.05
2 0.36953125 0.60390625 0.034375 0.0453125
2 0.40078125 0.596875 0.0328125 0.05
2 0.3515625 0.5703125 0.0359375 0.046875
2 0.38203125 0.559375 0.034375 0.04375
2 0.40546875 0.54921875 0.0328125 0.0390625
2 0.33125 0.540625 0.0328125 0.04375
2 0.33671875 0.49453125 0.0359375 0.046875
2 0.3421875 0.453125 0.034375 0.0390625
2 0.36484375 0.4875 0.034375 0.046875
2 0.359375 0.5296875 0.03125 0.0421875
2 0.38515625 0.515625 0.034375 0.040625
2 0.41484375 0.51640625 0.03125 0.0375
2 0.40078125 0.48671875 0.0328125 0.040625
2 0.378125 0.4578125 0.0375 0.040625
2 0.36328125 0.42734375 0.034375 0.040625
2 0.34375 0.4015625 0.0328125 0.046875
2 0.365625 0.384375 0.028125 0.04375
2 0.3453125 0.3578125 0.0375 0.0453125
2 0.32734375 0.31484375 0.034375 0.046875
2 0.35546875 0.2828125 0.0375 0.04375
2 0.36171875 0.32109375 0.0328125 0.040625
2 0.3875 0.3109375 0.0296875 0.04375
2 0.3796875 0.271875 0.03125 0.0484375
2 0.38125 0.35234375 0.028125 0.0421875
2 0.40390625 0.33984375 0.028125 0.0421875
2 0.39765625 0.37734375 0.034375 0.046875
2 0.38984375 0.4171875 0.03125 0.04375
2 0.41015625 0.44765625 0.03125 0.04375
2 0.41796875 0.40859375 0.028125 0.0375
2 0.42890625 0.48203125 0.034375 0.04375
2 0.43359375 0.44375 0.034375 0.040625
2 0.453125 0.46875 0.03125 0.046875
2 0.44765625 0.5109375 0.0375 0.046875