2 0.3546875 0.496875 0.028125 0.0234375
2 0.3828125 0.4890625 0.0296875 0.02578125
2 0.41328125 0.4953125 0.02890625 0.02578125
2 0.440625 0.48984375 0.025 0.02265625
2 0.465625 0.5015625 0.03046875 0.0265625
2 0.4390625 0.51015625 0.028125 0.02265625
2 0.41328125 0.51640625 0.02734375 0.021875
2 0.38046875 0.51328125 0.03359375 0.02265625
2 0.36171875 0.5296875 0.03125 0.028125
2 0.33046875 0.5328125 0.03125 0.0265625
2 0.3 0.53828125 0.0328125 0.025
2 0.32578125 0.55390625 0.03125 0.0234375
2 0.31015625 0.57265625 0.03203125 0.0265625
2 0.28828125 0.58671875 0.0296875 0.02578125
2 0.31953125 0.59453125 0.0296875 0.02578125
2 0.340625 0.578125 0.02734375 0.02890625
2 0.3484375 0.59921875 0.03203125 0.02734375
2 0.37890625 0.5953125 0.0359375 0.02578125
2 0.36875 0.57578125 0.0296875 0.0234375
2 0.35625 0.5546875 0.03359375 0.02578125
2 0.4046875 0.58046875 0.0359375 0.028125
2 0.38984375 0.56015625 0.028125 0.02578125
2 0.38828125 0.53828125 0.03671875 0.02421875
2 0.4234375 0.5625 0.03203125 0.028125
2 0.42109375 0.53828125 0.03203125 0.02265625
2 0.44765625 0.534375 0.02734375 0.0234375
2 0.434375 0.59375 0.0359375 0.02578125
2 0.45390625 0.578125 0.0328125 0.02265625
2 0.4515625 0.5578125 0.021875 0.0265625
2 0.47890625 0.54453125 0.04140625 0.0265625
2 0.46796875 0.5234375 0.02421875 0.02109375
2 0.47734375 0.56484375 0.0328125 0.0265625
2 0.48828125 0.5875 0.0296875 0.03046875
2 0.46015625 0.60390625 0.03359375 0.02890625
2 0.490625 0.60859375 0.0328125 0.02578125
2 0.3359375 0.5109375 0.0328125 0.02578125
2 0.3046875 0.51328125 0.03203125 0.0265625