2 0.6109375 0.459375 0.034375 0.025
2 0.63515625 0.45234375 0.03125 0.028125
2 0.65859375 0.440625 0.028125 0.0234375
2 0.68671875 0.43203125 0.0375 0.025
2 0.68359375 0.4546875 0.03125 0.025
2 0.65859375 0.4625 0.025 0.021875
2 0.63359375 0.4734375 0.034375 0.025
2 0.653125 0.48125 0.0328125 0.021875
2 0.67890625 0.4734375 0.028125 0.025
2 0.7015625 0.47578125 0.034375 0.025
2 0.70390625 0.45625 0.028125 0.0234375
2 0.72578125 0.465625 0.034375 0.025
2 0.7203125 0.4875 0.03125 0.025
2 0.746875 0.484375 0.034375 0.021875
2 0.5828125 0.4921875 0.03125 0.025
2 0.60546875 0.48046875 0.03125 0.01875
2 0.58046875 0.5125 0.0375 0.0234375
2 0.575 0.53515625 0.04375 0.028125
2 0.57421875 0.55859375 0.03125 0.025
2 0.64765625 0.59921875 0.0453125 0.025
2 0.68671875 0.56875 0.0359375 0.025
2 0.6671875 0.5546875 0.03125 0.025
2 0.7421875 0.53984375 0.0375 0.025
2 0.76015625 0.55703125 0.0375 0.025
2 0.7296875 0.52265625 0.0375 0.0234375
2 0.47265625 0.57890625 0.034375 0.025
2 0.5046875 0.6046875 0.03125 0.0265625
2 0.53046875 0.6140625 0.034375 0.028125
2 0.5265625 0.63671875 0.034375 0.025
2 0.496875 0.625 0.0375 0.025
2 0.47421875 0.61796875 0.034375 0.025
2 0.45390625 0.5984375 0.0328125 0.021875
2 0.42734375 0.60234375 0.0375 0.025
2 0.4453125 0.61875 0.0328125 0.025
2 0.42109375 0.621875 0.03125 0.021875
2 0.38671875 0.63671875 0.0375 0.021875
2 0.3953125 0.615625 0.03125 0.025
2 0.36875 0.621875 0.034375 0.0234375
2 0.41484375 0.6375 0.03125 0.0265625
2 0.43671875 0.63671875 0.034375 0.0265625
2 0.4546875 0.65 0.03125 0.025
2 0.46875 0.6359375 0.0265625 0.021875
2 0.49609375 0.64375 0.028125 0.0234375
2 0.478125 0.6578125 0.0359375 0.025
2 0.45546875 0.6703125 0.03125 0.025
2 0.43046875 0.66015625 0.034375 0.0265625
2 0.403125 0.65625 0.03125 0.025
2 0.37109375 0.65390625 0.0375 0.025
2 0.35546875 0.640625 0.03125 0.028125
2 0.340625 0.66171875 0.03125 0.025
2 0.3578125 0.671875 0.03125 0.021875
2 0.378125 0.66875 0.034375 0.0234375
2 0.41171875 0.675 0.03125 0.0234375
2 0.44453125 0.690625 0.04375 0.028125
2 0.39140625 0.68828125 0.0328125 0.025
2 0.36484375 0.69375 0.034375 0.025
2 0.31171875 0.6703125 0.0375 0.025
2 0.32109375 0.68828125 0.0328125 0.028125
2 0.33203125 0.70234375 0.03125 0.0234375
2 0.29921875 0.69609375 0.034375 0.021875
2 0.2859375 0.71640625 0.03125 0.025
2 0.31328125 0.7171875 0.03125 0.021875
2 0.3 0.7328125 0.034375 0.0265625
2 0.35546875 0.71640625 0.0375 0.0234375
2 0.36796875 0.74140625 0.0390625 0.028125
0 0.61953125 0.49765625 0.0328125 0.021875
0 0.6078125 0.51640625 0.034375 0.0234375
0 0.64140625 0.5046875 0.0296875 0.01875
0 0.67109375 0.5046875 0.0296875 0.0234375
0 0.69609375 0.5046875 0.0296875 0.025
0 0.74140625 0.50703125 0.034375 0.021875
0 0.67734375 0.525 0.028125 0.0203125
0 0.70546875 0.5265625 0.03125 0.01875
0 0.69140625 0.54765625 0.03125 0.021875
0 0.66875 0.5375 0.0296875 0.0203125
0 0.65078125 0.5234375 0.0328125 0.021875
0 0.6296875 0.528125 0.0296875 0.021875
0 0.603125 0.5375 0.03125 0.01875
0 0.6 0.5546875 0.0296875 0.025
0 0.62578125 0.5484375 0.03125 0.025
0 0.62578125 0.56796875 0.03125 0.0203125
0 0.64765625 0.56015625 0.0328125 0.021875