2 0.3921875 0.6328125 0.059375 0.065625
2 0.45234375 0.62890625 0.046875 0.059375
2 0.31953125 0.62265625 0.05 0.0625
2 0.3578125 0.584375 0.0546875 0.0640625
2 0.38984375 0.3609375 0.05 0.0609375
2 0.27265625 0.625 0.05625 0.06875
2 0.3296875 0.53671875 0.0546875 0.06875
2 0.328125 0.43828125 0.05 0.0671875
2 0.496875 0.60625 0.0484375 0.065625
2 0.41015625 0.4765625 0.05 0.0625
2 0.546875 0.58828125 0.053125 0.0625
2 0.38359375 0.5359375 0.05 0.06875
2 0.4609375 0.56640625 0.0484375 0.065625
2 0.2609375 0.5265625 0.053125 0.0703125
2 0.50625 0.5484375 0.0484375 0.0625
2 0.5796875 0.4796875 0.053125 0.065625
2 0.52421875 0.35390625 0.046875 0.0640625
2 0.2359375 0.58359375 0.0515625 0.0640625
2 0.5625 0.3875 0.046875 0.065625
2 0.43359375 0.34765625 0.0515625 0.06875
2 0.58203125 0.61484375 0.046875 0.059375
2 0.29765625 0.48125 0.046875 0.059375
2 0.4171875 0.58828125 0.0484375 0.059375
2 0.45234375 0.4578125 0.0484375 0.0609375
2 0.38828125 0.434375 0.053125 0.065625
2 0.2875 0.57265625 0.053125 0.059375
2 0.6 0.55703125 0.0453125 0.0625
2 0.51796875 0.490625 0.05 0.065625
2 0.47890625 0.3328125 0.0453125 0.059375
2 0.47578125 0.50390625 0.0484375 0.065625
2 0.425 0.4078125 0.053125 0.05625
2 0.43671875 0.53125 0.0484375 0.0671875
2 0.546875 0.4390625 0.05 0.05625
2 0.5015625 0.44453125 0.0515625 0.059375
2 0.55234375 0.52421875 0.040625 0.059375
2 0.4765625 0.39296875 0.04375 0.0625
2 0.190625 0.62421875 0.059375 0.0828125
2 0.36171875 0.484375 0.05 0.0609375