2 0.2828125 0.73515625 0.053125 0.0703125
2 0.63671875 0.478125 0.03125 0.046875
2 0.6296875 0.50703125 0.0296875 0.034375
2 0.61171875 0.5 0.03125 0.0390625
2 0.5203125 0.4796875 0.0296875 0.040625
2 0.50234375 0.50234375 0.028125 0.040625
2 0.4921875 0.4734375 0.025 0.040625
2 0.475 0.4515625 0.028125 0.04375
2 0.45390625 0.4640625 0.0296875 0.0390625
2 0.42890625 0.4484375 0.028125 0.0375
2 0.40078125 0.434375 0.0328125 0.04375
2 0.41953125 0.41171875 0.0328125 0.040625
2 0.4171875 0.37421875 0.028125 0.04375
2 0.434375 0.34453125 0.0265625 0.04375
2 0.41015625 0.3375 0.03125 0.0390625
2 0.39765625 0.3046875 0.034375 0.05
2 0.41875 0.30703125 0.028125 0.0375
2 0.44453125 0.28203125 0.028125 0.04375
2 0.44453125 0.315625 0.028125 0.04375
2 0.46171875 0.30546875 0.03125 0.034375
2 0.4765625 0.28828125 0.0296875 0.046875
2 0.50078125 0.27265625 0.03125 0.04375
2 0.51875 0.30390625 0.028125 0.0375
2 0.4984375 0.315625 0.034375 0.040625
2 0.4828125 0.34375 0.034375 0.0375
2 0.4671875 0.3671875 0.0296875 0.040625
2 0.446875 0.38203125 0.03125 0.046875
2 0.44765625 0.42109375 0.034375 0.04375
2 0.46953125 0.4046875 0.028125 0.0359375
2 0.48515625 0.3828125 0.028125 0.04375
2 0.503125 0.3578125 0.025 0.040625
2 0.52578125 0.3421875 0.0296875 0.034375
2 0.54375 0.37109375 0.028125 0.0390625
2 0.53671875 0.40234375 0.028125 0.034375
2 0.53046875 0.434375 0.028125 0.028125
2 0.50859375 0.45 0.025 0.0375
0 0.5109375 0.41640625 0.03125 0.040625
0 0.51875 0.37734375 0.025 0.0375