2 0.17265625 0.5765625 0.040625 0.03125
2 0.209375 0.559375 0.0421875 0.034375
2 0.24453125 0.5609375 0.0375 0.028125
2 0.20703125 0.58671875 0.040625 0.028125
2 0.24296875 0.58828125 0.0359375 0.0296875
2 0.27734375 0.58125 0.0390625 0.03125
2 0.20859375 0.61640625 0.040625 0.03125
2 0.24609375 0.6171875 0.0375 0.0296875
2 0.28203125 0.61328125 0.040625 0.028125
2 0.3140625 0.596875 0.034375 0.03125
2 0.225 0.6484375 0.0375 0.03125
2 0.2703125 0.63984375 0.0375 0.028125
2 0.2546875 0.665625 0.0359375 0.028125
2 0.2921875 0.66328125 0.0375 0.028125
2 0.3046875 0.63828125 0.034375 0.028125
2 0.340625 0.6328125 0.0359375 0.03125
2 0.3765625 0.62421875 0.03125 0.0328125
2 0.33125 0.6625 0.040625 0.028125
2 0.3203125 0.6875 0.040625 0.0265625
2 0.2828125 0.69296875 0.0421875 0.03125
2 0.31171875 0.7171875 0.0390625 0.028125
2 0.3453125 0.73671875 0.0375 0.028125
2 0.35078125 0.70859375 0.034375 0.028125
2 0.36171875 0.6796875 0.040625 0.028125
2 0.36875 0.65390625 0.040625 0.028125
2 0.4078125 0.63671875 0.0375 0.03125
2 0.40078125 0.66640625 0.0390625 0.0265625
2 0.39453125 0.69375 0.0375 0.028125
2 0.37890625 0.72265625 0.0375 0.0296875
2 0.37109375 0.75390625 0.034375 0.025
2 0.4046875 0.74296875 0.0375 0.028125
2 0.4171875 0.715625 0.034375 0.025
2 0.42890625 0.68984375 0.034375 0.025
2 0.4359375 0.66328125 0.0375 0.0328125
2 0.440625 0.63046875 0.04375 0.03125
2 0.4765625 0.62265625 0.040625 0.0296875
2 0.471875 0.65078125 0.0375 0.034375
2 0.4640625 0.67890625 0.0375 0.028125
2 0.45625 0.70859375 0.0375 0.028125
2 0.4390625 0.73984375 0.040625 0.03125
2 0.4 0.7734375 0.0390625 0.03125
2 0.43359375 0.7671875 0.040625 0.03125
2 0.42578125 0.8 0.04375 0.0375
2 0.46171875 0.79140625 0.0390625 0.0328125
2 0.4984375 0.78359375 0.04375 0.0375
2 0.47265625 0.7625 0.040625 0.028125
2 0.47578125 0.73359375 0.0375 0.03125
2 0.5125 0.72578125 0.0375 0.03125
2 0.51171875 0.7546875 0.04375 0.0328125
2 0.5453125 0.753125 0.04375 0.034375
2 0.5453125 0.72265625 0.040625 0.03125
2 0.58359375 0.72578125 0.0390625 0.0359375
2 0.6390625 0.80234375 0.04375 0.034375
2 0.48984375 0.70078125 0.0375 0.0328125
2 0.52578125 0.6984375 0.040625 0.03125
2 0.56328125 0.69765625 0.0359375 0.03125
2 0.5953125 0.69765625 0.0390625 0.028125
2 0.603125 0.67109375 0.034375 0.028125
2 0.57109375 0.67109375 0.034375 0.028125
2 0.5359375 0.671875 0.040625 0.0265625
2 0.4984375 0.671875 0.0390625 0.028125
2 0.51015625 0.6453125 0.0390625 0.03125
2 0.546875 0.64296875 0.040625 0.034375