0 0.8546875 0.44765625 0.034375 0.04375
0 0.834375 0.41875 0.034375 0.0421875
0 0.8453125 0.4796875 0.034375 0.0421875
0 0.82109375 0.45703125 0.034375 0.0375
0 0.80078125 0.42890625 0.034375 0.040625
0 0.77734375 0.4328125 0.040625 0.034375
0 0.7875 0.46640625 0.034375 0.0375
0 0.8078125 0.49453125 0.0375 0.04375
0 0.778125 0.496875 0.0375 0.04375
0 0.765625 0.4703125 0.034375 0.0453125
0 0.746875 0.43671875 0.028125 0.0375
0 0.71640625 0.434375 0.0375 0.0359375
0 0.7328125 0.46484375 0.0375 0.04375
0 0.75 0.49765625 0.0375 0.0421875
0 0.73359375 0.5234375 0.034375 0.040625
0 0.71953125 0.49140625 0.034375 0.040625
0 0.6984375 0.4609375 0.03125 0.0375
0 0.68515625 0.4875 0.03125 0.0375
0 0.7046875 0.5203125 0.034375 0.0359375
0 0.678125 0.5234375 0.034375 0.0375
0 0.6578125 0.50078125 0.03125 0.0453125
0 0.66796875 0.46484375 0.034375 0.0453125
0 0.64375 0.453125 0.034375 0.0484375
0 0.6140625 0.45 0.0375 0.04375
0 0.63203125 0.484375 0.034375 0.04375
0 0.6203125 0.52109375 0.0359375 0.04375
0 0.64453125 0.53046875 0.0375 0.040625
0 0.609375 0.484375 0.040625 0.05
0 0.584375 0.4671875 0.0359375 0.046875
0 0.57109375 0.49375 0.025 0.040625
0 0.59375 0.51484375 0.034375 0.0375
0 0.6 0.546875 0.034375 0.040625
0 0.57265625 0.5375 0.034375 0.04375
0 0.553125 0.51328125 0.03125 0.040625
0 0.55 0.54921875 0.03125 0.0375
0 0.53046875 0.49140625 0.0359375 0.053125
0 0.52734375 0.5234375 0.03125 0.0421875
0 0.5078125 0.5421875 0.025 0.03125
0 0.525 0.56484375 0.03125 0.0453125
0 0.5 0.4953125 0.0359375 0.05625
0 0.48515625 0.52265625 0.0328125 0.04375
2 0.5 0.321875 0.034375 0.0421875
2 0.68671875 0.30859375 0.05 0.05
2 0.69921875 0.35078125 0.028125 0.0375
2 0.67109375 0.359375 0.03125 0.040625
2 0.64296875 0.35625 0.028125 0.04375
2 0.6171875 0.371875 0.03125 0.0421875
2 0.6375 0.3953125 0.03125 0.05
2 0.6640625 0.3921875 0.03125 0.040625
2 0.690625 0.378125 0.034375 0.046875
2 0.68203125 0.41640625 0.03125 0.034375
2 0.615625 0.40703125 0.034375 0.0453125
2 0.590625 0.4171875 0.03125 0.0375
2 0.55546875 0.40703125 0.0234375 0.04375
2 0.57734375 0.434375 0.034375 0.03125
2 0.5515625 0.4546875 0.028125 0.046875
2 0.52734375 0.4296875 0.040625 0.040625
2 0.50234375 0.44375 0.03125 0.040625
2 0.5265625 0.46796875 0.034375 0.04375
2 0.47890625 0.45078125 0.034375 0.04375
2 0.45703125 0.4609375 0.0296875 0.04375
2 0.478125 0.49140625 0.025 0.0375
2 0.45390625 0.49609375 0.0265625 0.0375
2 0.4328125 0.4984375 0.025 0.0484375
2 0.4265625 0.53828125 0.025 0.0375
2 0.4515625 0.53515625 0.034375 0.0359375
0 0.44453125 0.57265625 0.034375 0.0484375
2 0.425 0.615625 0.0296875 0.04375
2 0.4578125 0.61640625 0.0375 0.0453125
2 0.43984375 0.64140625 0.034375 0.0359375
2 0.4640625 0.6609375 0.03125 0.05
2 0.4859375 0.64765625 0.03125 0.040625
2 0.49453125 0.61640625 0.028125 0.040625
2 0.49609375 0.58203125 0.03125 0.046875
2 0.47578125 0.59140625 0.025 0.04375
2 0.4734375 0.559375 0.03125 0.04375
2 0.51484375 0.60703125 0.03125 0.040625
2 0.53984375 0.596875 0.0296875 0.04375
2 0.56015625 0.5859375 0.028125 0.04375
2 0.584375 0.578125 0.028125 0.04375
2 0.628125 0.56796875 0.025 0.046875
2 0.60703125 0.57421875 0.03125 0.046875
2 0.6515625 0.5546875 0.028125 0.040625
2 0.7296875 0.38203125 0.03125 0.04375
2 0.75546875 0.37109375 0.0375 0.0421875
2 0.7796875 0.3625 0.0359375 0.053125
2 0.81015625 0.3609375 0.040625 0.040625
2 0.83828125 0.35390625 0.034375 0.05
2 0.8609375 0.34453125 0.0296875 0.0484375
2 0.85625 0.39140625 0.03125 0.04375
2 0.88515625 0.39453125 0.0375 0.0453125
2 0.88984375 0.4609375 0.034375 0.05
2 0.8828125 0.50625 0.0390625 0.04375
2 0.85078125 0.5109375 0.0375 0.0484375
2 0.8125 0.52578125 0.0375 0.04375
2 0.78828125 0.5296875 0.034375 0.0421875
2 0.76015625 0.5375 0.0375 0.0421875
2 0.70703125 0.55546875 0.03125 0.04375