1 0.5125 0.54921875 0.0296875 0.02109375
1 0.51640625 0.56875 0.0265625 0.0203125
1 0.5375 0.55703125 0.025 0.01875
1 0.5484375 0.5734375 0.02734375 0.0203125
1 0.55859375 0.5546875 0.0265625 0.01953125
1 0.5671875 0.540625 0.0265625 0.02265625
1 0.58984375 0.53984375 0.025 0.021875
1 0.5796875 0.55625 0.0296875 0.01796875
1 0.56796875 0.57421875 0.028125 0.01953125
1 0.590625 0.57265625 0.021875 0.01953125
1 0.6140625 0.5734375 0.02890625 0.0203125
1 0.60859375 0.5546875 0.02578125 0.02265625
1 0.6265625 0.55625 0.0265625 0.021875
1 0.6515625 0.56328125 0.02578125 0.02421875
1 0.671875 0.571875 0.02734375 0.02265625
1 0.6546875 0.5859375 0.03203125 0.021875
1 0.70234375 0.57109375 0.03125 0.025
0 0.665625 0.52578125 0.03125 0.02265625
0 0.69609375 0.534375 0.03125 0.025
0 0.6921875 0.55390625 0.028125 0.02265625
0 0.7171875 0.54921875 0.03125 0.02265625
0 0.7234375 0.56875 0.02421875 0.02421875
0 0.675 0.5421875 0.0296875 0.02109375
0 0.64921875 0.5390625 0.03125 0.0203125
0 0.63984375 0.52421875 0.0296875 0.0203125
0 0.61484375 0.5203125 0.03671875 0.01875
0 0.62421875 0.5375 0.02890625 0.02109375
0 0.59140625 0.52109375 0.02578125 0.02109375
0 0.56953125 0.5203125 0.02578125 0.021875
0 0.54921875 0.52109375 0.02734375 0.02265625
0 0.52109375 0.51953125 0.0265625 0.0203125
0 0.5328125 0.534375 0.02265625 0.02265625
0 0.509375 0.5296875 0.02578125 0.0203125
0 0.484375 0.52890625 0.02734375 0.02265625
0 0.4671875 0.54140625 0.03125 0.01953125
0 0.478125 0.55703125 0.02734375 0.02421875
0 0.49140625 0.56875 0.02578125 0.02109375
0 0.47578125 0.58515625 0.028125 0.02265625
0 0.5 0.58359375 0.0296875 0.021875
0 0.52421875 0.59140625 0.0328125 0.02578125
0 0.553125 0.59765625 0.02734375 0.02734375
0 0.57578125 0.5984375 0.0296875 0.02265625
0 0.58671875 0.6140625 0.028125 0.01875
0 0.60390625 0.60234375 0.0296875 0.02265625
0 0.61484375 0.61640625 0.03046875 0.02421875
0 0.625 0.60078125 0.028125 0.02421875
0 0.6453125 0.61875 0.0296875 0.0234375
0 0.6734375 0.6015625 0.028125 0.0234375
0 0.69140625 0.60546875 0.02890625 0.02578125
0 0.7171875 0.6109375 0.0328125 0.0234375
0 0.7109375 0.58984375 0.0296875 0.0234375
0 0.7328125 0.5890625 0.028125 0.02265625
0 0.73984375 0.61015625 0.0265625 0.02421875
0 0.75546875 0.59453125 0.03125 0.02265625
0 0.746875 0.5734375 0.0296875 0.0265625
0 0.76484375 0.55703125 0.0296875 0.025
0 0.7890625 0.5625 0.0296875 0.025
0 0.81328125 0.56640625 0.0265625 0.02265625
0 0.83671875 0.5734375 0.03359375 0.02578125
0 0.7703125 0.578125 0.0265625 0.025
0 0.790625 0.58203125 0.0296875 0.0265625
0 0.8171875 0.58515625 0.0328125 0.02265625
0 0.83359375 0.59921875 0.03515625 0.02578125
0 0.80625 0.60390625 0.03203125 0.02265625
0 0.78046875 0.6 0.0328125 0.0265625
0 0.765625 0.61484375 0.0328125 0.02421875
2 0.53203125 0.4921875 0.0296875 0.02421875
2 0.55625 0.49296875 0.02578125 0.02265625
2 0.57734375 0.490625 0.0265625 0.021875
2 0.5921875 0.50390625 0.02578125 0.0203125
2 0.61328125 0.50625 0.02578125 0.0203125
2 0.6359375 0.50703125 0.0296875 0.02109375
2 0.66015625 0.50703125 0.02734375 0.0234375
2 0.68046875 0.51015625 0.02890625 0.021875
2 0.7046875 0.503125 0.02734375 0.02265625
2 0.7015625 0.5203125 0.02578125 0.021875
2 0.72421875 0.52578125 0.03046875 0.0234375
2 0.7453125 0.5265625 0.03046875 0.0265625
2 0.77265625 0.53203125 0.03125 0.02578125
2 0.79765625 0.5359375 0.02734375 0.0265625
2 0.81875 0.54375 0.0296875 0.02578125
2 0.84140625 0.55078125 0.03046875 0.02421875
2 0.5078125 0.496875 0.02890625 0.021875
2 0.48359375 0.49921875 0.025 0.021875
2 0.5 0.51328125 0.0265625 0.021875
2 0.459375 0.5 0.03125 0.0203125
2 0.47265625 0.51484375 0.02578125 0.01953125
2 0.45 0.51796875 0.03125 0.02109375
2 0.43828125 0.53046875 0.02578125 0.02109375
2 0.44609375 0.54375 0.025 0.01953125
2 0.4296875 0.55703125 0.0265625 0.0203125
2 0.4453125 0.56640625 0.0296875 0.021875
2 0.43125 0.58203125 0.02578125 0.02265625
2 0.45390625 0.5796875 0.0265625 0.021875
2 0.49453125 0.6015625 0.03125 0.021875
2 0.55078125 0.62109375 0.03046875 0.025
2 0.665625 0.6328125 0.03046875 0.0234375
2 0.69140625 0.63671875 0.03125 0.0296875
2 0.74140625 0.63671875 0.0359375 0.0265625
2 0.79140625 0.63125 0.02578125 0.02421875
2 0.81875 0.6328125 0.0296875 0.02421875
2 0.8390625 0.63359375 0.0296875 0.0234375
2 0.8671875 0.6359375 0.0328125 0.0234375
2 0.85078125 0.61640625 0.02578125 0.02265625
2 0.8796875 0.61953125 0.03125 0.02109375
2 0.86875 0.60234375 0.0328125 0.02265625
2 0.88203125 0.58515625 0.0296875 0.02421875
2 0.85703125 0.58515625 0.02578125 0.021875
2 0.8703125 0.56796875 0.0265625 0.02265625
2 0.89609375 0.60546875 0.02734375 0.02265625
2 0.903125 0.621875 0.025 0.02421875
2 0.8296875 0.615625 0.0265625 0.021875