2 0.79609375 0.7078125 0.0375 0.04375
2 0.803125 0.653125 0.0328125 0.0375
2 0.8140625 0.61953125 0.03125 0.0375
2 0.8296875 0.65 0.0296875 0.0390625
2 0.7921875 0.6046875 0.03125 0.040625
2 0.81484375 0.5890625 0.03125 0.0375
2 0.7921875 0.56953125 0.0359375 0.0421875
2 0.7671875 0.57734375 0.03125 0.0390625
2 0.7625 0.60703125 0.0296875 0.0375
2 0.77890625 0.63203125 0.028125 0.04375
2 0.78203125 0.66875 0.03125 0.040625
2 0.7546875 0.67265625 0.03125 0.0375
2 0.76171875 0.7015625 0.034375 0.040625
2 0.73671875 0.71328125 0.03125 0.0375
2 0.73046875 0.6828125 0.028125 0.0359375
2 0.73046875 0.6484375 0.0265625 0.040625
2 0.75390625 0.63671875 0.03125 0.0375
2 0.73671875 0.61484375 0.028125 0.040625
2 0.74453125 0.58046875 0.034375 0.034375
2 0.753125 0.5484375 0.034375 0.040625
2 0.72734375 0.56015625 0.03125 0.0375
2 0.73671875 0.5265625 0.034375 0.0390625
2 0.71953125 0.59140625 0.03125 0.040625
2 0.7125 0.6203125 0.025 0.040625
2 0.70625 0.65390625 0.0296875 0.0375
2 0.7078125 0.6859375 0.0265625 0.0359375
2 0.709375 0.71875 0.03125 0.0421875
2 0.68359375 0.7234375 0.0328125 0.0390625
2 0.68359375 0.6890625 0.028125 0.034375
2 0.678125 0.6578125 0.0328125 0.0359375
2 0.68828125 0.62734375 0.0296875 0.034375
2 0.69453125 0.596875 0.028125 0.0359375
2 0.70390625 0.56484375 0.0265625 0.0359375
2 0.7109375 0.5328125 0.028125 0.034375
2 0.7203125 0.49921875 0.03125 0.0390625
2 0.69453125 0.51015625 0.0328125 0.034375
2 0.6984375 0.47890625 0.0296875 0.0359375
2 0.68671875 0.53984375 0.03125 0.04375
2 0.68125 0.56796875 0.0296875 0.0390625
2 0.66015625 0.63203125 0.028125 0.0328125
2 0.6546875 0.66015625 0.03125 0.034375
2 0.65859375 0.690625 0.03125 0.0375
2 0.62890625 0.67421875 0.034375 0.046875
2 0.60859375 0.65859375 0.03125 0.040625
2 0.63515625 0.63828125 0.03125 0.034375
2 0.59140625 0.63203125 0.03125 0.040625
2 0.5734375 0.609375 0.03125 0.0375
2 0.559375 0.5796875 0.0265625 0.034375
2 0.56796875 0.55078125 0.0296875 0.0328125
2 0.54921875 0.540625 0.028125 0.0390625
2 0.52734375 0.55078125 0.03125 0.040625
2 0.675 0.484375 0.0296875 0.0328125
2 0.68671875 0.45546875 0.025 0.034375
2 0.66015625 0.46484375 0.034375 0.040625
2 0.653125 0.49375 0.03125 0.034375
2 0.665625 0.43359375 0.0296875 0.0375
2 0.6421875 0.44609375 0.028125 0.0375
2 0.6359375 0.4765625 0.028125 0.0375
2 0.65078125 0.41171875 0.028125 0.0375
2 0.6265625 0.4203125 0.025 0.034375
2 0.63203125 0.384375 0.028125 0.034375
2 0.615625 0.36328125 0.028125 0.0375
2 0.60859375 0.39765625 0.028125 0.0375
2 0.590625 0.38671875 0.03125 0.034375
2 0.575 0.365625 0.0265625 0.0375
2 0.56796875 0.3984375 0.028125 0.040625
2 0.5828125 0.41484375 0.03125 0.0421875
2 0.55625 0.42578125 0.03125 0.034375
2 0.540625 0.40703125 0.0296875 0.04375
2 0.53125 0.4375 0.0265625 0.034375
2 0.503125 0.540625 0.028125 0.0390625
2 0.4796875 0.51328125 0.028125 0.034375
2 0.490625 0.48203125 0.03125 0.040625
2 0.503125 0.44765625 0.03125 0.0375
2 0.5140625 0.47578125 0.025 0.0390625
0 0.51953125 0.49765625 0.025 0.0453125
0 0.5421875 0.50546875 0.028125 0.0359375
0 0.55 0.478125 0.028125 0.034375
0 0.56015625 0.4515625 0.025 0.034375
0 0.5703125 0.49375 0.025 0.034375
0 0.57890625 0.4671875 0.025 0.028125
0 0.58828125 0.43984375 0.028125 0.0375
0 0.6109375 0.453125 0.028125 0.0359375
0 0.6015625 0.48046875 0.025 0.0359375
0 0.590625 0.50546875 0.028125 0.0328125
0 0.58125 0.53984375 0.025 0.04375
0 0.6 0.56015625 0.028125 0.034375
2 0.584375 0.57734375 0.025 0.034375
2 0.59765625 0.6046875 0.021875 0.0375
2 0.6125 0.621875 0.0234375 0.0265625
0 0.61328125 0.5953125 0.025 0.034375
0 0.6328125 0.61171875 0.025 0.034375
0 0.65703125 0.5984375 0.028125 0.034375
0 0.6390625 0.57734375 0.028125 0.0359375
0 0.6234375 0.5578125 0.0234375 0.0359375
0 0.64765625 0.5484375 0.028125 0.0375
0 0.66171875 0.5234375 0.03125 0.040625
0 0.6328125 0.52578125 0.025 0.0359375
0 0.60625 0.53125 0.028125 0.034375
0 0.615625 0.50078125 0.028125 0.0375