2 0.43203125 0.49765625 0.0390625 0.028125
2 0.42890625 0.52109375 0.040625 0.028125
2 0.46171875 0.5125 0.0375 0.025
2 0.40859375 0.5390625 0.04375 0.028125
2 0.403125 0.56171875 0.04375 0.03125
2 0.38828125 0.58359375 0.0421875 0.028125
2 0.3828125 0.6078125 0.0421875 0.03125
2 0.4015625 0.6515625 0.040625 0.0296875
2 0.4 0.678125 0.040625 0.0296875
2 0.4078125 0.709375 0.04375 0.034375
2 0.44609375 0.715625 0.0421875 0.03125
2 0.48046875 0.71171875 0.04375 0.0328125
2 0.51328125 0.69921875 0.04375 0.034375
2 0.50859375 0.67578125 0.040625 0.03125
2 0.5453125 0.67578125 0.040625 0.03125
2 0.5453125 0.65 0.040625 0.034375
2 0.55546875 0.62578125 0.0375 0.0265625
2 0.59921875 0.596875 0.0375 0.0296875
2 0.6140625 0.5734375 0.0375 0.028125
2 0.61640625 0.5484375 0.0375 0.028125
2 0.5875 0.5328125 0.04375 0.0265625
2 0.56015625 0.51484375 0.0390625 0.025
2 0.52265625 0.52109375 0.040625 0.028125
2 0.49296875 0.5265625 0.040625 0.028125
0 0.4484375 0.5421875 0.040625 0.025
0 0.45 0.5734375 0.0375 0.028125
0 0.4859375 0.565625 0.0375 0.025
0 0.5125 0.5578125 0.0359375 0.025
0 0.5453125 0.54765625 0.0359375 0.025
0 0.54609375 0.571875 0.0328125 0.028125
0 0.5765625 0.5671875 0.0375 0.028125
0 0.51328125 0.5796875 0.0328125 0.0234375
0 0.546875 0.59765625 0.0359375 0.025
0 0.50859375 0.603125 0.040625 0.0296875
0 0.48125 0.5875 0.0375 0.025
0 0.43984375 0.6015625 0.0375 0.028125
0 0.46796875 0.609375 0.0375 0.028125
0 0.42578125 0.621875 0.0359375 0.028125
0 0.45546875 0.634375 0.0359375 0.028125
0 0.50078125 0.628125 0.040625 0.025
0 0.48515625 0.65 0.0375 0.028125
0 0.43671875 0.6515625 0.040625 0.028125
0 0.45234375 0.671875 0.0390625 0.03125