2 0.7390625 0.45546875 0.01875 0.0125
2 0.7484375 0.4640625 0.021875 0.015625
2 0.75625 0.475 0.01875 0.015625
2 0.75625 0.48828125 0.021875 0.015625
2 0.7421875 0.47890625 0.01875 0.0140625
2 0.74140625 0.49140625 0.01875 0.015625
2 0.728125 0.4796875 0.01875 0.0140625
2 0.73203125 0.46640625 0.01875 0.015625
2 0.71953125 0.453125 0.01875 0.015625
2 0.70390625 0.4453125 0.021875 0.015625
2 0.70546875 0.46015625 0.021875 0.0140625
2 0.71640625 0.46875 0.01875 0.0125
2 0.6984375 0.471875 0.0203125 0.015625
2 0.71171875 0.48046875 0.021875 0.0125
2 0.72265625 0.4921875 0.01875 0.0125
2 0.70625 0.49375 0.01875 0.015625
2 0.69296875 0.48359375 0.015625 0.0140625
2 0.68203125 0.475 0.01875 0.0140625
2 0.68515625 0.465625 0.01875 0.0140625
2 0.68828125 0.453125 0.01875 0.015625
2 0.675 0.44375 0.01875 0.015625
2 0.67265625 0.4546875 0.0171875 0.0140625
2 0.6671875 0.46640625 0.01875 0.015625
2 0.65625 0.45703125 0.01875 0.015625
2 0.64140625 0.4484375 0.01875 0.015625
2 0.6453125 0.43515625 0.01875 0.015625
2 0.65703125 0.44375 0.01875 0.0125
2 0.6265625 0.4375 0.021875 0.0140625
2 0.625 0.45078125 0.01875 0.0125
2 0.63828125 0.46171875 0.01875 0.0125
2 0.65078125 0.4703125 0.01875 0.015625
2 0.6640625 0.4796875 0.0203125 0.015625
2 0.6765625 0.48828125 0.01875 0.0125
2 0.6875 0.49765625 0.021875 0.015625
2 0.6703125 0.4984375 0.0171875 0.0125
2 0.6703125 0.51015625 0.0234375 0.0171875
2 0.65625 0.5015625 0.01875 0.0140625
2 0.65859375 0.48984375 0.021875 0.0125
2 0.646875 0.48125 0.01875 0.015625
2 0.63125 0.47109375 0.021875 0.01875
2 0.6171875 0.4640625 0.01875 0.0125
2 0.6140625 0.478125 0.01875 0.015625
2 0.5984375 0.46640625 0.021875 0.015625
2 0.59609375 0.47890625 0.01875 0.015625
2 0.6265625 0.48515625 0.021875 0.015625
2 0.64140625 0.49375 0.01875 0.0125
2 0.62578125 0.49765625 0.01875 0.015625
2 0.640625 0.50625 0.0171875 0.0140625
2 0.625 0.51015625 0.01875 0.0125
2 0.65546875 0.5140625 0.021875 0.015625
2 0.63671875 0.51875 0.01875 0.0125
2 0.65546875 0.5265625 0.0171875 0.0125
2 0.64296875 0.534375 0.01875 0.0140625
2 0.64453125 0.54609375 0.021875 0.015625
2 0.62734375 0.53046875 0.01875 0.015625
2 0.621875 0.5421875 0.0203125 0.015625
2 0.61640625 0.52109375 0.01875 0.015625
2 0.60234375 0.51484375 0.01875 0.0125
2 0.60859375 0.5046875 0.01875 0.0140625
2 0.61015625 0.48984375 0.01875 0.0125
2 0.59453125 0.49296875 0.01875 0.0140625
2 0.5796875 0.4828125 0.01875 0.0140625
2 0.57734375 0.47109375 0.0171875 0.0140625
2 0.5640625 0.478125 0.01875 0.015625
2 0.57890625 0.496875 0.021875 0.0125
2 0.59296875 0.5046875 0.01875 0.015625
2 0.571875 0.50703125 0.021875 0.0125
2 0.584375 0.51640625 0.01875 0.0125
2 0.5953125 0.5265625 0.0203125 0.0125
2 0.609375 0.5328125 0.01875 0.0125
2 0.6046875 0.54375 0.01875 0.015625
2 0.590625 0.53828125 0.0171875 0.015625
2 0.57578125 0.5421875 0.01875 0.015625
0 0.56640625 0.53046875 0.021875 0.0125
2 0.55390625 0.5078125 0.021875 0.0171875
2 0.5390625 0.5015625 0.01875 0.015625
2 0.52734375 0.49140625 0.01875 0.0125
2 0.521875 0.50234375 0.01875 0.015625
2 0.5078125 0.49375 0.0203125 0.0125
2 0.5046875 0.50546875 0.0171875 0.0125
2 0.5203125 0.5140625 0.01875 0.0125
2 0.5359375 0.5140625 0.01875 0.0125
2 0.5515625 0.5234375 0.01875 0.0125
2 0.5453125 0.53515625 0.01875 0.015625
2 0.56015625 0.540625 0.0203125 0.0125
2 0.55703125 0.55 0.01875 0.015625
2 0.57265625 0.55546875 0.021875 0.0140625
2 0.55625 0.56328125 0.01875 0.015625
2 0.5390625 0.5609375 0.01875 0.0140625
2 0.5421875 0.54765625 0.015625 0.015625
2 0.52734375 0.55 0.01875 0.0140625
2 0.53046875 0.53828125 0.01875 0.015625
2 0.53515625 0.52578125 0.015625 0.0140625
2 0.51953125 0.528125 0.0203125 0.0140625
2 0.51640625 0.53984375 0.01875 0.015625
2 0.51015625 0.553125 0.01875 0.0140625
2 0.525 0.5625 0.021875 0.0125
2 0.51484375 0.571875 0.01875 0.015625
2 0.503125 0.56484375 0.021875 0.015625
2 0.48671875 0.55390625 0.021875 0.0125
2 0.4984375 0.5421875 0.0171875 0.015625
2 0.50234375 0.53125 0.01875 0.0140625
2 0.5046875 0.5171875 0.01875 0.015625
2 0.48828125 0.5125 0.01875 0.0125
2 0.48828125 0.49765625 0.01875 0.015625
2 0.4734375 0.503125 0.01875 0.0140625
2 0.4703125 0.5140625 0.01875 0.015625
2 0.4875 0.5234375 0.01875 0.0140625
2 0.47265625 0.528125 0.021875 0.0140625
2 0.4859375 0.5359375 0.021875 0.0125