2 0.3453125 0.47734375 0.04765625 0.03828125
2 0.3203125 0.50390625 0.04609375 0.03359375
2 0.35859375 0.5078125 0.0484375 0.03203125
2 0.384375 0.48359375 0.04453125 0.034375
2 0.4015625 0.50703125 0.046875 0.0359375
2 0.3828125 0.53515625 0.04609375 0.0375
2 0.36640625 0.56328125 0.05 0.0390625
2 0.4046875 0.56484375 0.04609375 0.03125
2 0.42421875 0.54140625 0.04609375 0.0375
2 0.4421875 0.515625 0.046875 0.03203125
2 0.46875 0.53671875 0.0484375 0.03828125
2 0.45234375 0.56328125 0.04921875 0.034375
2 0.49375 0.56875 0.04140625 0.034375
2 0.4734375 0.59140625 0.04453125 0.0328125
2 0.51484375 0.5953125 0.0515625 0.03515625
2 0.496875 0.61796875 0.0453125 0.034375
2 0.43671875 0.590625 0.0421875 0.0328125
2 0.39140625 0.59453125 0.05 0.0390625
2 0.4125 0.6203125 0.04453125 0.0359375
2 0.4515625 0.6171875 0.046875 0.0390625
2 0.4234375 0.65234375 0.05234375 0.0421875
2 0.4640625 0.6515625 0.0484375 0.0390625