0 0.40234375 0.69375 0.0546875 0.040625
0 0.3546875 0.6859375 0.0484375 0.0375
0 0.3 0.6671875 0.053125 0.040625
0 0.2796875 0.640625 0.0515625 0.0421875
0 0.33515625 0.6546875 0.046875 0.034375
0 0.3765625 0.65859375 0.053125 0.034375
0 0.31640625 0.62578125 0.046875 0.034375
0 0.35546875 0.6328125 0.05 0.034375
0 0.39453125 0.63203125 0.046875 0.0375
0 0.42421875 0.61015625 0.04375 0.03125
0 0.440625 0.6375 0.05 0.0375
0 0.4625 0.66328125 0.0546875 0.040625
0 0.38203125 0.6078125 0.05 0.034375
0 0.3390625 0.6015625 0.053125 0.034375
0 0.29453125 0.6 0.046875 0.034375
0 0.25390625 0.60234375 0.05625 0.0375
0 0.2375 0.571875 0.0625 0.0421875
0 0.275 0.5703125 0.05 0.0375
0 0.31796875 0.5734375 0.05 0.04375
0 0.3578125 0.5765625 0.0546875 0.040625
0 0.40234375 0.5796875 0.0515625 0.040625
0 0.25234375 0.5453125 0.05625 0.0375
0 0.2953125 0.54375 0.046875 0.0375
0 0.3375 0.546875 0.05 0.0375
0 0.37734375 0.55390625 0.0484375 0.0375
0 0.4140625 0.55546875 0.05 0.040625
0 0.45625 0.5578125 0.05 0.034375
0 0.4421875 0.5296875 0.05 0.0375
0 0.4 0.52578125 0.046875 0.0375
0 0.37578125 0.50078125 0.0515625 0.0375
0 0.35703125 0.52421875 0.053125 0.034375
0 0.3203125 0.51328125 0.0515625 0.0421875
0 0.27734375 0.51796875 0.05 0.034375
2 0.3171875 0.37265625 0.0515625 0.0421875
2 0.3546875 0.390625 0.04375 0.0375
2 0.3890625 0.3734375 0.059375 0.0421875
2 0.434375 0.384375 0.0484375 0.04375
2 0.39140625 0.40234375 0.0484375 0.0375
2 0.4265625 0.41875 0.046875 0.03125
2 0.3953125 0.43125 0.0484375 0.034375
2 0.3578125 0.42109375 0.046875 0.03125
2 0.31796875 0.40625 0.053125 0.0375
2 0.26484375 0.425 0.0625 0.040625
2 0.30625 0.4390625 0.0484375 0.0375
2 0.3515625 0.45078125 0.053125 0.0375
2 0.3859375 0.46015625 0.0515625 0.0375
2 0.42109375 0.45234375 0.05 0.0453125
2 0.4625 0.4375 0.0484375 0.040625
2 0.48046875 0.4046875 0.05625 0.0375
2 0.50078125 0.43671875 0.05625 0.0375
2 0.48203125 0.4625 0.0515625 0.040625
2 0.51953125 0.4625 0.0515625 0.0375
2 0.5046875 0.48984375 0.05625 0.0375
2 0.478125 0.50390625 0.053125 0.034375
2 0.45234375 0.47890625 0.046875 0.040625
2 0.41953125 0.48203125 0.040625 0.034375
2 0.32578125 0.4734375 0.046875 0.0375
2 0.28359375 0.45859375 0.0515625 0.0375
2 0.246875 0.45 0.05 0.034375
2 0.23359375 0.4796875 0.0484375 0.0375
2 0.27421875 0.48671875 0.059375 0.0375
2 0.20234375 0.5 0.05 0.0375
2 0.24453125 0.50703125 0.04375 0.034375
2 0.18125 0.52109375 0.059375 0.034375
2 0.146875 0.53984375 0.0625 0.040625
2 0.15625 0.5671875 0.059375 0.040625
2 0.19296875 0.55078125 0.0390625 0.0375
2 0.1734375 0.60078125 0.0546875 0.0375
2 0.20234375 0.57734375 0.04375 0.04375
2 0.14296875 0.62578125 0.059375 0.04375
2 0.18671875 0.63359375 0.05 0.0375
2 0.2203125 0.60859375 0.0421875 0.034375
2 0.23203125 0.640625 0.05 0.0421875
2 0.15703125 0.6546875 0.059375 0.040625
2 0.19765625 0.66171875 0.046875 0.0375
2 0.24375 0.6703125 0.0546875 0.0421875
2 0.25703125 0.70234375 0.0625 0.0421875
2 0.2890625 0.6890625 0.05 0.028125
2 0.303125 0.7171875 0.059375 0.04375
2 0.3484375 0.7203125 0.0546875 0.0484375
2 0.36171875 0.75390625 0.05625 0.0375
2 0.38515625 0.72734375 0.046875 0.0375
2 0.4 0.75625 0.0546875 0.04375
2 0.42265625 0.7234375 0.04375 0.034375
2 0.44453125 0.759375 0.0546875 0.03125
2 0.46484375 0.72578125 0.0484375 0.0421875
2 0.4859375 0.7578125 0.059375 0.0375
2 0.5046875 0.7296875 0.053125 0.040625
2 0.44453125 0.7 0.0546875 0.0375
2 0.4875 0.7 0.0515625 0.0375
2 0.5078125 0.67734375 0.059375 0.034375
2 0.49453125 0.64609375 0.0515625 0.0375
2 0.53671875 0.64609375 0.053125 0.04375
2 0.48203125 0.61796875 0.0515625 0.0375
2 0.52109375 0.61875 0.05625 0.0375
2 0.46015625 0.5875 0.05625 0.040625
2 0.4984375 0.584375 0.0515625 0.034375
2 0.5203125 0.5609375 0.05 0.0375
2 0.5359375 0.58828125 0.0546875 0.040625
2 0.4953125 0.53828125 0.053125 0.040625
2 0.5296875 0.51953125 0.0546875 0.034375