2 0.16875 0.73984375 0.0359375 0.02421875
2 0.17578125 0.7609375 0.03046875 0.02265625
2 0.1875 0.7234375 0.0296875 0.02265625
2 0.21015625 0.70859375 0.02890625 0.021875
2 0.1484375 0.7671875 0.03046875 0.0234375
2 0.23125 0.69375 0.02890625 0.02265625
2 0.24140625 0.67421875 0.02734375 0.02109375
2 0.19765625 0.74453125 0.0296875 0.02265625
2 0.2203125 0.7296875 0.028125 0.021875
2 0.240625 0.715625 0.028125 0.02265625
2 0.25859375 0.653125 0.028125 0.021875
2 0.23359375 0.7703125 0.03046875 0.021875
2 0.17578125 0.784375 0.03203125 0.025
2 0.26953125 0.73125 0.028125 0.021875
2 0.515625 0.6546875 0.0265625 0.0203125
2 0.20546875 0.7875 0.0296875 0.0234375
2 0.521875 0.7046875 0.02734375 0.0203125
2 0.25234375 0.75625 0.0296875 0.021875
2 0.225 0.75078125 0.02890625 0.021875
2 0.25859375 0.690625 0.028125 0.021875
2 0.2875 0.771875 0.02890625 0.021875
2 0.359375 0.76875 0.028125 0.02265625
2 0.403125 0.7578125 0.028125 0.0234375
2 0.340625 0.78515625 0.02890625 0.02265625
2 0.3078125 0.75703125 0.028125 0.021875
2 0.47109375 0.74921875 0.025 0.02109375
2 0.45078125 0.7640625 0.02734375 0.02265625
2 0.5078125 0.6359375 0.0265625 0.0203125
2 0.5125 0.6875 0.0265625 0.01953125
2 0.27890625 0.63984375 0.02578125 0.0203125
2 0.53125 0.72265625 0.0265625 0.0203125
2 0.29140625 0.7921875 0.02890625 0.021875
2 0.2796875 0.75078125 0.028125 0.021875
2 0.3140625 0.77890625 0.028125 0.021875
2 0.2640625 0.7953125 0.02890625 0.02265625
2 0.42578125 0.765625 0.0265625 0.02109375
2 0.29765625 0.6265625 0.0265625 0.01953125
2 0.3875 0.59453125 0.02578125 0.0203125
2 0.33359375 0.7640625 0.02890625 0.02109375
2 0.434375 0.6046875 0.0265625 0.0203125
0 0.31640625 0.6515625 0.0265625 0.02109375
2 0.45859375 0.61015625 0.025 0.01953125
2 0.24453125 0.73671875 0.028125 0.02109375
2 0.3625 0.6109375 0.02734375 0.0203125
2 0.43515625 0.6234375 0.0265625 0.0203125
0 0.43359375 0.73359375 0.02578125 0.0203125
0 0.35859375 0.628125 0.02578125 0.0203125
0 0.3359375 0.73203125 0.02734375 0.02109375
2 0.42734375 0.58515625 0.0265625 0.0203125
2 0.403125 0.6234375 0.025 0.01953125
2 0.31953125 0.79921875 0.0296875 0.021875
0 0.4859375 0.678125 0.02578125 0.0203125
2 0.4984375 0.70234375 0.02578125 0.0203125
0 0.30234375 0.67109375 0.02734375 0.02109375
0 0.453125 0.721875 0.02578125 0.0203125
2 0.20546875 0.7640625 0.03046875 0.02265625
0 0.30625 0.68984375 0.02734375 0.021875
2 0.48203125 0.63125 0.025 0.01953125
2 0.290625 0.715625 0.02890625 0.02109375
2 0.4890625 0.73515625 0.025 0.01953125
2 0.50625 0.721875 0.02578125 0.0203125
0 0.4078125 0.7328125 0.02578125 0.0203125
0 0.47890625 0.65546875 0.0265625 0.0203125
0 0.38203125 0.728125 0.028125 0.02109375
2 0.378125 0.75234375 0.02734375 0.021875
2 0.26640625 0.67265625 0.0296875 0.02109375
0 0.43203125 0.64296875 0.0265625 0.0203125
0 0.46640625 0.68984375 0.02578125 0.0203125
2 0.3265625 0.74296875 0.02890625 0.021875
2 0.29765625 0.7359375 0.02734375 0.021875
2 0.234375 0.790625 0.02890625 0.021875
2 0.14375 0.790625 0.03359375 0.025
0 0.3390625 0.64140625 0.02578125 0.01953125
0 0.45546875 0.64921875 0.025 0.01953125
0 0.38359375 0.63359375 0.02578125 0.01953125
2 0.4046875 0.58046875 0.02578125 0.01953125
0 0.40234375 0.71328125 0.02734375 0.021875
0 0.446875 0.70234375 0.0265625 0.0203125
0 0.36171875 0.74140625 0.028125 0.021875
0 0.375 0.68828125 0.02734375 0.0203125
0 0.378125 0.7078125 0.02890625 0.02109375
0 0.36796875 0.6484375 0.0265625 0.0203125
0 0.33125 0.690625 0.02578125 0.0203125
0 0.47109375 0.709375 0.02578125 0.0203125
0 0.44140625 0.6625 0.02578125 0.0203125
0 0.4203125 0.6765625 0.02578125 0.0203125
0 0.35703125 0.72109375 0.02734375 0.02109375
0 0.39453125 0.675 0.0265625 0.02109375
0 0.39140625 0.65625 0.02578125 0.01953125
2 0.446875 0.7453125 0.0265625 0.0203125
0 0.42734375 0.7140625 0.02578125 0.0203125
0 0.35078125 0.7 0.0265625 0.02109375
0 0.328125 0.67109375 0.028125 0.0203125
2 0.26484375 0.71015625 0.0296875 0.02109375
0 0.415625 0.65546875 0.02734375 0.02109375
2 0.421875 0.74609375 0.02734375 0.0203125
0 0.39921875 0.69453125 0.0265625 0.0203125
2 0.46328125 0.73125 0.02734375 0.021875
2 0.340625 0.62109375 0.02421875 0.01953125
2 0.2859375 0.69453125 0.028125 0.02421875
2 0.390625 0.61015625 0.02890625 0.021875
0 0.34921875 0.6609375 0.0265625 0.0203125
2 0.4921875 0.65 0.025 0.0203125
0 0.44375 0.68203125 0.025 0.0203125
2 0.48046875 0.6125 0.02421875 0.01953125
2 0.50234375 0.66953125 0.0265625 0.0203125
2 0.309375 0.70390625 0.02890625 0.01875
0 0.425 0.696875 0.028125 0.02265625
2 0.32578125 0.63359375 0.028125 0.01953125
0 0.40703125 0.6390625 0.02890625 0.021875
0 0.35078125 0.68046875 0.0265625 0.0203125
2 0.28515625 0.65859375 0.0265625 0.015625
2 0.31484375 0.72109375 0.02578125 0.015625
2 0.45703125 0.6265625 0.02421875 0.01953125
2 0.54609375 0.6515625 0.021875 0.0203125
2 0.26171875 0.771875 0.0265625 0.02109375
2 0.409375 0.59921875 0.028125 0.02109375