2 0.73125 0.421875 0.0375 0.0328125
2 0.846875 0.5359375 0.03984375 0.02890625
2 0.3578125 0.44921875 0.0375 0.02734375
2 0.6359375 0.39921875 0.03984375 0.02734375
2 0.36328125 0.4765625 0.0375 0.0265625
2 0.5328125 0.31171875 0.03828125 0.028125
2 0.6703125 0.41328125 0.0375 0.0265625
2 0.4078125 0.3296875 0.034375 0.0296875
2 0.4359375 0.31171875 0.03828125 0.03125
2 0.3890625 0.40625 0.0375 0.028125
2 0.6953125 0.43515625 0.040625 0.0296875
2 0.59921875 0.37109375 0.03671875 0.028125
2 0.36328125 0.50546875 0.0375 0.0265625
2 0.76328125 0.4609375 0.0375 0.028125
2 0.46875 0.31953125 0.0359375 0.03046875
2 0.8828125 0.5875 0.04140625 0.0296875
2 0.7640625 0.48984375 0.0375 0.028125
2 0.4640625 0.2890625 0.03828125 0.02734375
2 0.4296875 0.28125 0.03671875 0.028125
2 0.4125 0.359375 0.03671875 0.02734375
2 0.534375 0.34140625 0.03671875 0.03125
2 0.49609375 0.3 0.03671875 0.02578125
2 0.36796875 0.534375 0.03671875 0.02578125
2 0.42109375 0.38828125 0.0390625 0.02734375
2 0.7359375 0.5078125 0.03984375 0.02734375
2 0.728125 0.4515625 0.040625 0.0296875
2 0.73125 0.4796875 0.03984375 0.028125
2 0.896875 0.61640625 0.040625 0.03125
2 0.84453125 0.58125 0.040625 0.0296875
2 0.453125 0.42890625 0.03828125 0.028125
2 0.871875 0.55859375 0.03984375 0.0296875
2 0.6625 0.45234375 0.03984375 0.0296875
2 0.871875 0.64296875 0.03984375 0.03046875
2 0.821875 0.559375 0.04296875 0.0296875
2 0.471875 0.3515625 0.03828125 0.02890625
2 0.8578125 0.6109375 0.04140625 0.03046875
2 0.39453125 0.459375 0.03828125 0.02734375
2 0.525 0.6328125 0.0390625 0.02734375
2 0.47734375 0.38125 0.0375 0.02890625
2 0.609375 0.4265625 0.0390625 0.0296875
2 0.5109375 0.36015625 0.0390625 0.03046875
2 0.75625 0.59375 0.0390625 0.02890625
2 0.62265625 0.45625 0.04140625 0.0296875
2 0.44453125 0.33984375 0.0421875 0.03203125
2 0.81953125 0.62265625 0.0390625 0.03046875
2 0.4859375 0.58828125 0.0375 0.02890625
2 0.83359375 0.64921875 0.03828125 0.02890625
2 0.7890625 0.64140625 0.03828125 0.028125
2 0.7234375 0.64453125 0.03828125 0.02890625
2 0.75078125 0.62578125 0.0390625 0.02890625
2 0.4484375 0.36796875 0.04140625 0.0296875
2 0.640625 0.42890625 0.0390625 0.0296875
2 0.3984375 0.54609375 0.034375 0.0265625
2 0.56796875 0.415625 0.04140625 0.03046875
2 0.5765625 0.59140625 0.03984375 0.03046875
2 0.634375 0.509375 0.03828125 0.02734375
2 0.68125 0.6484375 0.03984375 0.028125
2 0.39609375 0.48828125 0.0375 0.02734375
2 0.60390625 0.52109375 0.0390625 0.02890625
2 0.775 0.5453125 0.04140625 0.028125
2 0.61640625 0.603125 0.0390625 0.0296875
2 0.51875 0.475 0.0359375 0.02734375
2 0.45625 0.6078125 0.0359375 0.02578125
2 0.66875 0.48125 0.03671875 0.028125
2 0.64453125 0.653125 0.0375 0.02734375
2 0.39765625 0.5171875 0.03671875 0.02734375
2 0.5515625 0.6140625 0.0375 0.02734375
2 0.809375 0.52734375 0.0375 0.028125
2 0.4296875 0.525 0.0375 0.02734375
2 0.45703125 0.5765625 0.0375 0.028125
2 0.659375 0.6265625 0.04375 0.03046875
2 0.4828125 0.440625 0.03984375 0.0296875
2 0.81015625 0.596875 0.04140625 0.03203125
2 0.42578125 0.5921875 0.0328125 0.025
2 0.6984375 0.4640625 0.0421875 0.03125
2 0.6328125 0.4796875 0.0390625 0.02890625
2 0.4875 0.61875 0.03515625 0.02578125
2 0.54140625 0.5234375 0.03984375 0.03046875
2 0.59140625 0.465625 0.04296875 0.03046875
2 0.46015625 0.5109375 0.03671875 0.02734375
2 0.78671875 0.57734375 0.0421875 0.0296875
2 0.42265625 0.56484375 0.03515625 0.02734375
2 0.57265625 0.509375 0.0390625 0.0296875
2 0.45546875 0.4578125 0.0421875 0.03125
2 0.509375 0.38984375 0.04140625 0.03046875
2 0.575 0.4390625 0.0375 0.02890625
2 0.42890625 0.471875 0.03984375 0.0296875
2 0.54296875 0.55078125 0.03984375 0.03046875
2 0.76796875 0.67890625 0.0390625 0.02890625
2 0.5171875 0.56953125 0.0359375 0.028125
2 0.70859375 0.54765625 0.040625 0.028125
2 0.6015625 0.3984375 0.0375 0.028125
2 0.678125 0.56484375 0.03984375 0.028125
2 0.72890625 0.675 0.03828125 0.02890625
2 0.58984375 0.6203125 0.0390625 0.02890625
2 0.56328125 0.646875 0.03828125 0.02734375
2 0.69609375 0.6234375 0.040625 0.0296875
2 0.7453125 0.534375 0.040625 0.028125
2 0.57109375 0.38515625 0.040625 0.03046875
2 0.603125 0.4921875 0.040625 0.02890625
2 0.67734375 0.53828125 0.0421875 0.028125
2 0.7203125 0.6046875 0.0390625 0.02890625
2 0.4796875 0.4109375 0.04140625 0.02890625
2 0.453125 0.5453125 0.03984375 0.03046875
2 0.7125 0.5765625 0.03984375 0.0265625
2 0.51796875 0.60234375 0.0359375 0.02890625
2 0.7828125 0.6125 0.03984375 0.0296875
2 0.54453125 0.45546875 0.04375 0.0328125
2 0.56328125 0.325 0.03359375 0.0296875
2 0.54296875 0.4328125 0.0453125 0.03125
2 0.803125 0.6671875 0.03828125 0.028125
2 0.6828125 0.5921875 0.0390625 0.03046875
2 0.625 0.63203125 0.04140625 0.02890625
2 0.61953125 0.57578125 0.0421875 0.03125
2 0.5140625 0.53828125 0.03984375 0.03125
2 0.63984375 0.5671875 0.04140625 0.02890625
2 0.653125 0.59296875 0.040625 0.03125
2 0.45546875 0.48515625 0.04140625 0.02890625
2 0.48203125 0.53203125 0.0421875 0.03203125
2 0.54375 0.4015625 0.0484375 0.0359375
2 0.51328125 0.43515625 0.0484375 0.03671875
2 0.4921875 0.46640625 0.0390625 0.02734375
2 0.39140625 0.4328125 0.04140625 0.03125
2 0.421875 0.4203125 0.03671875 0.0296875
2 0.446875 0.4 0.03203125 0.03203125
2 0.42265625 0.4421875 0.0359375 0.02109375
2 0.4921875 0.490625 0.04140625 0.02734375
2 0.5078125 0.5125 0.03828125 0.028125
2 0.53671875 0.4953125 0.03828125 0.02890625
2 0.56796875 0.48203125 0.0421875 0.03125
2 0.7484375 0.5609375 0.04140625 0.03203125
2 0.7734375 0.51953125 0.04140625 0.034375
2 0.70390625 0.51953125 0.04296875 0.0296875
2 0.66953125 0.5109375 0.04296875 0.028125
2 0.6984375 0.4875 0.03828125 0.0359375
2 0.56953125 0.353125 0.0390625 0.03046875
2 0.540625 0.37109375 0.03125 0.03359375
2 0.48359375 0.55546875 0.03984375 0.0296875
2 0.496875 0.328125 0.0421875 0.0328125
2 0.425 0.49765625 0.03671875 0.0234375
2 0.57421875 0.53359375 0.0390625 0.02890625
2 0.60625 0.54609375 0.0390625 0.025
2 0.5765625 0.5625 0.04609375 0.02265625
2 0.546875 0.58046875 0.03203125 0.028125
2 0.75703125 0.65078125 0.0453125 0.0265625
2 0.64140625 0.5421875 0.0390625 0.02734375