0 0.28203125 0.2265625 0.01875 0.025
2 0.34609375 0.22578125 0.01875 0.0234375
2 0.33046875 0.21796875 0.01875 0.025
2 0.3359375 0.24296875 0.01875 0.025
2 0.32109375 0.2359375 0.01875 0.028125
2 0.31640625 0.20859375 0.01875 0.025
2 0.30625 0.22421875 0.01875 0.0234375
2 0.31015625 0.253125 0.01875 0.028125
2 0.29765625 0.2390625 0.01875 0.025
2 0.3015625 0.19765625 0.0171875 0.028125
2 0.28671875 0.1953125 0.01875 0.0265625
2 0.26796875 0.19453125 0.01875 0.0296875
2 0.25703125 0.21015625 0.01875 0.025
2 0.25 0.23046875 0.01875 0.028125
2 0.26484375 0.23359375 0.01875 0.0234375
2 0.27109375 0.25390625 0.01875 0.0296875
2 0.2875 0.25859375 0.01875 0.028125
1 0.453125 0.51328125 0.01875 0.0234375
1 0.4625 0.52734375 0.01875 0.021875
1 0.45859375 0.54765625 0.0171875 0.025
1 0.446875 0.53203125 0.015625 0.025
0 0.453125 0.37421875 0.0171875 0.021875
0 0.4515625 0.3921875 0.01875 0.021875
0 0.45 0.41015625 0.0171875 0.021875
0 0.43359375 0.39375 0.01875 0.025
0 0.42109375 0.40546875 0.015625 0.021875
0 0.415625 0.42265625 0.015625 0.021875
0 0.43359375 0.41953125 0.01875 0.025
0 0.43203125 0.4375 0.01875 0.0203125
0 0.43046875 0.45546875 0.01875 0.0234375
0 0.44765625 0.43125 0.01875 0.0234375
0 0.44453125 0.45 0.0171875 0.0203125
0 0.446875 0.4671875 0.0171875 0.025
0 0.46015625 0.459375 0.01875 0.021875
0 0.4609375 0.4421875 0.015625 0.01875
0 0.46484375 0.42421875 0.01875 0.021875
0 0.48203125 0.43203125 0.01875 0.0234375
0 0.475 0.44921875 0.01875 0.0234375
0 0.48828125 0.46171875 0.015625 0.0234375
0 0.49296875 0.47890625 0.015625 0.021875
0 0.47421875 0.46953125 0.01875 0.025
0 0.4796875 0.4859375 0.015625 0.01875
0 0.4921875 0.496875 0.015625 0.021875
0 0.4921875 0.5171875 0.015625 0.0234375
0 0.47890625 0.50546875 0.015625 0.025
0 0.4796875 0.52421875 0.01875 0.0234375
0 0.46796875 0.4953125 0.015625 0.021875
0 0.4625 0.478125 0.0171875 0.021875
0 0.446875 0.4859375 0.0171875 0.021875
0 0.43046875 0.47734375 0.01875 0.0265625
0 0.4328125 0.496875 0.01875 0.025
0 0.4171875 0.50234375 0.01875 0.025
0 0.42734375 0.51796875 0.01875 0.021875
0 0.415625 0.5296875 0.0203125 0.025
0 0.40625 0.51640625 0.015625 0.025
0 0.40703125 0.546875 0.015625 0.0234375
0 0.428125 0.5421875 0.01875 0.0265625
0 0.421875 0.559375 0.0171875 0.0234375
0 0.42421875 0.578125 0.0203125 0.025
0 0.43515625 0.56953125 0.01875 0.021875
0 0.440625 0.553125 0.01875 0.025
0 0.459375 0.57890625 0.015625 0.021875
0 0.453125 0.56171875 0.015625 0.0234375
0 0.4796875 0.54296875 0.01875 0.0234375
0 0.4875 0.56015625 0.01875 0.025
0 0.471875 0.56796875 0.01875 0.025
0 0.48515625 0.5796875 0.01875 0.0234375
0 0.4734375 0.59140625 0.015625 0.0234375
0 0.4578125 0.5984375 0.01875 0.021875
0 0.44609375 0.58359375 0.015625 0.025
0 0.43359375 0.59453125 0.01875 0.025
0 0.4203125 0.603125 0.0171875 0.025
2 0.48984375 0.41796875 0.01875 0.028125
2 0.4984375 0.43671875 0.01875 0.0265625
2 0.503125 0.465625 0.015625 0.0234375
2 0.5078125 0.51796875 0.01875 0.0265625
2 0.5109375 0.5421875 0.0203125 0.0234375
2 0.496875 0.52890625 0.0171875 0.021875
2 0.4953125 0.54921875 0.0171875 0.021875
2 0.50703125 0.5625 0.01875 0.025
2 0.50703125 0.5828125 0.01875 0.021875
2 0.503125 0.6 0.0203125 0.025
2 0.5015625 0.61796875 0.0203125 0.025
2 0.4875 0.60703125 0.0171875 0.0234375
2 0.4734375 0.61328125 0.0171875 0.0265625
2 0.46015625 0.6203125 0.0171875 0.025
2 0.446875 0.609375 0.0171875 0.025
2 0.4359375 0.6203125 0.01875 0.025
2 0.42421875 0.62890625 0.01875 0.025
2 0.403125 0.58046875 0.01875 0.0265625
2 0.3984375 0.603125 0.01875 0.025
2 0.4125 0.6171875 0.0125 0.025
2 0.3921875 0.57109375 0.01875 0.0234375
2 0.3890625 0.590625 0.01875 0.025
2 0.378125 0.5609375 0.01875 0.0265625
2 0.38984375 0.5484375 0.01875 0.021875
2 0.47265625 0.39765625 0.01875 0.021875
2 0.44765625 0.36015625 0.015625 0.0203125
2 0.43203125 0.3625 0.01875 0.0234375
2 0.4171875 0.371875 0.01875 0.028125
2 0.403125 0.38125 0.0171875 0.0234375
2 0.39921875 0.39765625 0.021875 0.0265625
2 0.39453125 0.41640625 0.021875 0.0234375
2 0.39140625 0.43515625 0.0203125 0.025
2 0.40546875 0.4484375 0.0171875 0.021875
2 0.41796875 0.45859375 0.015625 0.0234375
2 0.4171875 0.47734375 0.015625 0.0234375
2 0.40390625 0.46796875 0.01875 0.021875
2 0.40078125 0.4859375 0.01875 0.021875
2 0.38984375 0.4546875 0.01875 0.021875
2 0.38828125 0.475 0.0203125 0.025
2 0.38515625 0.49296875 0.01875 0.025
2 0.390625 0.509375 0.01875 0.0234375
2 0.38828125 0.52890625 0.01875 0.0234375