1 0.5140625 0.32109375 0.025 0.034375
0 0.44921875 0.29140625 0.021875 0.03125
0 0.4625 0.26484375 0.025 0.034375
0 0.46875 0.290625 0.0234375 0.034375
0 0.45859375 0.31328125 0.021875 0.03125
0 0.4734375 0.33515625 0.0234375 0.034375
0 0.48046875 0.3109375 0.021875 0.0328125
0 0.4890625 0.28828125 0.021875 0.0328125
0 0.4828125 0.2640625 0.021875 0.0328125
0 0.5046875 0.2578125 0.021875 0.0328125
0 0.50703125 0.28515625 0.021875 0.028125
0 0.49765625 0.31171875 0.021875 0.03125
0 0.49140625 0.34140625 0.021875 0.034375
0 0.50390625 0.35703125 0.021875 0.034375
0 0.5015625 0.3859375 0.021875 0.0328125
0 0.5234375 0.3484375 0.0234375 0.028125
0 0.53125 0.32109375 0.021875 0.03125
0 0.54375 0.340625 0.0203125 0.03125
0 0.53828125 0.365625 0.021875 0.028125
0 0.55625 0.35546875 0.01875 0.034375
0 0.52109375 0.37421875 0.025 0.03125
0 0.5171875 0.39921875 0.021875 0.0328125
0 0.53515625 0.39296875 0.0203125 0.03125
0 0.5546875 0.38984375 0.0234375 0.0359375
0 0.5734375 0.38125 0.021875 0.03125
0 0.5546875 0.315625 0.0203125 0.03125
0 0.55546875 0.28828125 0.021875 0.03125
0 0.5671875 0.30703125 0.015625 0.03125
1 0.58203125 0.3046875 0.01875 0.03125
0 0.596875 0.2671875 0.0234375 0.034375
0 0.6171875 0.3359375 0.0234375 0.03125
0 0.61171875 0.3640625 0.021875 0.0328125
0 0.590625 0.36796875 0.021875 0.03125
0 0.62734375 0.378125 0.025 0.0359375
0 0.61015625 0.3921875 0.025 0.03125
0 0.59140625 0.39921875 0.021875 0.0328125
0 0.5734375 0.40625 0.025 0.028125
0 0.553125 0.4171875 0.025 0.034375
0 0.53359375 0.42421875 0.021875 0.034375
0 0.546875 0.4453125 0.021875 0.03125
0 0.5671875 0.43046875 0.025 0.034375
0 0.58828125 0.425 0.021875 0.034375
0 0.60859375 0.4171875 0.0234375 0.028125
0 0.63125 0.41015625 0.0234375 0.034375
0 0.62109375 0.43515625 0.0234375 0.03125
0 0.60078125 0.44453125 0.021875 0.034375
0 0.58203125 0.45390625 0.025 0.03125
0 0.5609375 0.459375 0.025 0.03125
0 0.53828125 0.47265625 0.0203125 0.03125
0 0.53671875 0.50703125 0.021875 0.034375
0 0.5546875 0.4953125 0.0234375 0.034375
0 0.55234375 0.51875 0.0234375 0.03125
0 0.6140625 0.4625 0.0203125 0.03125
0 0.59375 0.47109375 0.025 0.03125
0 0.57421875 0.4828125 0.025 0.034375
0 0.5890625 0.4984375 0.021875 0.03125
0 0.5734375 0.5125 0.021875 0.03125
0 0.565625 0.5390625 0.025 0.03125
0 0.5484375 0.54765625 0.025 0.0328125
0 0.56796875 0.5640625 0.021875 0.03125
0 0.58515625 0.55078125 0.021875 0.034375
0 0.59140625 0.525 0.025 0.0328125
0 0.60625 0.54296875 0.0234375 0.034375
0 0.60859375 0.48828125 0.025 0.03125
0 0.61484375 0.51484375 0.025 0.03125
0 0.628125 0.47421875 0.025 0.0328125
0 0.634375 0.5140625 0.025 0.03125
0 0.628125 0.5390625 0.025 0.0265625
2 0.409375 0.2671875 0.025 0.0328125
2 0.42734375 0.25703125 0.025 0.03125
2 0.421875 0.284375 0.025 0.03125
2 0.4421875 0.2734375 0.021875 0.028125
2 0.43359375 0.23125 0.025 0.0328125
2 0.4484375 0.24765625 0.0234375 0.03125
2 0.45078125 0.21875 0.0234375 0.034375
2 0.4671875 0.23671875 0.021875 0.03125
2 0.4734375 0.20703125 0.0234375 0.03125
2 0.48671875 0.22578125 0.021875 0.03125
2 0.49453125 0.19609375 0.025 0.0375
2 0.50625 0.21484375 0.021875 0.03125
2 0.5171875 0.2296875 0.0234375 0.0328125
2 0.43125 0.3296875 0.025 0.03125
2 0.44375 0.34921875 0.025 0.03125
2 0.459375 0.3625 0.021875 0.028125
2 0.47421875 0.3765625 0.0234375 0.034375
2 0.53515625 0.24453125 0.0234375 0.03125
2 0.5453125 0.265625 0.025 0.0296875
2 0.52734375 0.27734375 0.0234375 0.03125
2 0.540625 0.29609375 0.021875 0.03125
2 0.53984375 0.215625 0.021875 0.034375
2 0.55390625 0.23046875 0.025 0.034375
2 0.56484375 0.20546875 0.0234375 0.034375
2 0.57890625 0.2234375 0.028125 0.0375
2 0.590625 0.2421875 0.021875 0.03125
2 0.5671875 0.25078125 0.0234375 0.03125
2 0.5796875 0.27109375 0.021875 0.03125
2 0.6140625 0.2734375 0.021875 0.034375
2 0.62734375 0.2875 0.025 0.0359375
2 0.6421875 0.30546875 0.025 0.0375
2 0.60859375 0.30390625 0.0234375 0.0328125
2 0.6234375 0.31640625 0.0234375 0.0265625
2 0.6390625 0.3359375 0.0234375 0.03125
2 0.653125 0.35078125 0.0265625 0.0390625
2 0.6703125 0.36328125 0.0234375 0.034375
2 0.65234375 0.378125 0.0234375 0.034375
2 0.66953125 0.39140625 0.0265625 0.034375
2 0.646875 0.40703125 0.021875 0.0328125
2 0.66171875 0.41953125 0.025 0.034375
2 0.675 0.44140625 0.025 0.03125
2 0.65625 0.44609375 0.021875 0.0296875
2 0.63984375 0.434375 0.021875 0.03125
2 0.653125 0.471875 0.025 0.040625
2 0.6734375 0.46796875 0.025 0.0375
2 0.66875 0.49453125 0.0265625 0.03125
2 0.6609375 0.51953125 0.025 0.034375
2 0.65390625 0.546875 0.028125 0.0359375
2 0.64375 0.575 0.0234375 0.034375
2 0.62734375 0.55625 0.025 0.03125
2 0.62265625 0.5890625 0.025 0.0390625
2 0.60859375 0.56953125 0.025 0.034375
2 0.590625 0.58515625 0.0265625 0.03125
2 0.559375 0.5828125 0.028125 0.0328125
2 0.5265625 0.578125 0.025 0.034375
2 0.50625 0.58515625 0.025 0.034375
2 0.50859375 0.55625 0.0265625 0.0359375
2 0.528125 0.5515625 0.021875 0.03125
2 0.51484375 0.52890625 0.0296875 0.034375
2 0.51875 0.5015625 0.021875 0.03125
2 0.50625 0.4859375 0.025 0.034375
2 0.51328125 0.46015625 0.025 0.034375
2 0.53046875 0.45078125 0.021875 0.03125
2 0.52421875 0.4734375 0.01875 0.03125
2 0.51875 0.42890625 0.025 0.034375
2 0.5859375 0.3453125 0.021875 0.03125
2 0.50078125 0.43671875 0.021875 0.03125
2 0.4953125 0.46484375 0.0234375 0.034375
2 0.48046875 0.45 0.025 0.034375
2 0.48671875 0.42109375 0.021875 0.0375