0 0.2734375 0.62265625 0.03125 0.021875
0 0.2828125 0.60625 0.0265625 0.0234375
0 0.30859375 0.6046875 0.025 0.021875
0 0.3296875 0.5953125 0.03125 0.021875
0 0.328125 0.6140625 0.028125 0.021875
0 0.35390625 0.6171875 0.03125 0.025
0 0.315625 0.62734375 0.028125 0.021875
0 0.3390625 0.63515625 0.034375 0.0234375
0 0.32890625 0.65546875 0.03125 0.021875
2 0.21875 0.59296875 0.03125 0.025
2 0.24140625 0.5828125 0.028125 0.0234375
2 0.26484375 0.57265625 0.028125 0.021875
2 0.2640625 0.5921875 0.028125 0.0203125
2 0.24609375 0.60546875 0.028125 0.021875
2 0.21875 0.6140625 0.03125 0.025
2 0.22421875 0.634375 0.0265625 0.0234375
2 0.246875 0.62421875 0.0265625 0.021875
2 0.2515625 0.64453125 0.03125 0.021875
2 0.275 0.6578125 0.028125 0.021875
2 0.253125 0.66640625 0.0265625 0.025
2 0.259375 0.6828125 0.028125 0.0265625
2 0.27734375 0.671875 0.0265625 0.0265625
2 0.28046875 0.6953125 0.034375 0.0234375
2 0.29921875 0.6796875 0.025 0.025
2 0.32578125 0.6828125 0.03125 0.021875
2 0.303125 0.66015625 0.028125 0.025
2 0.29140625 0.6390625 0.0265625 0.021875
2 0.29296875 0.5796875 0.0265625 0.025
2 0.3171875 0.571875 0.03125 0.025
2 0.34140625 0.56875 0.028125 0.025
2 0.365625 0.5734375 0.025 0.025
2 0.35859375 0.59453125 0.028125 0.025
2 0.38046875 0.58828125 0.028125 0.025
2 0.403125 0.578125 0.028125 0.025
2 0.38046875 0.6109375 0.03125 0.021875
2 0.40703125 0.596875 0.028125 0.025
2 0.4015625 0.61953125 0.03125 0.025
2 0.38046875 0.63203125 0.03125 0.021875
2 0.3671875 0.6578125 0.0359375 0.021875
2 0.34765625 0.6703125 0.0296875 0.025
2 0.3921875 0.64921875 0.03125 0.021875
2 0.45 0.54296875 0.0375 0.0265625
2 0.4859375 0.63359375 0.0375 0.0296875
2 0.44921875 0.68125 0.0375 0.025
2 0.6328125 0.759375 0.0375 0.0234375