2 0.2078125 0.659375 0.025 0.0203125
2 0.18984375 0.66953125 0.0265625 0.01875
2 0.17578125 0.684375 0.028125 0.021875
2 0.1515625 0.6859375 0.028125 0.0234375
2 0.1359375 0.696875 0.0296875 0.021875
2 0.146875 0.71484375 0.03125 0.0234375
2 0.1875 0.71875 0.0328125 0.021875
2 0.1625 0.70078125 0.0265625 0.01875
2 0.1671875 0.7109375 0.0234375 0.0171875
2 0.2078125 0.70703125 0.0234375 0.021875
2 0.1859375 0.703125 0.025 0.01875
2 0.19921875 0.6890625 0.025 0.01875
2 0.215625 0.67578125 0.028125 0.01875
2 0.2234375 0.69140625 0.0265625 0.021875
2 0.23125 0.71015625 0.028125 0.01875
2 0.24765625 0.6984375 0.025 0.021875
2 0.23203125 0.64453125 0.03125 0.021875
2 0.23359375 0.66328125 0.025 0.0203125
2 0.2390625 0.68046875 0.025 0.01875
2 0.253125 0.65 0.025 0.01875
2 0.253125 0.66640625 0.028125 0.01875
2 0.2609375 0.68359375 0.028125 0.01875
2 0.27109375 0.7 0.0296875 0.021875
2 0.28515625 0.6890625 0.025 0.0171875
2 0.30625 0.69453125 0.025 0.021875
2 0.27890625 0.671875 0.025 0.01875
2 0.27421875 0.65546875 0.028125 0.0203125
2 0.26484375 0.63828125 0.0265625 0.021875
2 0.2875 0.64296875 0.0234375 0.01875
2 0.296875 0.66015625 0.0203125 0.0171875
2 0.30078125 0.67578125 0.0265625 0.01875
2 0.31796875 0.66640625 0.0265625 0.01875
2 0.3234375 0.684375 0.0265625 0.021875
2 0.340625 0.67265625 0.021875 0.01875
2 0.3328125 0.6546875 0.0265625 0.01875
2 0.31171875 0.65 0.025 0.0203125
2 0.2828125 0.62578125 0.028125 0.01875
2 0.30546875 0.63203125 0.025 0.01875
2 0.32578125 0.6375 0.0265625 0.01875
2 0.29765625 0.61484375 0.028125 0.021875
2 0.32109375 0.61953125 0.021875 0.01875
2 0.34140625 0.62578125 0.021875 0.01875
2 0.34921875 0.64140625 0.025 0.01875
2 0.353125 0.65859375 0.025 0.0203125
2 0.36015625 0.6765625 0.0234375 0.01875
2 0.3828125 0.67890625 0.025 0.01875
2 0.37734375 0.66171875 0.0234375 0.015625
2 0.3984375 0.66953125 0.025 0.01875
2 0.40703125 0.68515625 0.03125 0.01875
2 0.42109375 0.67421875 0.0234375 0.0203125
2 0.44375 0.675 0.0296875 0.01875
2 0.37109375 0.646875 0.025 0.01875
2 0.4140625 0.65703125 0.0234375 0.01875
2 0.31796875 0.603125 0.0234375 0.01875
2 0.33984375 0.60859375 0.0265625 0.01875
2 0.33125 0.59296875 0.028125 0.0203125
2 0.3546875 0.59765625 0.021875 0.0171875
2 0.359375 0.6140625 0.025 0.015625
2 0.3625 0.63046875 0.0234375 0.0171875
2 0.37578125 0.60234375 0.021875 0.0171875
2 0.4359375 0.65859375 0.025 0.01875
2 0.459375 0.659375 0.025 0.01875
2 0.44921875 0.6453125 0.025 0.015625
2 0.4734375 0.64921875 0.025 0.021875
2 0.48984375 0.6375 0.021875 0.0203125
2 0.5015625 0.6234375 0.028125 0.0203125
2 0.525 0.6234375 0.025 0.01875
2 0.5390625 0.60859375 0.0265625 0.01875
2 0.34765625 0.58125 0.028125 0.01875
2 0.3640625 0.56796875 0.025 0.01875
2 0.36953125 0.5859375 0.0234375 0.01875
2 0.3859375 0.575 0.021875 0.0203125
2 0.4109375 0.5484375 0.0265625 0.01875
2 0.39921875 0.57265625 0.025 0.015625
2 0.46328125 0.528125 0.0234375 0.01875
2 0.55390625 0.596875 0.03125 0.021875
2 0.56796875 0.584375 0.025 0.01875
2 0.58046875 0.5703125 0.0296875 0.01875
2 0.478125 0.51484375 0.03125 0.01875
2 0.4921875 0.5015625 0.028125 0.01875
2 0.509375 0.4890625 0.0234375 0.0203125
2 0.52265625 0.47578125 0.028125 0.01875
2 0.59453125 0.55546875 0.028125 0.015625
2 0.578125 0.4671875 0.0265625 0.01875
2 0.58125 0.4515625 0.025 0.01875
2 0.5953125 0.44375 0.025 0.0203125
2 0.615625 0.44765625 0.021875 0.01875
2 0.628125 0.43515625 0.025 0.0171875
2 0.68125 0.52109375 0.0328125 0.0203125
2 0.690625 0.5046875 0.025 0.01875
2 0.721875 0.484375 0.0234375 0.0203125
2 0.64140625 0.425 0.0234375 0.015625
2 0.66171875 0.4296875 0.0234375 0.015625
2 0.6546875 0.41328125 0.028125 0.021875
2 0.6734375 0.403125 0.025 0.01875
2 0.6875 0.39140625 0.0234375 0.0203125
2 0.71015625 0.39453125 0.0234375 0.01875
2 0.7296875 0.38828125 0.025 0.01875
2 0.73203125 0.4046875 0.025 0.01875
2 0.778125 0.41796875 0.021875 0.0203125
2 0.7546875 0.40859375 0.025 0.01875
2 0.759375 0.421875 0.021875 0.015625
2 0.73359375 0.4734375 0.0234375 0.01875
2 0.7546875 0.47109375 0.025 0.0203125
0 0.775 0.4421875 0.028125 0.0203125
0 0.75625 0.45390625 0.025 0.015625
0 0.7515625 0.43671875 0.0265625 0.01875
0 0.72890625 0.4328125 0.028125 0.01875
0 0.7125 0.4265625 0.0296875 0.0171875
0 0.6984375 0.41328125 0.0265625 0.01875
0 0.68515625 0.428125 0.025 0.0171875
0 0.69609375 0.4390625 0.0234375 0.0171875
0 0.715625 0.4453125 0.0234375 0.0171875
0 0.734375 0.45 0.025 0.01875
0 0.72109375 0.46171875 0.0265625 0.015625
0 0.7 0.45703125 0.025 0.0140625
0 0.39140625 0.65078125 0.025 0.01875
0 0.41796875 0.63515625 0.028125 0.021875
0 0.3890625 0.63203125 0.0296875 0.021875
0 0.41015625 0.61484375 0.021875 0.01875
0 0.4328125 0.6203125 0.01875 0.01875
0 0.45234375 0.62578125 0.0265625 0.0203125
0 0.428125 0.603125 0.021875 0.01875
0 0.4484375 0.609375 0.021875 0.0171875
0 0.47578125 0.615625 0.0234375 0.01875
0 0.41796875 0.57109375 0.025 0.015625
0 0.40859375 0.5859375 0.021875 0.01875
0 0.4265625 0.5875 0.01875 0.0171875
0 0.44765625 0.5921875 0.021875 0.0171875
0 0.46640625 0.59765625 0.0234375 0.01875
0 0.48671875 0.596875 0.0234375 0.0171875
0 0.490625 0.6109375 0.025 0.015625
0 0.5078125 0.596875 0.0265625 0.01875
0 0.48359375 0.58203125 0.025 0.01875
0 0.46640625 0.58359375 0.025 0.0171875
0 0.44375 0.57578125 0.0234375 0.0171875
0 0.434375 0.5609375 0.025 0.01875
0 0.45703125 0.56484375 0.025 0.01875
0 0.45234375 0.55 0.025 0.01875
0 0.503125 0.58125 0.021875 0.0171875
0 0.5234375 0.58359375 0.0234375 0.0171875
0 0.48046875 0.565625 0.0234375 0.01875
0 0.4703125 0.5515625 0.021875 0.015625
0 0.48046875 0.53671875 0.01875 0.015625
0 0.49453125 0.54921875 0.021875 0.0171875
0 0.5390625 0.52890625 0.025 0.0171875
0 0.58046875 0.53515625 0.025 0.01875
0 0.6015625 0.5390625 0.021875 0.0171875
0 0.6171875 0.52578125 0.025 0.0171875
0 0.56015625 0.4875 0.021875 0.0171875
0 0.521875 0.56796875 0.0203125 0.015625
0 0.54296875 0.57578125 0.0234375 0.015625
0 0.5359375 0.5578125 0.021875 0.0171875
0 0.55703125 0.5609375 0.0203125 0.0140625
0 0.5671875 0.5484375 0.025 0.0171875
0 0.6453125 0.50390625 0.025 0.015625
0 0.63984375 0.48828125 0.025 0.01875
0 0.596875 0.48203125 0.021875 0.01875
0 0.51875 0.52578125 0.0265625 0.01875
0 0.5515625 0.51796875 0.0234375 0.01875
0 0.65390625 0.478125 0.025 0.01875
0 0.6578125 0.44609375 0.0203125 0.0171875
0 0.68125 0.453125 0.021875 0.01875