0 0.678125 0.54921875 0.015625 0.015625
0 0.6609375 0.5328125 0.0203125 0.0125
0 0.6625 0.54375 0.0171875 0.0109375
0 0.67109375 0.56015625 0.015625 0.009375
0 0.65546875 0.559375 0.015625 0.0109375
0 0.646875 0.54921875 0.015625 0.0109375
0 0.63359375 0.5421875 0.0171875 0.009375
0 0.6421875 0.534375 0.0171875 0.0140625
0 0.62734375 0.53125 0.0171875 0.0125
0 0.61875 0.53984375 0.01875 0.0109375
0 0.6015625 0.5375 0.015625 0.0125
0 0.60625 0.5484375 0.01875 0.0125
0 0.62421875 0.55234375 0.0203125 0.0109375
0 0.63671875 0.55859375 0.0109375 0.0109375
0 0.64609375 0.56640625 0.015625 0.0125
0 0.66328125 0.56875 0.021875 0.0109375
0 0.65390625 0.57890625 0.01875 0.0109375
0 0.65546875 0.590625 0.015625 0.0109375
0 0.6359375 0.59375 0.015625 0.0125
0 0.625 0.5859375 0.01875 0.009375
0 0.63203125 0.578125 0.0171875 0.0125
0 0.62734375 0.56640625 0.015625 0.0125
0 0.61171875 0.55859375 0.01875 0.0125
0 0.6171875 0.5734375 0.021875 0.0125
0 0.59609375 0.559375 0.0171875 0.0125
0 0.60078125 0.57109375 0.01875 0.0125
0 0.6078125 0.5828125 0.01875 0.0109375
0 0.58984375 0.5796875 0.01875 0.0125
0 0.59609375 0.590625 0.021875 0.0109375
0 0.61328125 0.59140625 0.0203125 0.0125
0 0.62578125 0.60078125 0.0203125 0.0109375
0 0.64765625 0.60078125 0.0171875 0.009375
0 0.63671875 0.61015625 0.01875 0.009375
0 0.6296875 0.61953125 0.01875 0.009375
0 0.61875 0.61171875 0.01875 0.0109375
0 0.6078125 0.60078125 0.015625 0.0125
0 0.58828125 0.60078125 0.0203125 0.0125
0 0.57890625 0.59140625 0.0171875 0.0109375
0 0.565625 0.59609375 0.0171875 0.015625
0 0.58125 0.61015625 0.0203125 0.009375
0 0.5984375 0.61171875 0.0171875 0.009375
0 0.61328125 0.62109375 0.01875 0.0109375
0 0.62265625 0.63203125 0.01875 0.015625
0 0.63203125 0.640625 0.01875 0.0109375
0 0.64609375 0.6484375 0.021875 0.015625
0 0.6421875 0.65859375 0.01875 0.0125
0 0.62265625 0.65078125 0.01875 0.009375
0 0.62421875 0.6625 0.0203125 0.0125
0 0.63515625 0.66953125 0.015625 0.0125
0 0.60625 0.65625 0.015625 0.009375
0 0.60625 0.64296875 0.015625 0.0109375
0 0.60390625 0.63125 0.015625 0.0140625
0 0.59296875 0.6390625 0.0171875 0.0125
0 0.584375 0.6265625 0.01875 0.0125
0 0.578125 0.64296875 0.01875 0.0109375
0 0.59140625 0.65 0.0171875 0.0109375
0 0.58828125 0.659375 0.0203125 0.009375
0 0.6 0.66796875 0.0203125 0.0125
0 0.61875 0.67265625 0.0203125 0.0125
0 0.6265625 0.6828125 0.021875 0.0125
0 0.61171875 0.6828125 0.01875 0.0125
0 0.59765625 0.68203125 0.015625 0.0125
0 0.58515625 0.6734375 0.01875 0.0125
0 0.57265625 0.665625 0.015625 0.0140625
0 0.58046875 0.6828125 0.021875 0.0140625
0 0.58828125 0.6953125 0.021875 0.015625
0 0.60078125 0.70625 0.01875 0.0125
0 0.71875 0.51015625 0.0171875 0.0125
0 0.703125 0.5109375 0.015625 0.009375
0 0.70078125 0.50234375 0.015625 0.0125
0 0.6921875 0.496875 0.015625 0.0125
0 0.71640625 0.5 0.01875 0.0125
0 0.73046875 0.49375 0.01875 0.0125
0 0.74609375 0.48671875 0.01875 0.0125
0 0.75546875 0.47421875 0.0171875 0.009375
0 0.7390625 0.475 0.015625 0.0125
0 0.740625 0.46328125 0.015625 0.015625
0 0.75859375 0.46328125 0.01875 0.0125
0 0.75703125 0.45234375 0.01875 0.0109375
0 0.72578125 0.4578125 0.0125 0.0125
0 0.7125 0.45390625 0.01875 0.0109375
0 0.70703125 0.4640625 0.01875 0.0125
0 0.72109375 0.46875 0.0171875 0.0125
0 0.7234375 0.4796875 0.01875 0.0125
0 0.70703125 0.47578125 0.0171875 0.0125
0 0.7109375 0.4859375 0.021875 0.0125
0 0.69453125 0.484375 0.015625 0.0125
0 0.678125 0.48046875 0.01875 0.0125
0 0.69453125 0.47109375 0.01875 0.0125
0 0.690625 0.46015625 0.0171875 0.015625
0 0.67578125 0.4671875 0.0171875 0.0140625
0 0.60859375 0.78046875 0.021875 0.015625
0 0.59296875 0.78671875 0.015625 0.0125
2 0.66640625 0.65390625 0.021875 0.015625
2 0.625 0.7 0.021875 0.015625
2 0.61953125 0.71171875 0.01875 0.015625
2 0.62109375 0.72421875 0.0203125 0.015625
2 0.61875 0.73828125 0.01875 0.015625
2 0.61640625 0.74921875 0.021875 0.0125
2 0.60078125 0.74140625 0.021875 0.0140625
2 0.60390625 0.73046875 0.021875 0.015625
2 0.60234375 0.71796875 0.0203125 0.015625
2 0.65703125 0.6671875 0.015625 0.015625
2 0.55625 0.68046875 0.01875 0.0140625
2 0.54375 0.69140625 0.021875 0.0171875
2 0.56015625 0.69375 0.01875 0.0125
2 0.56875 0.70234375 0.0171875 0.0125
2 0.55078125 0.703125 0.0203125 0.015625
2 0.58125 0.71015625 0.015625 0.0125
2 0.56328125 0.7125 0.01875 0.015625
2 0.54609375 0.71484375 0.0203125 0.015625
2 0.5421875 0.7265625 0.021875 0.015625
2 0.55703125 0.72421875 0.01875 0.015625
2 0.57421875 0.7234375 0.015625 0.0140625
2 0.58828125 0.71875 0.01875 0.0140625
2 0.5859375 0.7328125 0.01875 0.0125
2 0.56875 0.734375 0.01875 0.0125
2 0.55078125 0.7375 0.01875 0.0125
2 0.5828125 0.74375 0.01875 0.0125
2 0.56328125 0.7453125 0.0203125 0.015625
2 0.546875 0.74765625 0.021875 0.015625
2 0.59453125 0.75234375 0.0203125 0.0140625
2 0.5734375 0.75390625 0.01875 0.015625
2 0.609375 0.759375 0.01875 0.0125
2 0.58828125 0.76171875 0.0171875 0.0109375
2 0.584375 0.77265625 0.0171875 0.0125
2 0.56953125 0.765625 0.015625 0.015625
2 0.55703125 0.75859375 0.0171875 0.0140625
2 0.6375 0.7796875 0.021875 0.015625
2 0.63515625 0.7921875 0.021875 0.015625
2 0.634375 0.80546875 0.021875 0.0140625
2 0.61640625 0.80078125 0.0171875 0.0125
2 0.6 0.80625 0.01875 0.0125
2 0.61796875 0.8125 0.01875 0.015625
2 0.63046875 0.82109375 0.021875 0.015625
2 0.63828125 0.8328125 0.025 0.01875
2 0.61796875 0.840625 0.01875 0.015625
2 0.6109375 0.82734375 0.01875 0.015625
2 0.59921875 0.81796875 0.0203125 0.0171875
2 0.59765625 0.8328125 0.0203125 0.015625
2 0.60234375 0.84765625 0.021875 0.0171875
2 0.58359375 0.85234375 0.021875 0.0171875
2 0.58125 0.840625 0.021875 0.0125
2 0.58125 0.825 0.01875 0.01875
2 0.5671875 0.83125 0.021875 0.015625
2 0.54609375 0.82421875 0.025 0.01875
2 0.56328125 0.81796875 0.01875 0.0140625
2 0.58125 0.8140625 0.025 0.015625
2 0.5671875 0.80625 0.01875 0.015625
2 0.54609375 0.81171875 0.025 0.0171875
2 0.5828125 0.8 0.021875 0.0125
2 0.5671875 0.7921875 0.0171875 0.0140625
2 0.55078125 0.796875 0.021875 0.015625
2 0.55078125 0.78515625 0.021875 0.0140625
2 0.5671875 0.7796875 0.01875 0.015625
2 0.553125 0.771875 0.021875 0.0125
2 0.565625 0.653125 0.01875 0.015625
2 0.54609375 0.65234375 0.0171875 0.0140625
2 0.55625 0.6421875 0.01875 0.0140625
2 0.54453125 0.63515625 0.01875 0.0125
2 0.56015625 0.63046875 0.021875 0.0140625
2 0.56640625 0.6203125 0.0203125 0.0140625
2 0.54609375 0.6234375 0.01875 0.0140625
2 0.553125 0.61171875 0.0203125 0.0125
2 0.6625 0.63125 0.01875 0.015625
2 0.64453125 0.6328125 0.0203125 0.015625
2 0.6515625 0.62265625 0.021875 0.0125
2 0.665625 0.6078125 0.01875 0.015625
2 0.54453125 0.60078125 0.01875 0.0125
2 0.55078125 0.59140625 0.01875 0.0125
2 0.67109375 0.59375 0.0203125 0.0125
2 0.67890625 0.5828125 0.01875 0.0125
2 0.56484375 0.58046875 0.0203125 0.015625
2 0.57109375 0.56640625 0.0203125 0.0125
2 0.5796875 0.55625 0.01875 0.0125
2 0.57734375 0.5453125 0.021875 0.0125
2 0.58125 0.53359375 0.01875 0.0125
2 0.69375 0.55 0.0171875 0.015625
2 0.70546875 0.54296875 0.01875 0.0140625
2 0.68828125 0.5390625 0.01875 0.0125
2 0.69296875 0.52890625 0.01875 0.015625
2 0.67578125 0.53125 0.015625 0.015625
2 0.71015625 0.53046875 0.021875 0.015625
2 0.72578125 0.52578125 0.01875 0.015625
2 0.64375 0.521875 0.021875 0.015625
2 0.6265625 0.51875 0.01875 0.0125
2 0.6109375 0.5171875 0.01875 0.0125
2 0.59453125 0.51875 0.0203125 0.0125
2 0.61171875 0.528125 0.015625 0.0125
2 0.65625 0.51328125 0.0171875 0.0125
2 0.64140625 0.51015625 0.01875 0.0140625
2 0.6734375 0.51796875 0.0203125 0.015625
2 0.6890625 0.51328125 0.015625 0.0125
2 0.67578125 0.50625 0.0203125 0.0125
2 0.6578125 0.5 0.0203125 0.0140625
2 0.675 0.49296875 0.01875 0.0125
2 0.6609375 0.48828125 0.01875 0.0125
2 0.659375 0.4765625 0.01875 0.0140625
2 0.6546875 0.4640625 0.0203125 0.015625
2 0.6703125 0.45625 0.021875 0.0125
2 0.68203125 0.446875 0.021875 0.015625
2 0.69765625 0.44140625 0.01875 0.0125
2 0.71328125 0.44375 0.01875 0.0125
2 0.7421875 0.44609375 0.0171875 0.0140625
2 0.7578125 0.4421875 0.0203125 0.015625
2 0.7765625 0.4375 0.01875 0.0125
2 0.77265625 0.45 0.015625 0.015625
2 0.77578125 0.4625 0.01875 0.015625
2 0.78359375 0.471875 0.015625 0.0125
2 0.77890625 0.484375 0.01875 0.015625
2 0.76328125 0.4859375 0.015625 0.0125
2 0.73203125 0.51015625 0.015625 0.0140625
2 0.82890625 0.47109375 0.01875 0.0140625
2 0.8265625 0.45859375 0.01875 0.0140625
2 0.8109375 0.465625 0.021875 0.015625
2 0.8 0.47734375 0.0203125 0.015625
2 0.79375 0.4640625 0.01875 0.015625
2 0.8046875 0.45390625 0.01875 0.0140625
2 0.82265625 0.446875 0.021875 0.0171875
2 0.8046875 0.43984375 0.01875 0.015625
2 0.78828125 0.446875 0.0140625 0.0140625
2 0.67890625 0.56953125 0.0171875 0.0125