0 0.63203125 0.55390625 0.0375 0.028125
0 0.62421875 0.57890625 0.034375 0.03125
0 0.59921875 0.55625 0.034375 0.025
0 0.56953125 0.553125 0.040625 0.025
0 0.5390625 0.53984375 0.034375 0.0296875
0 0.5921875 0.57890625 0.0375 0.0265625
0 0.5640625 0.5765625 0.0375 0.0265625
0 0.590625 0.60234375 0.040625 0.028125
2 0.7453125 0.61640625 0.0359375 0.03125
2 0.73984375 0.6421875 0.040625 0.0265625
2 0.73046875 0.59765625 0.0328125 0.025
2 0.7125 0.61953125 0.034375 0.025
2 0.67734375 0.634375 0.034375 0.025
2 0.48203125 0.59453125 0.03125 0.0234375
2 0.58671875 0.63671875 0.03125 0.025
2 0.67734375 0.5359375 0.034375 0.025
2 0.50625 0.6109375 0.03125 0.0234375
2 0.64609375 0.63828125 0.034375 0.021875
2 0.646875 0.6671875 0.03125 0.021875
2 0.68046875 0.6625 0.0328125 0.025
2 0.65234375 0.51875 0.034375 0.025
2 0.61171875 0.65234375 0.034375 0.025
2 0.7046875 0.64453125 0.03125 0.0234375
2 0.53671875 0.60546875 0.034375 0.025
2 0.5609375 0.62109375 0.034375 0.025
2 0.69609375 0.590625 0.0375 0.025
2 0.45859375 0.578125 0.03125 0.021875
2 0.61796875 0.628125 0.034375 0.025
2 0.46875 0.534375 0.03125 0.0234375
2 0.68125 0.56953125 0.034375 0.0234375
2 0.5515625 0.64375 0.03125 0.021875
2 0.46328125 0.55703125 0.03125 0.025
2 0.61953125 0.521875 0.034375 0.0234375
2 0.5875 0.5265625 0.0328125 0.025
2 0.51640625 0.565625 0.034375 0.0234375
2 0.528125 0.628125 0.03125 0.021875
2 0.5046875 0.5046875 0.034375 0.025
2 0.56015625 0.5125 0.034375 0.025
2 0.4921875 0.55078125 0.034375 0.025
2 0.475 0.51015625 0.03125 0.025
2 0.52890625 0.52109375 0.034375 0.025
2 0.6078125 0.67578125 0.03125 0.0234375
2 0.6203125 0.60390625 0.034375 0.025
2 0.6421875 0.5390625 0.034375 0.021875
2 0.51015625 0.5890625 0.0328125 0.025
2 0.33203125 0.53828125 0.03125 0.025
2 0.4359375 0.5109375 0.0328125 0.025
2 0.42734375 0.5390625 0.03125 0.025
2 0.31953125 0.51953125 0.0328125 0.0234375
2 0.48828125 0.5734375 0.034375 0.028125
2 0.66015625 0.590625 0.040625 0.028125
2 0.4984375 0.5265625 0.034375 0.025
2 0.54296875 0.4828125 0.03125 0.025
2 0.54296875 0.58125 0.0375 0.0296875
2 0.32421875 0.5640625 0.03125 0.0234375
2 0.5671875 0.5953125 0.0328125 0.028125
2 0.459375 0.46640625 0.034375 0.025
0 0.6109375 0.54609375 0.03125 0.021875
2 0.54609375 0.56015625 0.0296875 0.025
2 0.65234375 0.6125 0.0375 0.025
2 0.6828125 0.6109375 0.03125 0.025