2 0.5921875 0.60703125 0.059375 0.0671875
2 0.53125 0.603125 0.046875 0.059375
2 0.66484375 0.59765625 0.05 0.0625
2 0.6265625 0.55859375 0.0546875 0.065625
2 0.59453125 0.334375 0.05 0.0625
2 0.71171875 0.6 0.05625 0.06875
2 0.6546875 0.5109375 0.05625 0.06875
2 0.65703125 0.41171875 0.05 0.0671875
2 0.48671875 0.58046875 0.05 0.065625
2 0.5734375 0.45 0.05 0.0640625
2 0.43671875 0.5625 0.053125 0.0625
2 0.60078125 0.51015625 0.05 0.06875
2 0.5234375 0.540625 0.0484375 0.065625
2 0.72421875 0.50078125 0.053125 0.071875
2 0.47734375 0.52265625 0.0484375 0.0625
2 0.40390625 0.45390625 0.053125 0.065625
2 0.459375 0.3265625 0.046875 0.0640625
2 0.74921875 0.5578125 0.0515625 0.065625
2 0.4203125 0.3609375 0.0484375 0.065625
2 0.55 0.3203125 0.0515625 0.06875
2 0.40078125 0.58984375 0.046875 0.059375
2 0.6875 0.4546875 0.0484375 0.059375
2 0.56640625 0.5625 0.0484375 0.059375
2 0.53125 0.43125 0.0484375 0.0609375
2 0.59609375 0.4078125 0.0546875 0.065625
2 0.696875 0.546875 0.053125 0.059375
2 0.3828125 0.53125 0.0453125 0.0625
2 0.46484375 0.46484375 0.05 0.065625
2 0.50546875 0.30625 0.0453125 0.059375
2 0.5078125 0.478125 0.05 0.065625
2 0.55859375 0.38125 0.053125 0.05625
2 0.546875 0.50546875 0.0484375 0.0671875
2 0.43671875 0.4125 0.05 0.0578125
2 0.48203125 0.41796875 0.053125 0.059375
2 0.43125 0.4984375 0.040625 0.059375
2 0.50703125 0.36640625 0.0453125 0.0625
2 0.79453125 0.59921875 0.059375 0.084375
2 0.62265625 0.45859375 0.05 0.0625