0 0.678125 0.67421875 0.028125 0.0328125
0 0.6953125 0.65546875 0.0328125 0.0421875
0 0.68828125 0.625 0.03125 0.034375
0 0.665625 0.6359375 0.0328125 0.0375
0 0.64921875 0.61171875 0.03125 0.0375
0 0.65625 0.5875 0.03125 0.034375
0 0.6796875 0.59375 0.0296875 0.0375
0 0.7046875 0.59453125 0.03125 0.0375
0 0.6875 0.56875 0.0296875 0.0359375
0 0.665625 0.559375 0.028125 0.034375
0 0.6375 0.565625 0.0296875 0.034375
0 0.61484375 0.56640625 0.03125 0.0375
0 0.62109375 0.5359375 0.03125 0.04375
0 0.63671875 0.5125 0.0296875 0.034375
0 0.65234375 0.48671875 0.03125 0.0359375
0 0.646875 0.5390625 0.03125 0.034375
0 0.66171875 0.51796875 0.03125 0.0375
0 0.67890625 0.534375 0.03125 0.0375
2 0.5109375 0.52890625 0.03125 0.034375
2 0.5140625 0.484375 0.03125 0.040625
2 0.52890625 0.50625 0.03125 0.04375
2 0.53984375 0.47578125 0.028125 0.0359375
2 0.54609375 0.45078125 0.028125 0.034375
2 0.53359375 0.42734375 0.03125 0.0375
2 0.5421875 0.52578125 0.0296875 0.0359375
2 0.54609375 0.55859375 0.028125 0.034375
2 0.5546875 0.50078125 0.0265625 0.034375
2 0.5640625 0.52421875 0.025 0.034375
2 0.5640625 0.4703125 0.028125 0.034375
2 0.57265625 0.43828125 0.028125 0.04375
2 0.5765625 0.49609375 0.025 0.03125
2 0.5875 0.4703125 0.028125 0.0390625
2 0.596875 0.43359375 0.0265625 0.0375
2 0.59921875 0.40078125 0.034375 0.0375
2 0.596875 0.30078125 0.03125 0.040625
2 0.59921875 0.50234375 0.028125 0.040625
2 0.6171875 0.47890625 0.028125 0.034375
2 0.609375 0.4484375 0.0265625 0.0375
2 0.5875 0.53125 0.028125 0.0421875
2 0.57109375 0.55625 0.0296875 0.040625
2 0.56796875 0.584375 0.028125 0.0375
2 0.5921875 0.5875 0.0234375 0.0375
2 0.596875 0.55703125 0.025 0.03125
2 0.578125 0.6140625 0.028125 0.0375
2 0.58984375 0.64140625 0.03125 0.0390625
2 0.60546875 0.6125 0.028125 0.0375
2 0.6265625 0.62578125 0.028125 0.034375
2 0.6125 0.6515625 0.028125 0.04375
2 0.5953125 0.6734375 0.028125 0.0375
2 0.60390625 0.70703125 0.03125 0.0390625
2 0.62109375 0.678125 0.03125 0.0359375
2 0.62421875 0.72265625 0.028125 0.0421875
2 0.6390625 0.70390625 0.028125 0.040625
2 0.66015625 0.721875 0.034375 0.0453125
2 0.634375 0.65703125 0.028125 0.0390625
2 0.653125 0.6578125 0.0234375 0.034375
2 0.6609375 0.684375 0.025 0.034375
2 0.68203125 0.70390625 0.028125 0.03125
2 0.7015625 0.68125 0.025 0.034375
2 0.7234375 0.69296875 0.03125 0.040625
2 0.73984375 0.67109375 0.0328125 0.040625
2 0.71796875 0.65546875 0.028125 0.04375
2 0.73515625 0.6359375 0.034375 0.04375
2 0.71953125 0.6140625 0.03125 0.0375
2 0.721875 0.58359375 0.0296875 0.0390625
2 0.70859375 0.55390625 0.03125 0.040625
2 0.6984375 0.52578125 0.03125 0.0375
2 0.6875 0.5015625 0.034375 0.0375
2 0.671875 0.48046875 0.025 0.0328125
2 0.66328125 0.45234375 0.0328125 0.040625
2 0.63515625 0.44765625 0.03125 0.0375
2 0.65078125 0.42265625 0.034375 0.04375