1 0.45078125 0.4875 0.021875 0.0296875
1 0.43125 0.48359375 0.0203125 0.0265625
1 0.44296875 0.4625 0.01875 0.025
1 0.4265625 0.4515625 0.0203125 0.028125
1 0.4453125 0.44140625 0.01875 0.0265625
1 0.459375 0.4328125 0.021875 0.0265625
1 0.46015625 0.41015625 0.021875 0.025
1 0.44375 0.4203125 0.01875 0.0296875
1 0.42578125 0.43203125 0.01875 0.028125
1 0.42734375 0.409375 0.01875 0.021875
1 0.4265625 0.3859375 0.0203125 0.028125
1 0.4453125 0.39140625 0.021875 0.025
1 0.44375 0.3734375 0.021875 0.0265625
1 0.43671875 0.3484375 0.025 0.025
1 0.428125 0.328125 0.021875 0.028125
1 0.4140625 0.3453125 0.021875 0.03125
1 0.42890625 0.29765625 0.025 0.03125
0 0.47421875 0.334375 0.021875 0.03125
0 0.465625 0.30390625 0.025 0.03125
0 0.44609375 0.3078125 0.021875 0.028125
0 0.45078125 0.2828125 0.021875 0.03125
0 0.43125 0.2765625 0.025 0.025
0 0.4578125 0.325 0.021875 0.0296875
0 0.4609375 0.35078125 0.0203125 0.03125
0 0.47578125 0.36015625 0.0203125 0.0296875
0 0.4796875 0.38515625 0.01875 0.0375
0 0.4625 0.37578125 0.021875 0.028125
0 0.47890625 0.40859375 0.021875 0.025
0 0.4796875 0.43046875 0.021875 0.025
0 0.47890625 0.45078125 0.021875 0.028125
0 0.48046875 0.47890625 0.0203125 0.0265625
0 0.465625 0.4671875 0.021875 0.021875
0 0.4703125 0.490625 0.0203125 0.025
0 0.47109375 0.515625 0.021875 0.028125
0 0.45859375 0.5328125 0.01875 0.03125
0 0.44296875 0.521875 0.025 0.028125
0 0.43125 0.50859375 0.021875 0.025
0 0.41484375 0.52421875 0.021875 0.028125
0 0.41640625 0.5 0.021875 0.0296875
0 0.40859375 0.47578125 0.025 0.0328125
0 0.40234375 0.446875 0.028125 0.028125
0 0.4015625 0.42421875 0.021875 0.0296875
0 0.3859375 0.41328125 0.01875 0.028125
0 0.39765625 0.39609375 0.021875 0.0296875
0 0.38359375 0.38515625 0.025 0.03125
0 0.39921875 0.375 0.025 0.028125
0 0.38125 0.3546875 0.0234375 0.0296875
0 0.3984375 0.3265625 0.0234375 0.028125
0 0.39453125 0.30859375 0.025 0.028125
0 0.3890625 0.2828125 0.0234375 0.0328125
0 0.41015625 0.2890625 0.0234375 0.0296875
0 0.4109375 0.2671875 0.021875 0.028125
0 0.38984375 0.26015625 0.025 0.0265625
0 0.40546875 0.24453125 0.021875 0.03125
0 0.4265625 0.253125 0.0265625 0.0296875
0 0.44296875 0.23515625 0.025 0.0296875
0 0.4375 0.2109375 0.025 0.0296875
0 0.43359375 0.18671875 0.021875 0.0265625
0 0.4265625 0.16328125 0.025 0.034375
0 0.421875 0.2296875 0.025 0.0265625
0 0.41796875 0.209375 0.0265625 0.0296875
0 0.41484375 0.1828125 0.021875 0.0328125
0 0.40078125 0.16640625 0.025 0.034375
0 0.39609375 0.19375 0.021875 0.03125
0 0.4 0.21953125 0.0265625 0.0328125
0 0.38515625 0.234375 0.025 0.0328125
2 0.5078125 0.46796875 0.025 0.0296875
2 0.50703125 0.44375 0.021875 0.025
2 0.509375 0.42265625 0.021875 0.0265625
2 0.49609375 0.4078125 0.0203125 0.025
2 0.49375 0.38671875 0.0203125 0.025
2 0.49296875 0.3640625 0.021875 0.0296875
2 0.49296875 0.33984375 0.0234375 0.028125
2 0.48984375 0.31953125 0.021875 0.028125
2 0.496875 0.2953125 0.021875 0.028125
2 0.4796875 0.2984375 0.021875 0.025
2 0.47421875 0.27578125 0.0234375 0.03125
2 0.4734375 0.2546875 0.0265625 0.03125
2 0.46796875 0.22734375 0.025 0.03125
2 0.4640625 0.20234375 0.0265625 0.028125
2 0.45625 0.18125 0.025 0.0296875
2 0.44921875 0.15859375 0.025 0.03125
2 0.503125 0.4921875 0.021875 0.028125
2 0.50078125 0.51640625 0.021875 0.025
2 0.48671875 0.5 0.021875 0.0265625
2 0.5 0.540625 0.0203125 0.03125
2 0.48515625 0.52734375 0.01875 0.025
2 0.48203125 0.55 0.021875 0.03125
2 0.46953125 0.56171875 0.021875 0.025
2 0.45625 0.55390625 0.01875 0.025
2 0.44296875 0.5703125 0.0203125 0.0265625
2 0.43359375 0.5546875 0.021875 0.0296875
2 0.41796875 0.56875 0.021875 0.025
2 0.4203125 0.54609375 0.021875 0.0265625
2 0.3984375 0.50546875 0.021875 0.03125
2 0.37890625 0.44921875 0.025 0.03125
2 0.3671875 0.334375 0.0234375 0.03125
2 0.36328125 0.30859375 0.0296875 0.03125
2 0.36328125 0.25859375 0.0265625 0.0359375
2 0.36875 0.20859375 0.025 0.025
2 0.3671875 0.18125 0.025 0.0296875
2 0.36640625 0.1609375 0.0234375 0.0296875
2 0.3640625 0.1328125 0.0234375 0.0328125
2 0.38359375 0.14921875 0.021875 0.025
2 0.38046875 0.1203125 0.021875 0.03125
2 0.39765625 0.13125 0.021875 0.0328125
2 0.41484375 0.11796875 0.025 0.0296875
2 0.41484375 0.14296875 0.021875 0.025
2 0.43203125 0.1296875 0.021875 0.0265625
2 0.39453125 0.10390625 0.021875 0.028125
2 0.378125 0.096875 0.025 0.025
2 0.384375 0.1703125 0.021875 0.0265625