2 0.459375 0.61640625 0.0390625 0.03125
2 0.6578125 0.596875 0.034375 0.03125
2 0.6375 0.6203125 0.0375 0.0328125
2 0.60859375 0.6125 0.034375 0.0328125
2 0.61640625 0.63984375 0.0421875 0.0328125
2 0.58359375 0.63046875 0.0375 0.0328125
2 0.5609375 0.615625 0.040625 0.034375
2 0.5453125 0.63671875 0.0390625 0.034375
2 0.51640625 0.62421875 0.04375 0.034375
2 0.575 0.6515625 0.04375 0.028125
2 0.54453125 0.6640625 0.0375 0.03125
2 0.51484375 0.6515625 0.04375 0.034375
2 0.4859375 0.63515625 0.034375 0.034375
2 0.45859375 0.64140625 0.0375 0.03125
2 0.49765625 0.66796875 0.040625 0.03125
2 0.52265625 0.68671875 0.046875 0.034375