2 0.4578125 0.646875 0.028125 0.025
2 0.43046875 0.64765625 0.0296875 0.02734375
2 0.4 0.64765625 0.0296875 0.0265625
2 0.41640625 0.63046875 0.0296875 0.0234375
2 0.39609375 0.6171875 0.03125 0.0265625
2 0.40859375 0.6 0.0265625 0.025
2 0.42578125 0.6125 0.0234375 0.0203125
2 0.44296875 0.62890625 0.02109375 0.0203125
2 0.46875 0.63046875 0.0296875 0.021875
2 0.45390625 0.6125 0.0296875 0.02265625
2 0.4375 0.5953125 0.0265625 0.021875
2 0.42265625 0.58046875 0.02890625 0.02421875
2 0.40234375 0.56796875 0.0296875 0.021875
2 0.43046875 0.56328125 0.02734375 0.021875
2 0.4125 0.55 0.0296875 0.02421875
2 0.39453125 0.534375 0.02734375 0.02734375
2 0.38828125 0.50625 0.03125 0.0265625
2 0.4078125 0.51640625 0.0234375 0.021875
2 0.41953125 0.53203125 0.0296875 0.025
2 0.4390625 0.54765625 0.0265625 0.02421875
2 0.4578125 0.56328125 0.0234375 0.01796875
2 0.4484375 0.57890625 0.02890625 0.021875
2 0.46171875 0.59375 0.0296875 0.02421875
2 0.48046875 0.61015625 0.02578125 0.02421875
2 0.48984375 0.59609375 0.02890625 0.0265625
2 0.50625 0.58203125 0.0265625 0.0234375
2 0.475 0.57734375 0.03125 0.0265625
2 0.490625 0.565625 0.02734375 0.0234375
2 0.51953125 0.56640625 0.02578125 0.02265625
2 0.50234375 0.54765625 0.0265625 0.02578125
2 0.47421875 0.55078125 0.02734375 0.0203125
2 0.45546875 0.5359375 0.0265625 0.02421875
2 0.4375 0.521875 0.0265625 0.025
2 0.40234375 0.4890625 0.0328125 0.021875
2 0.415625 0.47109375 0.0296875 0.02421875
2 0.43671875 0.45859375 0.02734375 0.0265625
2 0.46484375 0.4578125 0.028125 0.0265625
2 0.4453125 0.4984375 0.02421875 0.0265625
2 0.46328125 0.48828125 0.02421875 0.021875
2 0.48984375 0.4609375 0.025 0.025
2 0.48828125 0.4875 0.0265625 0.02265625
2 0.5078125 0.475 0.0234375 0.02734375
2 0.53046875 0.48984375 0.0265625 0.01875
2 0.53203125 0.4734375 0.02578125 0.021875
2 0.5609375 0.47109375 0.0265625 0.025
2 0.55078125 0.4890625 0.02578125 0.01953125
2 0.5078125 0.50390625 0.028125 0.02265625
2 0.48203125 0.5046875 0.0265625 0.0203125
2 0.46484375 0.51640625 0.0265625 0.0203125
2 0.48203125 0.528125 0.0234375 0.0203125
2 0.4984375 0.521875 0.0234375 0.0203125
2 0.51953125 0.534375 0.0234375 0.0203125
2 0.52890625 0.51640625 0.02421875 0.025
2 0.54296875 0.50390625 0.02578125 0.02109375
2 0.55390625 0.51953125 0.02734375 0.02265625
2 0.546875 0.5375 0.02421875 0.02265625
2 0.53203125 0.55234375 0.0296875 0.02265625
2 0.5609375 0.5578125 0.028125 0.02734375
2 0.571875 0.5390625 0.025 0.0265625
2 0.5828125 0.52109375 0.02421875 0.02265625
2 0.59609375 0.50234375 0.025 0.0234375
2 0.60234375 0.48515625 0.025 0.0234375
2 0.57421875 0.48671875 0.0296875 0.021875
2 0.57109375 0.50390625 0.0296875 0.021875
2 0.4171875 0.503125 0.034375 0.02109375
2 0.4328125 0.48515625 0.02890625 0.02265625