0 0.371875 0.35859375 0.025 0.028125
0 0.36328125 0.38515625 0.025 0.03125
0 0.3984375 0.415625 0.0265625 0.028125
0 0.4125 0.4375 0.025 0.034375
0 0.38671875 0.4390625 0.025 0.0328125
0 0.3703125 0.4234375 0.028125 0.03125
0 0.37265625 0.4515625 0.021875 0.028125
0 0.39140625 0.4671875 0.0296875 0.028125
0 0.4078125 0.484375 0.025 0.028125
0 0.39609375 0.5125 0.028125 0.028125
0 0.384375 0.5375 0.025 0.028125
0 0.403125 0.54453125 0.028125 0.0296875
0 0.3234375 0.41015625 0.028125 0.0328125
0 0.33359375 0.46171875 0.0265625 0.034375
0 0.34921875 0.478125 0.028125 0.028125
0 0.3375 0.4984375 0.028125 0.034375
0 0.28515625 0.53984375 0.0265625 0.03125
2 0.42734375 0.38125 0.021875 0.034375
2 0.40546875 0.3703125 0.028125 0.0390625
2 0.390625 0.353125 0.028125 0.0375
2 0.37265625 0.32890625 0.0265625 0.0390625
2 0.35859375 0.3046875 0.0296875 0.034375
2 0.34375 0.3296875 0.0296875 0.03125
2 0.3171875 0.43984375 0.0265625 0.0328125
2 0.34609375 0.4234375 0.0265625 0.0375
2 0.3421875 0.38671875 0.0265625 0.0375
2 0.3515625 0.3609375 0.025 0.0359375
2 0.428125 0.42890625 0.025 0.03125
2 0.4484375 0.4234375 0.025 0.034375
2 0.46015625 0.44609375 0.028125 0.034375
2 0.4390625 0.45625 0.0265625 0.028125
2 0.44375 0.48515625 0.025 0.03125
2 0.4296875 0.51015625 0.0265625 0.03125
2 0.43984375 0.5328125 0.025 0.03125
2 0.43046875 0.5609375 0.025 0.03125
2 0.384375 0.5875 0.03125 0.0421875
2 0.36171875 0.578125 0.028125 0.028125
2 0.35703125 0.5515625 0.0265625 0.0375
2 0.346875 0.525 0.028125 0.028125
2 0.3734375 0.47890625 0.021875 0.0328125
2 0.38046875 0.5 0.021875 0.0328125
2 0.3703125 0.5234375 0.0265625 0.03125
2 0.359375 0.496875 0.025 0.034375
2 0.33125 0.5484375 0.0296875 0.0328125
2 0.340625 0.5734375 0.028125 0.03125
2 0.34296875 0.60625 0.025 0.034375
2 0.321875 0.60234375 0.028125 0.040625
2 0.3140625 0.56875 0.0265625 0.0375
2 0.31015625 0.5421875 0.025 0.034375
2 0.3078125 0.49609375 0.028125 0.034375
2 0.29609375 0.47109375 0.028125 0.0375
2 0.28828125 0.43515625 0.028125 0.0375
2 0.26015625 0.5796875 0.028125 0.034375
2 0.2453125 0.615625 0.0296875 0.034375
2 0.29921875 0.5828125 0.03125 0.0328125
2 0.2984375 0.61640625 0.03125 0.034375