1 0.3984375 0.56640625 0.053125 0.034375
1 0.41171875 0.59609375 0.0421875 0.03125
1 0.38359375 0.621875 0.04375 0.0359375
1 0.3796875 0.64765625 0.053125 0.0375
1 0.36640625 0.6765625 0.05 0.034375
0 0.35546875 0.58203125 0.0421875 0.03125
0 0.36640625 0.5546875 0.04375 0.034375
0 0.3453125 0.53203125 0.040625 0.03125
0 0.365625 0.50390625 0.0421875 0.034375
0 0.38359375 0.52734375 0.046875 0.0328125
0 0.4390625 0.50234375 0.0515625 0.034375
0 0.47578125 0.50703125 0.0390625 0.034375
0 0.465625 0.53515625 0.04375 0.03125
0 0.42734375 0.53046875 0.04375 0.03125
0 0.5375 0.53515625 0.046875 0.034375
0 0.503125 0.54609375 0.0453125 0.03125
0 0.55546875 0.5640625 0.034375 0.0359375
0 0.5171875 0.56953125 0.0421875 0.0328125
0 0.49375 0.5921875 0.04375 0.034375
0 0.4796875 0.56171875 0.040625 0.034375
0 0.4578125 0.5828125 0.040625 0.034375
0 0.44453125 0.5515625 0.0453125 0.034375
0 0.465625 0.61484375 0.040625 0.0359375
0 0.43359375 0.62578125 0.040625 0.034375
0 0.4625 0.64609375 0.046875 0.0359375
0 0.43125 0.6609375 0.05 0.034375
0 0.43515625 0.6890625 0.04375 0.040625
0 0.39765625 0.696875 0.0453125 0.034375
0 0.40546875 0.72734375 0.05625 0.034375
0 0.36484375 0.72109375 0.053125 0.0390625
0 0.33125 0.7015625 0.05 0.0328125
0 0.32265625 0.73359375 0.04375 0.0390625
0 0.32578125 0.678125 0.040625 0.034375
0 0.3296875 0.64765625 0.046875 0.0375
2 0.61171875 0.57890625 0.05 0.03125
2 0.57578125 0.528125 0.0421875 0.034375
2 0.59140625 0.5578125 0.04375 0.03125
2 0.57109375 0.58359375 0.0453125 0.034375
2 0.5625 0.4984375 0.04375 0.034375
2 0.53515625 0.515625 0.040625 0.028125
2 0.521875 0.4890625 0.040625 0.03125
2 0.46640625 0.46015625 0.0453125 0.034375
2 0.48125 0.48203125 0.0390625 0.0265625
2 0.4421875 0.478125 0.0453125 0.03125
2 0.30625 0.53046875 0.0375 0.0328125
2 0.3390625 0.55234375 0.0421875 0.0296875
2 0.325 0.5734375 0.040625 0.0328125
2 0.54921875 0.60859375 0.05 0.0375
2 0.52109375 0.62578125 0.0453125 0.0375
2 0.4859375 0.6609375 0.046875 0.034375
2 0.484375 0.6921875 0.0515625 0.040625
2 0.26796875 0.68515625 0.053125 0.04375
2 0.45859375 0.740625 0.05 0.0390625
2 0.4234375 0.77421875 0.0515625 0.040625
2 0.4234375 0.7453125 0.04375 0.034375
2 0.38125 0.7625 0.053125 0.0390625
2 0.38515625 0.79765625 0.0578125 0.0375
2 0.35078125 0.7796875 0.0484375 0.0453125
2 0.3125 0.7640625 0.05 0.0359375
2 0.3109375 0.803125 0.059375 0.0375
2 0.27890625 0.7859375 0.05625 0.034375
2 0.27109375 0.75390625 0.05625 0.0375
2 0.26953125 0.721875 0.053125 0.0375