2 0.5703125 0.5234375 0.0140625 0.015625
2 0.57109375 0.540625 0.0140625 0.0171875
2 0.56875 0.55625 0.0140625 0.015625
2 0.57578125 0.57265625 0.0125 0.021875
2 0.58359375 0.58828125 0.0140625 0.01875
2 0.5875 0.57265625 0.0125 0.015625
2 0.57890625 0.55625 0.0125 0.01875
2 0.5890625 0.5484375 0.0125 0.015625
2 0.58203125 0.53359375 0.0125 0.01875
2 0.58828125 0.5203125 0.0125 0.015625
2 0.59296875 0.53515625 0.0125 0.01875
2 0.59609375 0.56328125 0.0140625 0.01875
2 0.596875 0.58828125 0.0125 0.0171875
2 0.60390625 0.5765625 0.0125 0.015625
2 0.61015625 0.5640625 0.0125 0.01875
2 0.6015625 0.55 0.0125 0.015625
2 0.6046875 0.5359375 0.0125 0.01875
2 0.6140625 0.54765625 0.015625 0.01875
2 0.6140625 0.53046875 0.0125 0.01875
2 0.6234375 0.5375 0.015625 0.01875
2 0.60546875 0.6140625 0.0125 0.01875
2 0.61015625 0.6 0.0125 0.01875
2 0.61640625 0.58828125 0.015625 0.0171875
2 0.61875 0.60703125 0.0125 0.01875
2 0.621875 0.56953125 0.0125 0.01875
2 0.6296875 0.55703125 0.0125 0.0171875
2 0.6390625 0.54609375 0.0140625 0.01875
2 0.628125 0.59765625 0.0109375 0.01875
2 0.63671875 0.59921875 0.0125 0.01875
2 0.63359375 0.58359375 0.0140625 0.01875
2 0.64453125 0.58515625 0.0125 0.01875
2 0.640625 0.56875 0.015625 0.0171875
2 0.65390625 0.5734375 0.0140625 0.021875
2 0.65703125 0.5890625 0.0125 0.01875
2 0.65078125 0.55390625 0.015625 0.01875
2 0.66328125 0.56015625 0.0125 0.021875
2 0.6671875 0.5796875 0.015625 0.021875