2 0.2578125 0.71796875 0.02890625 0.02109375
2 0.22734375 0.7234375 0.0296875 0.02265625
2 0.19140625 0.72109375 0.03046875 0.02421875
2 0.28515625 0.71953125 0.02890625 0.021875
2 0.4671875 0.6921875 0.02734375 0.021875
2 0.5203125 0.68828125 0.02578125 0.021875
2 0.57109375 0.6921875 0.0265625 0.021875
2 0.4953125 0.69140625 0.02734375 0.021875
2 0.3140625 0.71640625 0.02890625 0.02109375
2 0.37109375 0.7046875 0.02734375 0.0203125
2 0.1515625 0.74609375 0.0296875 0.02265625
2 0.4234375 0.69765625 0.0265625 0.02109375
2 0.5453125 0.6984375 0.0265625 0.02265625
2 0.33203125 0.73125 0.02734375 0.0203125
2 0.10625 0.76640625 0.03203125 0.02265625
2 0.39765625 0.7015625 0.02734375 0.02109375
2 0.22890625 0.75234375 0.03046875 0.02265625
2 0.559375 0.71328125 0.028125 0.02265625
2 0.1390625 0.76640625 0.028125 0.02109375
2 0.44765625 0.703125 0.0265625 0.021875
2 0.18125 0.7421875 0.0296875 0.02265625
2 0.35 0.71875 0.02734375 0.0203125
2 0.21640625 0.771875 0.02890625 0.02265625
2 0.13203125 0.78828125 0.0296875 0.02265625
2 0.546875 0.7328125 0.0265625 0.02109375
2 0.2734375 0.7375 0.02890625 0.021875
2 0.36796875 0.73359375 0.02734375 0.02109375
2 0.31796875 0.74921875 0.02734375 0.02109375
2 0.28671875 0.75703125 0.02890625 0.021875
2 0.35078125 0.7484375 0.02734375 0.021875
2 0.2328125 0.7859375 0.02578125 0.0171875
2 0.16875 0.7640625 0.02890625 0.021875
2 0.209375 0.7375 0.0296875 0.02109375
2 0.2984375 0.73671875 0.02734375 0.021875
2 0.19609375 0.76015625 0.028125 0.021875
2 0.3828125 0.75 0.02578125 0.01953125
2 0.17421875 0.79765625 0.02734375 0.01953125
2 0.4140625 0.72109375 0.02734375 0.02265625
2 0.2421875 0.7703125 0.02734375 0.02109375
2 0.259375 0.7578125 0.02734375 0.02265625
2 0.53359375 0.71640625 0.02734375 0.02109375
2 0.1875 0.7796875 0.0265625 0.02109375
2 0.24609375 0.7359375 0.025 0.021875
2 0.3859375 0.71953125 0.02890625 0.0234375
2 0.40078125 0.73828125 0.02578125 0.02265625
2 0.43828125 0.721875 0.028125 0.0234375
2 0.4640625 0.72109375 0.0265625 0.02265625
2 0.48125 0.709375 0.028125 0.021875
2 0.5078125 0.70859375 0.02734375 0.02265625
2 0.30859375 0.76796875 0.025 0.01796875
2 0.15703125 0.78359375 0.02890625 0.021875