1 0.42265625 0.5640625 0.025 0.034375
1 0.43671875 0.54140625 0.0234375 0.03125
1 0.44765625 0.51796875 0.021875 0.034375
1 0.45859375 0.49453125 0.025 0.03125
1 0.42734375 0.51640625 0.025 0.0375
1 0.4390625 0.49375 0.021875 0.03125
1 0.41484375 0.53984375 0.0203125 0.025
1 0.40703125 0.5125 0.0203125 0.03125
1 0.3953125 0.5375 0.0234375 0.028125
1 0.38828125 0.515625 0.021875 0.0296875
1 0.4171875 0.49375 0.025 0.028125
1 0.42578125 0.4734375 0.021875 0.0328125
1 0.44921875 0.46953125 0.025 0.028125
1 0.43984375 0.44609375 0.021875 0.0328125
1 0.41953125 0.44765625 0.0234375 0.03125
1 0.43046875 0.42734375 0.021875 0.0359375
1 0.40703125 0.4703125 0.021875 0.034375
1 0.378125 0.49453125 0.021875 0.0328125
1 0.3875 0.47421875 0.021875 0.0296875
1 0.3875 0.453125 0.01875 0.028125
1 0.39765625 0.4375 0.021875 0.03125
1 0.4171875 0.40703125 0.025 0.028125
1 0.39921875 0.40078125 0.0265625 0.03125
1 0.38984375 0.3765625 0.025 0.028125
1 0.378125 0.36015625 0.021875 0.034375
1 0.35703125 0.3609375 0.028125 0.0375
1 0.3671875 0.38203125 0.021875 0.03125
1 0.37890625 0.4015625 0.025 0.0359375
1 0.3765625 0.4296875 0.021875 0.0375
1 0.36640625 0.475 0.028125 0.0375
1 0.35703125 0.4484375 0.025 0.034375
1 0.34375 0.4328125 0.025 0.034375
1 0.3546875 0.41015625 0.025 0.0296875
1 0.34609375 0.38359375 0.028125 0.034375
1 0.3359375 0.4125 0.0296875 0.0359375
1 0.32734375 0.38671875 0.03125 0.03125
1 0.3359375 0.3609375 0.028125 0.0328125
1 0.30625 0.3671875 0.0265625 0.0375
1 0.31796875 0.34609375 0.025 0.0375
1 0.3453125 0.340625 0.028125 0.0359375
1 0.3546875 0.31484375 0.03125 0.034375
1 0.3453125 0.296875 0.028125 0.0375
1 0.33125 0.32265625 0.028125 0.03125
1 0.32109375 0.29921875 0.025 0.034375
1 0.3078125 0.32734375 0.028125 0.0375
1 0.29609375 0.3015625 0.0265625 0.034375
1 0.296875 0.34921875 0.0265625 0.0421875
0 0.4734375 0.590625 0.0265625 0.034375
0 0.465625 0.571875 0.025 0.03125
0 0.459375 0.55 0.0265625 0.034375
0 0.4796875 0.55 0.0234375 0.03125
0 0.471875 0.52421875 0.025 0.034375
0 0.4921875 0.52421875 0.025 0.034375
0 0.4828125 0.50234375 0.025 0.03125
0 0.47265625 0.47734375 0.028125 0.03125
0 0.4609375 0.45625 0.028125 0.0328125
0 0.453125 0.4296875 0.028125 0.028125
0 0.4421875 0.409375 0.028125 0.03125
0 0.4328125 0.38671875 0.028125 0.03125
0 0.45 0.59609375 0.0234375 0.0328125
0 0.44453125 0.56875 0.025 0.034375
0 0.42734375 0.59140625 0.025 0.0296875
0 0.39296875 0.57265625 0.03125 0.034375
0 0.3921875 0.54921875 0.028125 0.028125
0 0.36640625 0.5265625 0.028125 0.034375
0 0.3546875 0.5046875 0.028125 0.03125
0 0.34375 0.48515625 0.028125 0.03125
0 0.40390625 0.36328125 0.025 0.0265625
0 0.39296875 0.34765625 0.025 0.0328125
0 0.3796875 0.32109375 0.028125 0.03125
0 0.3671875 0.29765625 0.025 0.03125
0 0.334375 0.46171875 0.0265625 0.03125
0 0.321875 0.43984375 0.0234375 0.0296875
0 0.3140625 0.41328125 0.025 0.034375
0 0.303125 0.39453125 0.0265625 0.034375
0 0.2765625 0.36328125 0.028125 0.034375
0 0.26484375 0.3421875 0.0265625 0.0328125
0 0.27734375 0.3171875 0.025 0.034375
0 0.25859375 0.3140625 0.025 0.034375
0 0.26875 0.29375 0.0234375 0.028125
0 0.3109375 0.26875 0.025 0.028125
0 0.3328125 0.26796875 0.0203125 0.03125
0 0.35390625 0.26796875 0.0265625 0.03125
2 0.2921875 0.41953125 0.021875 0.034375
2 0.2734375 0.41015625 0.025 0.03125
2 0.30390625 0.44609375 0.025 0.0359375
2 0.315625 0.46328125 0.025 0.034375
2 0.3234375 0.48828125 0.021875 0.028125
2 0.3671875 0.5578125 0.0234375 0.03125
2 0.35234375 0.53671875 0.021875 0.028125
2 0.3390625 0.51328125 0.025 0.03125
2 0.37578125 0.5796875 0.0265625 0.034375
2 0.384375 0.60625 0.028125 0.0390625
2 0.41015625 0.60234375 0.025 0.034375
2 0.23515625 0.28125 0.028125 0.03125
2 0.290625 0.259375 0.028125 0.03125
2 0.5078125 0.4984375 0.025 0.028125
2 0.49375 0.47890625 0.021875 0.0265625
2 0.4828125 0.45234375 0.0265625 0.0296875
2 0.47265625 0.43203125 0.025 0.028125
2 0.46328125 0.4078125 0.025 0.0296875
2 0.4515625 0.38828125 0.0234375 0.0296875