0 0.3390625 0.37890625 0.025 0.0375
0 0.35859375 0.3875 0.021875 0.03125
0 0.3765625 0.39375 0.0265625 0.034375
0 0.3796875 0.4203125 0.025 0.03125
0 0.3625 0.41328125 0.025 0.0296875
0 0.35078125 0.43203125 0.025 0.034375
0 0.36953125 0.4421875 0.0234375 0.028125
0 0.375 0.465625 0.025 0.0375
0 0.3578125 0.45859375 0.025 0.0375
2 0.39296875 0.36875 0.0265625 0.034375
2 0.39765625 0.3953125 0.025 0.034375
2 0.4 0.43515625 0.0234375 0.0328125
2 0.4109375 0.4578125 0.025 0.034375
2 0.42890625 0.47734375 0.0265625 0.0375
2 0.41171875 0.48671875 0.0234375 0.03125
2 0.39296875 0.475 0.01875 0.034375
2 0.378125 0.49140625 0.021875 0.025
2 0.35859375 0.48984375 0.0234375 0.028125
2 0.340625 0.48203125 0.01875 0.025
2 0.32265625 0.45859375 0.025 0.046875
2 0.3125 0.43046875 0.0296875 0.040625
2 0.33046875 0.4171875 0.0234375 0.03125
2 0.30703125 0.40078125 0.0265625 0.0375
2 0.2890625 0.38515625 0.021875 0.0375
2 0.2796875 0.359375 0.021875 0.0375
2 0.3 0.3484375 0.025 0.03125
2 0.30859375 0.37421875 0.025 0.034375
2 0.3171875 0.3578125 0.025 0.0328125
2 0.3234375 0.32734375 0.025 0.034375
2 0.30390625 0.3203125 0.025 0.0375
2 0.3140625 0.30078125 0.028125 0.0390625
2 0.33828125 0.3421875 0.0234375 0.034375
2 0.35625 0.3546875 0.025 0.0328125
2 0.375 0.3609375 0.025 0.034375