2 0.55703125 0.43359375 0.03125 0.0234375
2 0.57890625 0.42734375 0.02734375 0.025
2 0.6 0.41640625 0.025 0.02109375
2 0.62578125 0.40859375 0.03359375 0.021875
2 0.6234375 0.42890625 0.0296875 0.0234375
2 0.60078125 0.4359375 0.02265625 0.0203125
2 0.57734375 0.446875 0.03125 0.021875
2 0.5953125 0.45390625 0.03046875 0.0203125
2 0.61875 0.44609375 0.02578125 0.0234375
2 0.6390625 0.4484375 0.03125 0.021875
2 0.64140625 0.43046875 0.025 0.02109375
2 0.66171875 0.4390625 0.03125 0.0234375
2 0.65625 0.459375 0.0296875 0.0234375
2 0.68046875 0.45625 0.03125 0.0203125
2 0.53125 0.46328125 0.02890625 0.0234375
2 0.55234375 0.453125 0.02890625 0.01796875
2 0.52890625 0.48203125 0.034375 0.02109375
2 0.52421875 0.50234375 0.03984375 0.025
2 0.5234375 0.5234375 0.0296875 0.02265625
2 0.58984375 0.5609375 0.04140625 0.0234375
2 0.62578125 0.5328125 0.0328125 0.021875
2 0.6078125 0.5203125 0.02734375 0.0234375
2 0.67578125 0.50703125 0.03515625 0.021875
2 0.6921875 0.52265625 0.03515625 0.02265625
2 0.66484375 0.49140625 0.03359375 0.02109375
2 0.43046875 0.5421875 0.03125 0.0234375
2 0.46015625 0.56640625 0.02890625 0.02421875
2 0.48359375 0.57421875 0.03203125 0.02578125
2 0.48046875 0.5953125 0.03125 0.0234375
2 0.453125 0.584375 0.03515625 0.0234375
2 0.4328125 0.578125 0.03203125 0.0234375
2 0.41328125 0.56015625 0.03046875 0.0203125
2 0.38984375 0.56328125 0.03515625 0.0234375
2 0.40625 0.57890625 0.03046875 0.0234375
2 0.384375 0.58203125 0.02890625 0.01953125
2 0.353125 0.5953125 0.03359375 0.0203125
2 0.3609375 0.57578125 0.02734375 0.021875
2 0.33671875 0.58125 0.03203125 0.021875
2 0.37890625 0.59609375 0.02890625 0.02421875
2 0.3984375 0.5953125 0.03125 0.02421875
2 0.41484375 0.60703125 0.0296875 0.0234375
2 0.42734375 0.59453125 0.02421875 0.0203125
2 0.45234375 0.6015625 0.02578125 0.02109375
2 0.4359375 0.6140625 0.0328125 0.0234375
2 0.415625 0.62578125 0.0296875 0.0234375
2 0.3921875 0.61640625 0.03125 0.02421875
2 0.36796875 0.61328125 0.02890625 0.021875
2 0.3390625 0.61015625 0.034375 0.021875
2 0.32421875 0.5984375 0.028125 0.025
2 0.3109375 0.61796875 0.028125 0.02265625
2 0.32578125 0.62734375 0.028125 0.0203125
2 0.34453125 0.62421875 0.03125 0.021875
2 0.375 0.63046875 0.02890625 0.021875
2 0.40546875 0.64375 0.0390625 0.0265625
2 0.35703125 0.6421875 0.03046875 0.021875
2 0.3328125 0.646875 0.03203125 0.0234375
2 0.284375 0.625 0.03359375 0.021875
2 0.29296875 0.6421875 0.03046875 0.025
2 0.303125 0.6546875 0.02734375 0.021875
2 0.27265625 0.64921875 0.03125 0.0203125
2 0.2609375 0.6671875 0.0296875 0.0234375
2 0.2859375 0.66796875 0.0296875 0.0203125
2 0.2734375 0.68203125 0.03125 0.02421875
2 0.32421875 0.66796875 0.034375 0.021875
2 0.33515625 0.68984375 0.0359375 0.025
0 0.56484375 0.46875 0.03046875 0.01875
0 0.55390625 0.4859375 0.03125 0.021875
0 0.584375 0.475 0.0265625 0.01796875
0 0.61171875 0.475 0.0265625 0.021875
0 0.634375 0.475 0.0265625 0.02265625
0 0.675 0.4765625 0.03203125 0.01953125
0 0.6171875 0.49296875 0.025 0.01875
0 0.64296875 0.49453125 0.0296875 0.01796875
0 0.6296875 0.5140625 0.0296875 0.0203125
0 0.609375 0.5046875 0.0265625 0.01875
0 0.59296875 0.4921875 0.03046875 0.01953125
0 0.5734375 0.49609375 0.0265625 0.01953125
0 0.54921875 0.5046875 0.02890625 0.0171875
0 0.546875 0.5203125 0.0265625 0.02265625
0 0.5703125 0.51484375 0.02890625 0.0234375
0 0.5703125 0.5328125 0.02890625 0.01875
0 0.590625 0.52578125 0.03046875 0.0203125