0 0.27890625 0.565625 0.0375 0.034375
0 0.3140625 0.55859375 0.05 0.0375
0 0.31328125 0.59609375 0.0453125 0.034375
0 0.353125 0.59375 0.040625 0.034375
0 0.3921875 0.596875 0.04375 0.0375
0 0.39375 0.57109375 0.04375 0.034375
0 0.42421875 0.58359375 0.04375 0.034375
0 0.43515625 0.546875 0.0421875 0.0359375
0 0.4625 0.5734375 0.046875 0.034375
0 0.4890625 0.59609375 0.040625 0.034375
0 0.3296875 0.62265625 0.05 0.03125
0 0.37109375 0.625 0.040625 0.034375
0 0.43125 0.67890625 0.0421875 0.034375
0 0.475 0.678125 0.053125 0.0390625
0 0.5140625 0.66328125 0.0453125 0.034375
0 0.55703125 0.64296875 0.0375 0.034375
2 0.22265625 0.59453125 0.05 0.034375
2 0.25234375 0.5796875 0.0421875 0.03125
2 0.3125 0.4875 0.053125 0.04375
2 0.31640625 0.51875 0.05 0.034375
2 0.359375 0.5171875 0.040625 0.03125
2 0.390625 0.5 0.04375 0.0375
2 0.4203125 0.51875 0.040625 0.03125
2 0.3953125 0.5328125 0.040625 0.03125
2 0.46484375 0.509375 0.04375 0.03125
2 0.4578125 0.4765625 0.05625 0.040625
0 0.471875 0.540625 0.034375 0.03125
2 0.49765625 0.53046875 0.0375 0.034375
2 0.51640625 0.553125 0.04375 0.034375
2 0.45625 0.62578125 0.04375 0.034375
2 0.4140625 0.6390625 0.05 0.034375
2 0.3328125 0.65234375 0.05 0.0359375
2 0.384375 0.671875 0.0421875 0.03125
2 0.409375 0.70390625 0.05 0.0359375
2 0.4765625 0.73828125 0.05 0.046875
2 0.50625 0.7234375 0.05 0.034375
2 0.5375 0.74453125 0.040625 0.0390625
2 0.5984375 0.76796875 0.059375 0.0375
2 0.57421875 0.73046875 0.04375 0.0375
2 0.54609375 0.70703125 0.05625 0.0390625
2 0.515625 0.6875 0.053125 0.0375
2 0.5484375 0.66875 0.0375 0.0359375
2 0.58203125 0.68359375 0.05 0.0375
2 0.6234375 0.68828125 0.0546875 0.040625
2 0.6109375 0.65390625 0.05625 0.0375
2 0.6484375 0.63515625 0.040625 0.034375
2 0.66875 0.6734375 0.0453125 0.040625
2 0.703125 0.66015625 0.0453125 0.034375
2 0.68515625 0.62265625 0.046875 0.03125
2 0.659375 0.5984375 0.053125 0.0359375
2 0.61875 0.61953125 0.046875 0.040625
2 0.5875 0.6078125 0.0421875 0.034375
2 0.54609375 0.60703125 0.0421875 0.034375
2 0.5578125 0.575 0.040625 0.03125
2 0.596875 0.5703125 0.05 0.0359375
2 0.62109375 0.53671875 0.0546875 0.0390625
2 0.28125 0.6109375 0.040625 0.0296875
2 0.25 0.546875 0.04375 0.034375