0 0.27109375 0.52578125 0.034375 0.03046875
0 0.30234375 0.51875 0.04375 0.034375
0 0.3015625 0.55234375 0.040625 0.03125
0 0.33671875 0.55078125 0.03671875 0.0296875
0 0.371875 0.553125 0.03984375 0.0328125
0 0.3734375 0.53046875 0.03984375 0.03125
0 0.40078125 0.54140625 0.03984375 0.03046875
0 0.4109375 0.50859375 0.0375 0.03203125
0 0.43515625 0.5328125 0.04140625 0.03125
0 0.45859375 0.553125 0.03671875 0.03046875
0 0.31640625 0.5765625 0.04375 0.028125
0 0.353125 0.578125 0.03671875 0.03125
0 0.40625 0.62734375 0.0375 0.0296875
0 0.44609375 0.62578125 0.046875 0.03515625
0 0.48125 0.61328125 0.040625 0.03046875
0 0.51953125 0.59453125 0.03359375 0.03125
2 0.22109375 0.5515625 0.04375 0.03125
2 0.246875 0.53828125 0.0375 0.02890625
2 0.30078125 0.45546875 0.046875 0.0390625
2 0.30390625 0.48359375 0.0453125 0.03125
2 0.34296875 0.48203125 0.03515625 0.02890625
2 0.3703125 0.4671875 0.03828125 0.034375
2 0.396875 0.48359375 0.03671875 0.02890625
2 0.375 0.49609375 0.03515625 0.02890625
2 0.43671875 0.47578125 0.03984375 0.028125
2 0.43125 0.44609375 0.05 0.0359375
0 0.44296875 0.503125 0.03125 0.02890625
2 0.46640625 0.49375 0.03359375 0.0296875
2 0.48359375 0.5140625 0.03828125 0.0296875
2 0.42890625 0.57890625 0.03984375 0.0296875
2 0.39140625 0.590625 0.04375 0.03046875
2 0.31875 0.603125 0.04453125 0.03203125
2 0.36484375 0.6203125 0.0375 0.02734375
2 0.3875 0.6484375 0.0453125 0.03203125
2 0.44765625 0.6796875 0.04453125 0.0421875
2 0.4734375 0.66640625 0.0453125 0.03125
2 0.5015625 0.68515625 0.03671875 0.03515625
2 0.55625 0.70703125 0.053125 0.03359375
2 0.534375 0.67265625 0.03984375 0.0328125
2 0.509375 0.6515625 0.05 0.03515625
2 0.48203125 0.634375 0.046875 0.03359375
2 0.51171875 0.61796875 0.034375 0.03203125
2 0.54140625 0.63125 0.04375 0.03359375
2 0.57890625 0.63515625 0.0484375 0.0359375
2 0.5671875 0.6046875 0.05078125 0.03359375
2 0.60078125 0.58828125 0.03671875 0.03046875
2 0.61953125 0.621875 0.040625 0.03671875
2 0.65 0.61015625 0.040625 0.03125
2 0.634375 0.5765625 0.04140625 0.02890625
2 0.6109375 0.55546875 0.04765625 0.03203125
2 0.575 0.5734375 0.04296875 0.0359375
2 0.546875 0.56328125 0.0375 0.0296875
2 0.509375 0.5625 0.0375 0.03046875
2 0.51953125 0.53359375 0.03671875 0.02890625
2 0.5546875 0.5296875 0.04375 0.03203125
2 0.5765625 0.49921875 0.0484375 0.03515625
2 0.27265625 0.56640625 0.03515625 0.0265625
2 0.24453125 0.509375 0.03828125 0.03125