2 0.190625 0.621875 0.0234375 0.01796875
2 0.17421875 0.63046875 0.02421875 0.01796875
2 0.1609375 0.64453125 0.02578125 0.01953125
2 0.13984375 0.6453125 0.02578125 0.02109375
2 0.125 0.65546875 0.0265625 0.01875
2 0.13515625 0.671875 0.02734375 0.02109375
2 0.17265625 0.675 0.0296875 0.01953125
2 0.14921875 0.65859375 0.02421875 0.0171875
2 0.15390625 0.66796875 0.02109375 0.01484375
2 0.190625 0.6640625 0.02109375 0.01875
2 0.17109375 0.6609375 0.0234375 0.0171875
2 0.18203125 0.6484375 0.0234375 0.0171875
2 0.196875 0.6359375 0.02421875 0.0171875
2 0.2046875 0.65078125 0.0234375 0.01875
2 0.2109375 0.6671875 0.02578125 0.0171875
2 0.22578125 0.65703125 0.021875 0.01875
2 0.21171875 0.60859375 0.02734375 0.01953125
2 0.21328125 0.625 0.021875 0.01875
2 0.21875 0.640625 0.021875 0.01796875
2 0.23125 0.61328125 0.021875 0.01796875
2 0.23125 0.628125 0.02578125 0.0171875
2 0.23828125 0.64296875 0.02421875 0.0171875
2 0.246875 0.65859375 0.0265625 0.01953125
2 0.259375 0.6484375 0.021875 0.015625
2 0.27890625 0.653125 0.0234375 0.01875
2 0.25390625 0.6328125 0.02265625 0.0171875
2 0.25 0.61796875 0.02421875 0.01796875
2 0.2421875 0.60234375 0.0234375 0.01953125
2 0.2625 0.60625 0.02109375 0.01640625
2 0.27109375 0.621875 0.01875 0.015625
2 0.27421875 0.63671875 0.02421875 0.01796875
2 0.2890625 0.62734375 0.02421875 0.01640625
2 0.29453125 0.64375 0.0234375 0.01953125
2 0.309375 0.63359375 0.01953125 0.01796875
2 0.303125 0.61796875 0.0234375 0.0171875
2 0.284375 0.61328125 0.0234375 0.01875
2 0.2578125 0.59140625 0.025 0.0171875
2 0.278125 0.596875 0.021875 0.0171875
2 0.29609375 0.6015625 0.02421875 0.01640625
2 0.271875 0.58125 0.02578125 0.01875
2 0.2921875 0.58515625 0.01875 0.01640625
2 0.31015625 0.59140625 0.01953125 0.01640625
2 0.31796875 0.60546875 0.021875 0.01640625
2 0.32109375 0.62109375 0.02265625 0.01796875
2 0.32734375 0.63671875 0.02109375 0.0171875
2 0.3484375 0.6390625 0.021875 0.0171875
2 0.34296875 0.62421875 0.02109375 0.01484375
2 0.36171875 0.63046875 0.02265625 0.01640625
2 0.36953125 0.6453125 0.02734375 0.01640625
2 0.3828125 0.63515625 0.02109375 0.01875
2 0.403125 0.6359375 0.0265625 0.0171875
2 0.3375 0.61015625 0.021875 0.0171875
2 0.3765625 0.61953125 0.02109375 0.01640625
2 0.28984375 0.57109375 0.02109375 0.0171875
2 0.30859375 0.57578125 0.0234375 0.0171875
2 0.3015625 0.56171875 0.02421875 0.01875
2 0.32265625 0.565625 0.0203125 0.01484375
2 0.3265625 0.58046875 0.021875 0.01484375
2 0.3296875 0.5953125 0.02109375 0.015625
2 0.34140625 0.5703125 0.01875 0.015625
2 0.3953125 0.62109375 0.021875 0.01640625
2 0.4171875 0.621875 0.021875 0.0171875
2 0.40703125 0.60859375 0.02265625 0.01328125
2 0.4296875 0.6125 0.0234375 0.01875
2 0.44375 0.6015625 0.01953125 0.01796875
2 0.4546875 0.5890625 0.02421875 0.01796875
2 0.47578125 0.5890625 0.0234375 0.01640625
2 0.4890625 0.57578125 0.0234375 0.01640625
2 0.31640625 0.55078125 0.02421875 0.0171875
2 0.33125 0.53984375 0.021875 0.01640625
2 0.3359375 0.55546875 0.02109375 0.01640625
2 0.35078125 0.5453125 0.01953125 0.01796875
2 0.3734375 0.521875 0.02421875 0.01640625
2 0.3625 0.54296875 0.021875 0.01484375
2 0.4203125 0.503125 0.02109375 0.0171875
2 0.50234375 0.565625 0.02890625 0.01953125
2 0.51484375 0.55390625 0.021875 0.0171875
2 0.52578125 0.54140625 0.0265625 0.0171875
2 0.43359375 0.49140625 0.028125 0.01640625
2 0.446875 0.4796875 0.025 0.01640625
2 0.46171875 0.46796875 0.02109375 0.01796875
2 0.4734375 0.45625 0.025 0.01640625
2 0.53828125 0.528125 0.025 0.01484375
2 0.5234375 0.4484375 0.0234375 0.0171875
2 0.5265625 0.434375 0.02265625 0.01640625
2 0.5390625 0.428125 0.021875 0.01875
2 0.5578125 0.43125 0.01953125 0.0171875
2 0.56875 0.41953125 0.021875 0.01484375
2 0.61640625 0.496875 0.0296875 0.01875
2 0.625 0.48203125 0.02265625 0.01796875
2 0.653125 0.4640625 0.02109375 0.01875
2 0.58046875 0.4109375 0.02109375 0.01484375
2 0.59921875 0.41484375 0.02109375 0.01328125
2 0.59296875 0.4 0.02578125 0.01875
2 0.609375 0.390625 0.0234375 0.0171875
2 0.621875 0.38046875 0.02109375 0.01796875
2 0.6421875 0.38359375 0.02109375 0.01796875
2 0.66015625 0.378125 0.02265625 0.01796875
2 0.6625 0.3921875 0.021875 0.01640625
2 0.703125 0.40390625 0.0203125 0.01875
2 0.68203125 0.3953125 0.02265625 0.01640625
2 0.68671875 0.4078125 0.0203125 0.0140625
2 0.66328125 0.4546875 0.02109375 0.01640625
2 0.6828125 0.4515625 0.02265625 0.01875
0 0.70078125 0.42578125 0.02421875 0.01796875
0 0.68359375 0.43671875 0.0234375 0.01484375
0 0.6796875 0.42109375 0.02421875 0.01640625
0 0.659375 0.4171875 0.025 0.0171875
0 0.64453125 0.41171875 0.0265625 0.015625
0 0.63203125 0.4 0.02421875 0.01640625
0 0.61953125 0.41328125 0.021875 0.015625
0 0.6296875 0.4234375 0.02109375 0.01484375
0 0.64765625 0.42890625 0.02109375 0.015625
0 0.6640625 0.4328125 0.02265625 0.01640625
0 0.65234375 0.44375 0.02421875 0.01484375
0 0.6328125 0.43984375 0.021875 0.0125
0 0.35625 0.61328125 0.02265625 0.01640625
0 0.3796875 0.6 0.02421875 0.01953125
0 0.353125 0.596875 0.0265625 0.01953125
0 0.37265625 0.58203125 0.01953125 0.0171875
0 0.39296875 0.58671875 0.01796875 0.01640625
0 0.4109375 0.59140625 0.0234375 0.01796875
0 0.38828125 0.5703125 0.01953125 0.01640625
0 0.40703125 0.5765625 0.01875 0.015625
0 0.43125 0.58203125 0.02109375 0.0171875
0 0.37890625 0.5421875 0.02265625 0.01484375
0 0.37109375 0.55546875 0.01953125 0.01640625
0 0.3875 0.55703125 0.01796875 0.015625
0 0.40625 0.5609375 0.01875 0.015625
0 0.4234375 0.56640625 0.02109375 0.0171875
0 0.44140625 0.565625 0.02109375 0.015625
0 0.4453125 0.578125 0.0234375 0.01484375
0 0.4609375 0.56484375 0.0234375 0.01640625
0 0.43828125 0.55234375 0.02265625 0.01640625
0 0.42265625 0.553125 0.021875 0.015625
0 0.403125 0.54609375 0.02109375 0.015625
0 0.39453125 0.5328125 0.02265625 0.01640625
0 0.41484375 0.5359375 0.021875 0.01640625
0 0.41015625 0.52265625 0.021875 0.01640625
0 0.45625 0.55078125 0.0203125 0.015625
0 0.47421875 0.553125 0.02109375 0.01484375
0 0.4359375 0.5375 0.02109375 0.01640625
0 0.4265625 0.52421875 0.0203125 0.01484375
0 0.4359375 0.5109375 0.015625 0.01328125
0 0.4484375 0.52265625 0.01953125 0.015625
0 0.48828125 0.50390625 0.021875 0.015625
0 0.52578125 0.509375 0.021875 0.0171875
0 0.5453125 0.51328125 0.0203125 0.015625
0 0.55859375 0.5015625 0.0234375 0.015625
0 0.5078125 0.4671875 0.0203125 0.015625
0 0.4734375 0.5390625 0.01875 0.01328125
0 0.4921875 0.54609375 0.02109375 0.01484375
0 0.48515625 0.53046875 0.0203125 0.01484375
0 0.5046875 0.5328125 0.01875 0.0125
0 0.5140625 0.521875 0.021875 0.015625
0 0.584375 0.48125 0.021875 0.01484375
0 0.57890625 0.4671875 0.021875 0.01640625
0 0.540625 0.46171875 0.01953125 0.01796875
0 0.4703125 0.5015625 0.0234375 0.01640625
0 0.5 0.49453125 0.02109375 0.01640625
0 0.59140625 0.45859375 0.021875 0.01640625
0 0.5953125 0.4296875 0.01796875 0.01484375
0 0.61640625 0.4359375 0.0203125 0.01640625