2 0.4109375 0.540625 0.01953125 0.01796875
2 0.4 0.5546875 0.01875 0.01484375
2 0.28828125 0.47421875 0.015625 0.01328125
2 0.48046875 0.5875 0.0203125 0.01484375
2 0.37265625 0.33203125 0.01796875 0.01640625
2 0.3859375 0.3734375 0.02109375 0.015625
2 0.32734375 0.35859375 0.01796875 0.0140625
2 0.2984375 0.33359375 0.021875 0.0140625
2 0.2828125 0.3390625 0.01484375 0.01015625
2 0.296875 0.346875 0.01796875 0.0109375
2 0.3109375 0.35078125 0.01640625 0.01171875
2 0.29375 0.35703125 0.01796875 0.01328125
2 0.31015625 0.36171875 0.01953125 0.0109375
2 0.2921875 0.36796875 0.0171875 0.01328125
2 0.30859375 0.37265625 0.01640625 0.0109375
2 0.30859375 0.3828125 0.0171875 0.01171875
2 0.28828125 0.38515625 0.021875 0.01328125
2 0.3 0.39140625 0.0171875 0.01328125
2 0.31640625 0.39296875 0.01953125 0.0140625
2 0.33828125 0.403125 0.0171875 0.0125
2 0.2765625 0.48046875 0.015625 0.01171875
2 0.271875 0.490625 0.01796875 0.0140625
2 0.2546875 0.49453125 0.0203125 0.01328125
2 0.26953125 0.503125 0.01796875 0.01171875
2 0.25234375 0.50703125 0.01875 0.01328125
2 0.2390625 0.51015625 0.01796875 0.01171875
2 0.26640625 0.51328125 0.01640625 0.0109375
2 0.2828125 0.51796875 0.0171875 0.0109375
2 0.25078125 0.51640625 0.01640625 0.0109375
2 0.26484375 0.525 0.01796875 0.01328125
2 0.234375 0.52265625 0.01484375 0.01328125
2 0.24921875 0.52890625 0.01640625 0.01328125
2 0.2640625 0.5359375 0.01640625 0.01171875
2 0.2796875 0.5296875 0.0140625 0.01171875
2 0.24765625 0.53984375 0.01796875 0.01171875
2 0.26328125 0.54765625 0.0171875 0.0109375
2 0.2484375 0.55390625 0.0171875 0.0109375
2 0.2625 0.559375 0.01484375 0.01171875
2 0.278125 0.5546875 0.01640625 0.01328125
2 0.23203125 0.55859375 0.01875 0.01328125
2 0.24609375 0.56328125 0.01640625 0.01015625
2 0.24375 0.575 0.01640625 0.01171875
2 0.26171875 0.56953125 0.0140625 0.0140625
2 0.27578125 0.56640625 0.01640625 0.01328125
2 0.27421875 0.57734375 0.01953125 0.0125
2 0.25703125 0.5828125 0.01875 0.0109375
2 0.2421875 0.58828125 0.015625 0.01171875
2 0.25703125 0.59453125 0.01640625 0.01171875
2 0.2734375 0.5890625 0.0140625 0.0125
2 0.240625 0.60078125 0.015625 0.01640625
2 0.25546875 0.60546875 0.0171875 0.01328125
2 0.271875 0.6015625 0.0171875 0.0125
2 0.26796875 0.6140625 0.015625 0.01328125
2 0.24765625 0.61640625 0.0171875 0.01328125
2 0.26015625 0.625 0.01640625 0.0140625
2 0.25859375 0.63828125 0.0171875 0.0140625
2 0.275 0.6328125 0.01484375 0.01328125
2 0.290625 0.62734375 0.0171875 0.01328125
2 0.30625 0.6328125 0.0171875 0.01484375
2 0.29140625 0.6390625 0.01953125 0.01171875
2 0.275 0.64609375 0.01953125 0.0125
2 0.2578125 0.65078125 0.0171875 0.01171875
2 0.271875 0.65703125 0.0171875 0.0125
2 0.290625 0.64921875 0.01953125 0.01328125
2 0.2890625 0.66171875 0.015625 0.0125
2 0.30625 0.6578125 0.01875 0.0125
2 0.271875 0.66953125 0.01640625 0.0125
2 0.290625 0.675 0.01640625 0.0125
2 0.3046875 0.66953125 0.015625 0.0125
2 0.27265625 0.68125 0.01796875 0.01171875
2 0.28671875 0.68828125 0.01328125 0.01171875
2 0.30234375 0.68203125 0.0140625 0.01328125
2 0.31796875 0.67734375 0.015625 0.0140625
2 0.3125 0.6890625 0.0171875 0.01171875
2 0.29765625 0.69609375 0.0171875 0.01328125
2 0.3140625 0.7 0.01484375 0.01328125
2 0.3015625 0.70859375 0.01875 0.0140625
2 0.33359375 0.71796875 0.01875 0.01328125
2 0.334375 0.73046875 0.01796875 0.01328125
2 0.353125 0.734375 0.01796875 0.01328125
2 0.3359375 0.7421875 0.01953125 0.01484375
2 0.3546875 0.746875 0.01875 0.01328125
2 0.33984375 0.75625 0.01875 0.0140625
2 0.35859375 0.76015625 0.01875 0.01328125
2 0.34765625 0.76953125 0.01640625 0.01328125
2 0.34375 0.784375 0.0171875 0.01328125
2 0.3625 0.7796875 0.0171875 0.0140625
2 0.35546875 0.7921875 0.0140625 0.0125
2 0.37109375 0.7953125 0.0203125 0.01640625
2 0.38984375 0.81640625 0.01640625 0.015625
2 0.378125 0.828125 0.01953125 0.015625