0 0.3734375 0.6578125 0.059375 0.04375
0 0.321875 0.64921875 0.053125 0.040625
0 0.26171875 0.62890625 0.0578125 0.04375
0 0.2390625 0.6 0.05625 0.046875
0 0.29921875 0.61484375 0.0515625 0.0390625
0 0.3453125 0.61875 0.0578125 0.0375
0 0.2796875 0.58359375 0.0515625 0.0375
0 0.32265625 0.590625 0.0546875 0.0390625
0 0.36484375 0.590625 0.0515625 0.0421875
0 0.396875 0.56640625 0.0484375 0.034375
0 0.415625 0.59609375 0.0546875 0.0421875
0 0.4390625 0.625 0.059375 0.04375
0 0.3515625 0.56328125 0.0546875 0.0375
0 0.30390625 0.55625 0.0578125 0.0390625
0 0.25546875 0.5546875 0.0515625 0.0375
0 0.2109375 0.5578125 0.0609375 0.040625
0 0.19296875 0.52421875 0.0671875 0.046875
0 0.23359375 0.52265625 0.0546875 0.0421875
0 0.28125 0.5265625 0.0546875 0.046875
0 0.325 0.52890625 0.059375 0.04375
0 0.3734375 0.5328125 0.05625 0.04375
0 0.209375 0.4953125 0.0609375 0.040625
0 0.25625 0.49375 0.05 0.040625
0 0.30234375 0.496875 0.0546875 0.040625
0 0.34609375 0.5046875 0.053125 0.0421875
0 0.38671875 0.50625 0.0546875 0.04375
0 0.43203125 0.509375 0.0546875 0.0375
0 0.4171875 0.478125 0.0546875 0.0421875
0 0.37109375 0.4734375 0.0515625 0.0421875
0 0.34453125 0.44609375 0.05625 0.0421875
0 0.32421875 0.47265625 0.0578125 0.0375
0 0.28359375 0.4609375 0.05625 0.046875
0 0.23671875 0.46484375 0.0546875 0.0375
2 0.28046875 0.30625 0.05625 0.046875
2 0.321875 0.3265625 0.046875 0.0421875
2 0.35859375 0.30703125 0.0640625 0.046875
2 0.40859375 0.31953125 0.053125 0.046875
2 0.3609375 0.3390625 0.053125 0.040625
2 0.4 0.35703125 0.0515625 0.034375
2 0.365625 0.3703125 0.053125 0.0390625
2 0.325 0.359375 0.05 0.0328125
2 0.28125 0.34296875 0.0578125 0.0421875
2 0.2234375 0.36328125 0.0671875 0.04375
2 0.26796875 0.37890625 0.053125 0.0421875
2 0.31796875 0.3921875 0.0578125 0.040625
2 0.35546875 0.40234375 0.05625 0.040625
2 0.39375 0.39375 0.0546875 0.05
2 0.4390625 0.37734375 0.053125 0.04375
2 0.45859375 0.34140625 0.0625 0.040625
2 0.48046875 0.3765625 0.0609375 0.040625
2 0.46015625 0.4046875 0.05625 0.04375
2 0.5015625 0.40546875 0.05625 0.0421875
2 0.48515625 0.43515625 0.0609375 0.0421875
2 0.45625 0.45 0.0578125 0.0375
2 0.428125 0.42265625 0.05 0.04375
2 0.39140625 0.4265625 0.04375 0.0390625
2 0.28984375 0.41640625 0.05 0.0421875
2 0.24375 0.40078125 0.05625 0.040625
2 0.203125 0.390625 0.0546875 0.0390625
2 0.1890625 0.4234375 0.053125 0.040625
2 0.23359375 0.43046875 0.065625 0.040625
2 0.1546875 0.4453125 0.0546875 0.040625
2 0.20078125 0.45390625 0.0484375 0.0390625
2 0.13203125 0.46875 0.0640625 0.0375
2 0.09375 0.4890625 0.0671875 0.04375
2 0.1046875 0.51953125 0.0640625 0.04375
2 0.14375 0.50078125 0.04375 0.040625
2 0.1234375 0.55625 0.059375 0.040625
2 0.1546875 0.53046875 0.0484375 0.046875
2 0.08984375 0.58359375 0.065625 0.046875
2 0.13828125 0.5921875 0.0546875 0.040625
2 0.17421875 0.56484375 0.046875 0.0390625
2 0.18671875 0.6 0.0546875 0.046875
2 0.10546875 0.61484375 0.065625 0.04375
2 0.14921875 0.62265625 0.05 0.040625
2 0.2 0.63203125 0.059375 0.046875
2 0.2140625 0.6671875 0.0671875 0.046875
2 0.24921875 0.65234375 0.0546875 0.03125
2 0.2640625 0.68359375 0.0640625 0.046875
2 0.3140625 0.68671875 0.059375 0.053125
2 0.32890625 0.7234375 0.0625 0.040625
2 0.3546875 0.69453125 0.0515625 0.040625
2 0.3703125 0.7265625 0.059375 0.046875
2 0.3953125 0.690625 0.0484375 0.0390625
2 0.41875 0.7296875 0.059375 0.034375
2 0.4421875 0.69296875 0.053125 0.046875
2 0.46484375 0.728125 0.065625 0.040625
2 0.48515625 0.69765625 0.0578125 0.04375
2 0.41875 0.66484375 0.059375 0.040625
2 0.46640625 0.66484375 0.05625 0.0421875
2 0.48828125 0.63984375 0.0640625 0.0390625
2 0.47421875 0.60546875 0.05625 0.0421875
2 0.5203125 0.60546875 0.0578125 0.046875
2 0.46015625 0.575 0.05625 0.040625
2 0.503125 0.57578125 0.0625 0.0421875
2 0.43671875 0.54140625 0.0609375 0.04375
2 0.47890625 0.53828125 0.05625 0.0390625
2 0.50234375 0.5125 0.0546875 0.0421875
2 0.51953125 0.5421875 0.059375 0.04375
2 0.475 0.48828125 0.0578125 0.04375
2 0.51171875 0.4671875 0.059375 0.0390625