2 0.53203125 0.54375 0.034375 0.040625
2 0.5265625 0.50859375 0.0296875 0.034375
2 0.49609375 0.6234375 0.028125 0.0375
2 0.4890625 0.48671875 0.028125 0.0375
2 0.503125 0.58125 0.028125 0.034375
2 0.39375 0.49375 0.028125 0.0375
2 0.46171875 0.6234375 0.028125 0.0375
2 0.50625 0.54765625 0.028125 0.034375
2 0.5 0.5171875 0.025 0.034375
2 0.36640625 0.47109375 0.0296875 0.0359375
2 0.4453125 0.46875 0.028125 0.0375
2 0.42578125 0.62734375 0.028125 0.034375
2 0.46015625 0.4953125 0.0265625 0.034375
2 0.3609375 0.50625 0.028125 0.0375
2 0.47265625 0.5234375 0.025 0.034375
2 0.334375 0.48515625 0.0296875 0.0375
2 0.38359375 0.52890625 0.0265625 0.034375
2 0.384375 0.58984375 0.028125 0.034375
2 0.43515625 0.5140625 0.0296875 0.0375
2 0.36796875 0.5578125 0.0296875 0.034375
2 0.45234375 0.54453125 0.028125 0.0359375
2 0.31875 0.52109375 0.03125 0.0375
2 0.35234375 0.59375 0.025 0.0375
2 0.396875 0.62578125 0.028125 0.034375
2 0.44375 0.59375 0.0265625 0.0359375
2 0.36953125 0.61875 0.028125 0.0328125
2 0.41328125 0.59375 0.028125 0.0375
2 0.46640625 0.56953125 0.025 0.03125
2 0.48125 0.59375 0.025 0.034375
2 0.4265625 0.565625 0.0265625 0.034375
2 0.3984375 0.5609375 0.025 0.03125
2 0.3484375 0.53046875 0.0265625 0.034375
2 0.48203125 0.55078125 0.025 0.0359375