0 0.4046875 0.515625 0.0125 0.01875
0 0.403125 0.49765625 0.0125 0.01875
0 0.409375 0.47890625 0.0125 0.01875
0 0.40078125 0.4546875 0.0125 0.01875
0 0.42109375 0.4734375 0.015625 0.0234375
0 0.41796875 0.49375 0.015625 0.021875
0 0.415625 0.5140625 0.0125 0.01875
0 0.43125 0.48671875 0.0125 0.021875
0 0.43515625 0.47421875 0.0109375 0.021875
0 0.43125 0.5078125 0.0171875 0.021875
0 0.44375 0.50390625 0.0125 0.01875
0 0.44609375 0.4859375 0.0125 0.0265625
0 0.45 0.4671875 0.0140625 0.021875
0 0.46484375 0.465625 0.015625 0.021875
0 0.4625 0.4828125 0.01875 0.021875
0 0.4578125 0.5015625 0.015625 0.0234375
0 0.4765625 0.47734375 0.015625 0.0234375
0 0.47265625 0.496875 0.015625 0.021875
2 0.4875 0.4140625 0.0203125 0.0265625
2 0.46484375 0.41484375 0.015625 0.028125
2 0.48828125 0.4484375 0.015625 0.021875
2 0.4796875 0.434375 0.015625 0.01875
2 0.46328125 0.4375 0.0125 0.01875
2 0.4484375 0.44140625 0.0125 0.01875
2 0.4359375 0.43984375 0.015625 0.021875
2 0.4234375 0.44453125 0.015625 0.021875
2 0.41015625 0.44453125 0.0125 0.01875
2 0.3890625 0.465625 0.0140625 0.01875
2 0.37734375 0.4703125 0.0140625 0.021875
2 0.38828125 0.48359375 0.0140625 0.015625
2 0.3734375 0.49140625 0.01875 0.0234375
2 0.3859375 0.50546875 0.015625 0.021875
2 0.3703125 0.509375 0.01875 0.0234375
2 0.3796875 0.52578125 0.0140625 0.021875
2 0.39140625 0.525 0.015625 0.01875
2 0.4015625 0.54140625 0.0140625 0.021875
2 0.41484375 0.53984375 0.01875 0.021875
2 0.4296875 0.5375 0.015625 0.0203125
2 0.4421875 0.53515625 0.015625 0.021875
2 0.4375 0.5546875 0.015625 0.021875
2 0.425 0.5578125 0.0140625 0.021875
2 0.409375 0.56171875 0.0140625 0.01875
2 0.39609375 0.5625 0.0171875 0.0265625
2 0.3875 0.54609375 0.015625 0.0234375
2 0.38203125 0.56328125 0.015625 0.025
2 0.37265625 0.5453125 0.0125 0.025
2 0.36328125 0.528125 0.0125 0.01875
2 0.4203125 0.57890625 0.01875 0.025
2 0.43515625 0.5734375 0.01875 0.021875
2 0.4546875 0.53125 0.01875 0.025
2 0.46875 0.528125 0.015625 0.0234375
2 0.4796875 0.54140625 0.01875 0.021875
2 0.4828125 0.52109375 0.015625 0.025
2 0.49375 0.53125 0.0140625 0.021875
2 0.48828125 0.50078125 0.015625 0.028125
2 0.49921875 0.51484375 0.0125 0.021875
2 0.50234375 0.4984375 0.0125 0.021875
2 0.49375 0.48359375 0.015625 0.01875
2 0.49765625 0.465625 0.0140625 0.0234375
2 0.475 0.45390625 0.015625 0.021875