0 0.59375 0.86171875 0.0375 0.02578125
0 0.575 0.84296875 0.03828125 0.02734375
0 0.5984375 0.8265625 0.03671875 0.02265625
0 0.5609375 0.815625 0.0390625 0.0234375
0 0.59140625 0.8046875 0.03515625 0.028125
0 0.6578125 0.80390625 0.03515625 0.025
0 0.55625 0.7921875 0.03671875 0.02421875
0 0.521875 0.78515625 0.03671875 0.02421875
0 0.5015625 0.7703125 0.0390625 0.021875
0 0.484375 0.78828125 0.03515625 0.02578125
0 0.578125 0.77109375 0.0375 0.02421875
0 0.5453125 0.76796875 0.03515625 0.02421875
0 0.5703125 0.75078125 0.0390625 0.0265625
0 0.58046875 0.72890625 0.0359375 0.028125
0 0.5453125 0.73828125 0.0359375 0.02421875
0 0.52265625 0.75546875 0.0375 0.02421875
0 0.515625 0.73359375 0.0328125 0.02421875
0 0.53984375 0.71640625 0.0359375 0.0234375
0 0.5515625 0.696875 0.0375 0.0265625
0 0.515625 0.70625 0.03359375 0.025
0 0.49140625 0.71953125 0.03828125 0.021875
0 0.46953125 0.7375 0.034375 0.0234375
0 0.4953125 0.74765625 0.02734375 0.0234375
0 0.46640625 0.75859375 0.0375 0.025
0 0.45859375 0.71875 0.034375 0.0234375
0 0.4796875 0.70078125 0.03671875 0.02734375
0 0.509375 0.6859375 0.034375 0.0234375
0 0.53046875 0.671875 0.0359375 0.02421875
0 0.50625 0.6625 0.0359375 0.0234375
0 0.48125 0.67578125 0.0359375 0.0265625
0 0.45234375 0.67890625 0.034375 0.021875
0 0.44765625 0.6984375 0.03359375 0.0234375
0 0.41640625 0.690625 0.03515625 0.02890625
0 0.4265625 0.6734375 0.03984375 0.028125
0 0.4515625 0.659375 0.0375 0.0265625
0 0.4796875 0.64609375 0.03203125 0.028125
0 0.5109375 0.64140625 0.03515625 0.03125
0 0.4859375 0.62734375 0.0375 0.028125
0 0.45078125 0.63671875 0.03671875 0.02734375
0 0.42578125 0.64921875 0.0359375 0.0234375
0 0.39453125 0.66171875 0.0375 0.0234375
0 0.3875 0.6828125 0.03828125 0.02578125
0 0.3703125 0.65 0.0296875 0.02578125
0 0.34140625 0.6390625 0.034375 0.0296875
0 0.36953125 0.62734375 0.0328125 0.02578125
0 0.39609375 0.6390625 0.03203125 0.0265625
0 0.4234375 0.628125 0.0359375 0.025
0 0.45390625 0.6171875 0.0390625 0.0265625
0 0.46875 0.59765625 0.0375 0.02890625
0 0.44296875 0.584375 0.03828125 0.028125
0 0.4203125 0.59765625 0.03515625 0.0265625
0 0.396875 0.61640625 0.0359375 0.0234375
0 0.38125 0.596875 0.03359375 0.0234375
0 0.35546875 0.61015625 0.04140625 0.02421875
0 0.40390625 0.58046875 0.03359375 0.025
0 0.4328125 0.56796875 0.03671875 0.0265625
0 0.43046875 0.5484375 0.03671875 0.0265625
0 0.396875 0.54140625 0.03515625 0.025
0 0.40078125 0.56171875 0.034375 0.025
0 0.375 0.55625 0.03671875 0.0234375
0 0.37734375 0.5765625 0.0359375 0.0265625
0 0.34921875 0.5703125 0.0359375 0.02421875
0 0.35234375 0.5875 0.034375 0.0296875
0 0.3234375 0.559375 0.0359375 0.025
0 0.34765625 0.5484375 0.03125 0.0265625
0 0.36953125 0.53515625 0.0328125 0.025
0 0.32265625 0.53828125 0.03828125 0.02578125
0 0.3421875 0.52578125 0.03203125 0.025
0 0.36328125 0.5125 0.0359375 0.02890625
0 0.3234375 0.5125 0.0359375 0.0265625
0 0.3390625 0.49453125 0.0359375 0.02265625
0 0.37265625 0.4890625 0.03359375 0.0265625
0 0.40078125 0.4890625 0.0359375 0.0265625
0 0.38671875 0.471875 0.0359375 0.0265625
0 0.38671875 0.45234375 0.03984375 0.0265625
0 0.3796875 0.4328125 0.03671875 0.02734375
0 0.3578125 0.45390625 0.03125 0.025
0 0.30234375 0.5 0.03828125 0.028125
0 0.27734375 0.4859375 0.03515625 0.02890625
0 0.31328125 0.48046875 0.03359375 0.02578125
0 0.3421875 0.47421875 0.0359375 0.02734375
0 0.31171875 0.46171875 0.034375 0.0234375
0 0.334375 0.44609375 0.034375 0.02578125
0 0.3078125 0.4421875 0.0375 0.025
0 0.275 0.44140625 0.0390625 0.0234375
0 0.27890625 0.46171875 0.0390625 0.025
0 0.246875 0.45 0.03984375 0.025
0 0.253125 0.47109375 0.03828125 0.028125
0 0.2765625 0.421875 0.0359375 0.0265625
0 0.3109375 0.4234375 0.034375 0.02578125
0 0.3421875 0.4265625 0.03671875 0.0265625
0 0.3328125 0.40625 0.03359375 0.0234375
0 0.3484375 0.3875 0.03359375 0.02421875
0 0.340625 0.36953125 0.0390625 0.0265625
0 0.3234375 0.38671875 0.03359375 0.02265625
0 0.303125 0.403125 0.0390625 0.0234375
0 0.2890625 0.3828125 0.0359375 0.0234375
0 0.26875 0.39921875 0.0375 0.0265625
0 0.2578125 0.38203125 0.03203125 0.02578125
0 0.23359375 0.371875 0.0375 0.02890625
0 0.2546875 0.35625 0.03515625 0.0265625
0 0.278125 0.36328125 0.03515625 0.025
0 0.29921875 0.34765625 0.0359375 0.02421875
0 0.3171875 0.32734375 0.034375 0.02578125
0 0.2890625 0.3203125 0.034375 0.025
0 0.27265625 0.33828125 0.03671875 0.0234375
0 0.246875 0.33046875 0.0375 0.02734375
0 0.22421875 0.34921875 0.040625 0.02890625
0 0.2171875 0.32890625 0.03828125 0.02890625
0 0.234375 0.3125 0.0359375 0.025
0 0.2609375 0.31171875 0.0375 0.0265625
0 0.184375 0.29921875 0.0359375 0.025
0 0.21484375 0.29765625 0.0328125 0.0265625
0 0.24765625 0.29140625 0.0390625 0.02578125
0 0.228125 0.27578125 0.0359375 0.02578125
0 0.25390625 0.2625 0.0328125 0.0265625
0 0.21640625 0.2578125 0.0375 0.02578125
2 0.5828125 0.60234375 0.03359375 0.02578125
2 0.60078125 0.62890625 0.02734375 0.0234375
2 0.55390625 0.584375 0.0328125 0.02421875
2 0.57265625 0.90625 0.03515625 0.025
2 0.61328125 0.903125 0.0421875 0.0265625
2 0.56328125 0.8828125 0.03671875 0.02734375
2 0.634375 0.8828125 0.03671875 0.03203125
2 0.5953125 0.88125 0.03671875 0.025
2 0.6453125 0.8578125 0.0359375 0.02421875
2 0.6640625 0.87578125 0.0375 0.028125
2 0.68828125 0.85625 0.0359375 0.0265625
2 0.665625 0.84140625 0.03515625 0.025
2 0.63359375 0.83828125 0.0359375 0.02734375
2 0.65390625 0.82265625 0.03984375 0.0234375
2 0.6921875 0.82265625 0.0390625 0.0265625
2 0.7125 0.8390625 0.03515625 0.0265625
2 0.72578125 0.81953125 0.0421875 0.0265625
2 0.7484375 0.79921875 0.0375 0.0265625
2 0.70546875 0.80078125 0.040625 0.0265625
2 0.72109375 0.778125 0.0421875 0.03125
2 0.69140625 0.77890625 0.0359375 0.02734375
2 0.70078125 0.75625 0.03984375 0.02421875
2 0.66875 0.76484375 0.0375 0.028125
2 0.64921875 0.7828125 0.03671875 0.025
2 0.63046875 0.77109375 0.02890625 0.0234375
2 0.6015625 0.76640625 0.028125 0.0234375
2 0.6140625 0.7890625 0.0296875 0.0234375
2 0.6140625 0.746875 0.03359375 0.0234375
2 0.646875 0.74921875 0.03671875 0.0265625
2 0.6453125 0.728125 0.03203125 0.0234375
2 0.67265625 0.71796875 0.03515625 0.02734375
2 0.68359375 0.73984375 0.03359375 0.028125
2 0.63984375 0.70625 0.0390625 0.0265625
2 0.615625 0.721875 0.03515625 0.0265625
2 0.60859375 0.69765625 0.0375 0.0265625
2 0.5828125 0.69296875 0.034375 0.02421875
2 0.6 0.67734375 0.03359375 0.025
2 0.63203125 0.68125 0.03515625 0.02734375
2 0.57421875 0.66796875 0.03515625 0.025
2 0.53984375 0.86484375 0.03515625 0.03125
2 0.50859375 0.85859375 0.04375 0.0296875
2 0.5203125 0.8375 0.0390625 0.0296875
2 0.4953125 0.8234375 0.03515625 0.0265625
2 0.51875 0.81015625 0.03671875 0.0265625
2 0.45703125 0.78984375 0.0328125 0.0265625
2 0.43046875 0.78359375 0.0390625 0.028125
2 0.39609375 0.778125 0.0375 0.0296875
2 0.4140625 0.75703125 0.03359375 0.02734375
2 0.43984375 0.7421875 0.0328125 0.02265625
2 0.4125 0.73671875 0.03359375 0.025
2 0.4359375 0.721875 0.034375 0.02265625
2 0.4078125 0.715625 0.0328125 0.0234375
2 0.37734375 0.70859375 0.03984375 0.0234375
2 0.34921875 0.72109375 0.0359375 0.02890625
2 0.3765625 0.728125 0.03515625 0.0265625
2 0.384375 0.74921875 0.034375 0.02890625
2 0.6140625 0.6546875 0.03984375 0.0296875
2 0.58046875 0.64453125 0.0359375 0.02890625
2 0.55546875 0.6421875 0.0328125 0.02421875
2 0.54296875 0.62109375 0.0328125 0.0296875
2 0.56796875 0.625 0.03828125 0.02734375
2 0.53515625 0.60078125 0.0328125 0.02265625
2 0.5140625 0.61484375 0.0296875 0.021875
2 0.50625 0.59375 0.0390625 0.025
2 0.4984375 0.57578125 0.0359375 0.02734375
2 0.52734375 0.58046875 0.03359375 0.0265625
2 0.553125 0.5625 0.0359375 0.025
2 0.540625 0.54375 0.03828125 0.02421875
2 0.52109375 0.55625 0.0328125 0.02890625
2 0.49296875 0.5546875 0.03203125 0.02421875
2 0.46484375 0.55078125 0.03828125 0.02578125
2 0.46953125 0.56875 0.03359375 0.0265625
2 0.47890625 0.53203125 0.03359375 0.02578125
2 0.48671875 0.5109375 0.0328125 0.025
2 0.4578125 0.51171875 0.0328125 0.0234375
2 0.44765625 0.52734375 0.03203125 0.02578125
2 0.4203125 0.525 0.0328125 0.025
2 0.39296875 0.51796875 0.03125 0.0265625
2 0.42890625 0.50625 0.03515625 0.0234375
2 0.44140625 0.4875 0.03671875 0.0265625
2 0.46953125 0.490625 0.0359375 0.02578125
2 0.45703125 0.4703125 0.034375 0.0234375
2 0.4328125 0.46640625 0.0359375 0.02578125
2 0.42734375 0.44453125 0.03359375 0.0234375
2 0.45390625 0.44921875 0.03515625 0.0234375
2 0.44921875 0.42734375 0.0359375 0.03125
2 0.42265625 0.421875 0.0375 0.03125
2 0.40703125 0.40546875 0.03671875 0.0234375
2 0.3765625 0.4015625 0.03125 0.0234375
2 0.39765625 0.38671875 0.0390625 0.02734375
2 0.384375 0.3671875 0.03671875 0.0265625
2 0.37578125 0.34453125 0.040625 0.02890625
2 0.34609375 0.34609375 0.034375 0.02421875
2 0.3234375 0.3609375 0.028125 0.0234375
2 0.36015625 0.3265625 0.03671875 0.0234375
2 0.3546875 0.30703125 0.03828125 0.0265625
2 0.334375 0.29140625 0.03359375 0.025
2 0.30234375 0.29140625 0.034375 0.02265625
2 0.27890625 0.28515625 0.03203125 0.02421875
2 0.29296875 0.26796875 0.034375 0.02421875
2 0.321875 0.27421875 0.03359375 0.025
2 0.315625 0.2515625 0.034375 0.0265625
2 0.29140625 0.2453125 0.034375 0.02578125
2 0.31171875 0.30546875 0.034375 0.02734375
2 0.171875 0.278125 0.0359375 0.02109375
2 0.1578125 0.296875 0.03125 0.0234375
2 0.13671875 0.3109375 0.034375 0.02421875
2 0.1765625 0.31484375 0.034375 0.01875
2 0.15234375 0.32890625 0.03671875 0.02109375
2 0.11953125 0.3296875 0.040625 0.025
2 0.121875 0.34921875 0.03671875 0.02421875
2 0.15 0.3546875 0.0328125 0.0234375
2 0.17421875 0.3421875 0.03203125 0.02265625
2 0.20078125 0.34921875 0.03203125 0.02265625
2 0.17890625 0.36171875 0.0328125 0.0203125
2 0.12890625 0.37109375 0.0390625 0.0234375
2 0.16171875 0.37734375 0.03671875 0.02578125
2 0.1390625 0.39140625 0.0328125 0.02578125
2 0.20625 0.37109375 0.034375 0.025
2 0.18671875 0.38515625 0.03671875 0.0265625
2 0.21640625 0.39296875 0.03203125 0.02734375
2 0.24296875 0.4 0.034375 0.02421875
2 0.19453125 0.40703125 0.0359375 0.0265625
2 0.16640625 0.3984375 0.0375 0.0296875
2 0.1484375 0.41796875 0.034375 0.02578125
2 0.17734375 0.425 0.034375 0.0265625
2 0.20703125 0.4328125 0.03125 0.0265625
2 0.22421875 0.415625 0.02890625 0.02421875
2 0.2484375 0.425 0.0296875 0.02265625
2 0.15859375 0.44140625 0.03515625 0.02421875
2 0.1859375 0.44921875 0.0375 0.028125
2 0.16640625 0.46640625 0.0296875 0.02578125
2 0.19296875 0.4734375 0.03515625 0.025
2 0.2109375 0.45859375 0.028125 0.0296875
2 0.22578125 0.47734375 0.03515625 0.02734375
2 0.1984375 0.49375 0.0296875 0.028125
2 0.2015625 0.5140625 0.03359375 0.0296875
2 0.22890625 0.50078125 0.0359375 0.02578125
2 0.25 0.5140625 0.03359375 0.02734375
2 0.22421875 0.52578125 0.03046875 0.025
2 0.27734375 0.52265625 0.03125 0.02734375
2 0.296875 0.534375 0.03046875 0.02578125
2 0.2515625 0.5375 0.034375 0.02421875
2 0.275 0.546875 0.034375 0.0265625
2 0.221875 0.546875 0.03359375 0.02421875
2 0.2203125 0.56796875 0.0328125 0.02421875
2 0.2484375 0.559375 0.03046875 0.02265625
2 0.2703125 0.5703125 0.034375 0.02421875
2 0.29921875 0.55703125 0.028125 0.0234375
2 0.24296875 0.5828125 0.03125 0.02578125
2 0.2703125 0.590625 0.03046875 0.0234375
2 0.3 0.57734375 0.03359375 0.0234375
2 0.328125 0.58515625 0.0296875 0.0234375
2 0.33203125 0.60546875 0.03046875 0.0234375
2 0.3046875 0.5984375 0.0359375 0.02421875
2 0.2765625 0.61015625 0.0328125 0.02265625
2 0.30703125 0.61796875 0.034375 0.025
2 0.27890625 0.63125 0.040625 0.02421875
2 0.31796875 0.63671875 0.0296875 0.02421875
2 0.29140625 0.65078125 0.03515625 0.0234375
2 0.3078125 0.6671875 0.034375 0.028125
2 0.334375 0.67734375 0.0328125 0.02421875
2 0.334375 0.65390625 0.03046875 0.0234375
2 0.36328125 0.68515625 0.03046875 0.02578125