0 0.3359375 0.684375 0.03125 0.0234375
0 0.38359375 0.6828125 0.03359375 0.021875
0 0.35859375 0.69765625 0.03828125 0.02890625
0 0.33125 0.709375 0.03671875 0.02890625
0 0.37109375 0.71875 0.03984375 0.02578125
0 0.3984375 0.703125 0.0375 0.02578125
0 0.3921875 0.73984375 0.03984375 0.03046875
0 0.36640625 0.7515625 0.040625 0.0296875
0 0.34296875 0.76875 0.040625 0.02890625
0 0.36015625 0.78671875 0.03828125 0.0265625
0 0.384375 0.771875 0.03515625 0.025
0 0.4140625 0.7609375 0.03828125 0.02734375
2 0.2875 0.7078125 0.04296875 0.03046875
2 0.29921875 0.73203125 0.03828125 0.03203125
2 0.33203125 0.74140625 0.040625 0.0265625
2 0.28046875 0.7671875 0.04375 0.03125
2 0.3125 0.76484375 0.0328125 0.03125
2 0.32109375 0.8078125 0.03828125 0.03203125
2 0.35390625 0.80859375 0.03984375 0.0265625
2 0.38984375 0.80078125 0.040625 0.03125
2 0.4515625 0.77890625 0.0453125 0.0265625
2 0.41875 0.78203125 0.04140625 0.0296875
2 0.4484375 0.75703125 0.04140625 0.028125
2 0.48203125 0.74921875 0.04296875 0.0296875
2 0.475 0.7234375 0.03515625 0.03203125
2 0.4484375 0.73203125 0.04140625 0.03046875
2 0.4265625 0.70703125 0.03515625 0.0265625
2 0.4125 0.73359375 0.03515625 0.03125
2 0.31015625 0.68515625 0.0375 0.03125
2 0.02890625 0.6703125 0.0453125 0.0265625
2 0.01640625 0.64375 0.0328125 0.03125
2 0.01328125 0.69140625 0.0265625 0.025