2 0.6671875 0.5109375 0.0375 0.03125
2 0.66640625 0.53828125 0.0359375 0.0265625
2 0.62421875 0.4890625 0.04375 0.03125
2 0.63203125 0.51328125 0.0375 0.0296875
2 0.6296875 0.53671875 0.0375 0.025
2 0.6296875 0.56015625 0.034375 0.03125
2 0.6015625 0.53203125 0.0375 0.025
2 0.6 0.55625 0.0359375 0.025
2 0.596875 0.57578125 0.040625 0.03125
2 0.5640625 0.58046875 0.0359375 0.03125
2 0.59140625 0.4546875 0.0375 0.03125
2 0.56015625 0.42265625 0.0375 0.028125
2 0.52578125 0.415625 0.040625 0.025
2 0.5203125 0.39140625 0.0390625 0.0234375
2 0.52734375 0.371875 0.0375 0.025
2 0.5015625 0.36640625 0.0375 0.028125
2 0.4703125 0.35703125 0.0390625 0.03125
2 0.4953125 0.390625 0.0390625 0.0296875
2 0.465625 0.3828125 0.0375 0.025
2 0.5 0.41015625 0.0375 0.0296875
2 0.47109375 0.40546875 0.0359375 0.03125
2 0.43984375 0.41328125 0.0390625 0.0296875
2 0.44453125 0.43359375 0.034375 0.025
2 0.42109375 0.42890625 0.034375 0.021875
2 0.39453125 0.43046875 0.040625 0.03125
2 0.3984375 0.453125 0.05 0.025
2 0.390625 0.47421875 0.034375 0.028125
2 0.37890625 0.49296875 0.0375 0.0328125
2 0.3890625 0.5296875 0.040625 0.028125
2 0.3984375 0.54921875 0.04375 0.034375
2 0.4078125 0.5703125 0.05 0.0265625
2 0.4109375 0.5953125 0.05625 0.0265625
2 0.53046875 0.59765625 0.0484375 0.0296875
2 0.53515625 0.5734375 0.034375 0.028125
2 0.503125 0.6171875 0.05625 0.0375
0 0.55546875 0.4546875 0.040625 0.025
0 0.5234375 0.44140625 0.03125 0.0234375
0 0.49609375 0.4390625 0.0359375 0.03125
0 0.46875 0.4421875 0.0375 0.0296875
0 0.46796875 0.46484375 0.0375 0.028125
0 0.4421875 0.45703125 0.0375 0.03125
0 0.4203125 0.47578125 0.0375 0.03125
0 0.41875 0.4953125 0.034375 0.0234375
0 0.4484375 0.5015625 0.028125 0.021875
0 0.4234375 0.515625 0.0359375 0.025
0 0.4390625 0.53671875 0.0234375 0.025
0 0.42109375 0.54375 0.03125 0.025
0 0.58828125 0.4921875 0.0390625 0.03125
0 0.56875 0.47109375 0.034375 0.025
0 0.54921875 0.4859375 0.0390625 0.025
0 0.53515625 0.4703125 0.04375 0.025
0 0.51015625 0.45859375 0.040625 0.025
0 0.49765625 0.475 0.0375 0.0234375
0 0.4796875 0.48984375 0.0375 0.028125
0 0.51015625 0.496875 0.040625 0.025
0 0.53359375 0.5078125 0.0390625 0.0203125
0 0.56796875 0.50859375 0.0359375 0.021875
0 0.5578125 0.5296875 0.034375 0.021875
0 0.52734375 0.52734375 0.0375 0.0234375
0 0.55625 0.553125 0.034375 0.028125
0 0.525 0.54765625 0.046875 0.0265625
0 0.4984375 0.53984375 0.0359375 0.021875
0 0.5 0.51796875 0.0359375 0.0203125
0 0.47109375 0.5140625 0.034375 0.0234375
0 0.46875 0.53515625 0.0359375 0.028125
0 0.4703125 0.553125 0.0390625 0.028125
0 0.4953125 0.57109375 0.0453125 0.025
0 0.46640625 0.59765625 0.04375 0.025
2 0.50546875 0.73359375 0.046875 0.0375
2 0.528125 0.75390625 0.046875 0.03125
2 0.56015625 0.75 0.040625 0.0390625
2 0.59375 0.75234375 0.046875 0.0265625
2 0.61171875 0.771875 0.0453125 0.03125
2 0.57734375 0.775 0.0375 0.03125
2 0.5484375 0.77421875 0.0359375 0.03125
2 0.56171875 0.7953125 0.04375 0.03125
2 0.5828125 0.8125 0.0453125 0.028125
2 0.6171875 0.79765625 0.040625 0.028125
2 0.63359375 0.81875 0.0375 0.025
2 0.61328125 0.8359375 0.0484375 0.0328125
2 0.653125 0.840625 0.0453125 0.03125