2 0.54609375 0.4640625 0.02890625 0.02109375
2 0.5703125 0.47109375 0.0265625 0.0203125
2 0.5859375 0.49140625 0.02734375 0.021875
2 0.5390625 0.48046875 0.0296875 0.02265625
2 0.6015625 0.58203125 0.0296875 0.0234375
2 0.6 0.5125 0.02734375 0.021875
2 0.5875 0.60078125 0.02734375 0.021875
2 0.5890625 0.5640625 0.02734375 0.02109375
2 0.5765625 0.50703125 0.028125 0.02265625
2 0.54765625 0.50390625 0.0296875 0.025
2 0.5734375 0.5796875 0.02421875 0.01875
2 0.5609375 0.48671875 0.028125 0.02265625