2 0.4796875 0.4625 0.040625 0.034375
2 0.51328125 0.46796875 0.034375 0.028125
2 0.4015625 0.49765625 0.0359375 0.028125
2 0.53515625 0.5046875 0.0359375 0.028125
2 0.4421875 0.49140625 0.034375 0.028125
2 0.528125 0.5984375 0.0359375 0.028125
2 0.4015625 0.53203125 0.0375 0.028125
2 0.47578125 0.4875 0.034375 0.028125
2 0.50546875 0.49375 0.0328125 0.025
2 0.55078125 0.62421875 0.034375 0.028125
2 0.55234375 0.54765625 0.0359375 0.028125
2 0.39765625 0.56640625 0.034375 0.028125
2 0.5265625 0.53359375 0.034375 0.025
2 0.51640625 0.63046875 0.0359375 0.028125
2 0.49921875 0.52109375 0.0328125 0.025
2 0.53671875 0.65625 0.0359375 0.028125
2 0.49375 0.6078125 0.034375 0.0265625
2 0.434375 0.60703125 0.034375 0.028125
2 0.50859375 0.5578125 0.0359375 0.028125
2 0.465625 0.6234375 0.034375 0.028125
2 0.47890625 0.54140625 0.034375 0.028125
2 0.50078125 0.67109375 0.0359375 0.03125
2 0.4296875 0.63828125 0.0375 0.025
2 0.39921875 0.5953125 0.034375 0.028125
2 0.43046875 0.5484375 0.034375 0.025
2 0.40546875 0.621875 0.03125 0.028125
2 0.43046875 0.57890625 0.0359375 0.028125
2 0.45390625 0.5265625 0.03125 0.025
2 0.43046875 0.5125 0.034375 0.025
2 0.4578125 0.565625 0.0328125 0.025
2 0.4625 0.59296875 0.03125 0.025
2 0.4921875 0.6421875 0.034375 0.025
2 0.471875 0.51171875 0.034375 0.0234375