0 0.6921875 0.4984375 0.03125 0.021875
0 0.6921875 0.47734375 0.0265625 0.0234375
0 0.66875 0.48203125 0.03125 0.0234375
0 0.64140625 0.47734375 0.028125 0.021875
0 0.6546875 0.4640625 0.028125 0.025
0 0.68359375 0.4578125 0.03125 0.025
0 0.66796875 0.4421875 0.03125 0.028125
0 0.6390625 0.44609375 0.03125 0.025
0 0.62109375 0.45703125 0.0296875 0.025
0 0.60078125 0.471875 0.03125 0.025
0 0.55625 0.46953125 0.03125 0.025
0 0.6109375 0.4390625 0.0328125 0.021875
0 0.62421875 0.425 0.034375 0.0234375
0 0.65078125 0.42421875 0.03125 0.021875
0 0.66953125 0.409375 0.028125 0.021875
0 0.64296875 0.40390625 0.0328125 0.0296875
0 0.6921875 0.41953125 0.0359375 0.0265625
2 0.709375 0.38828125 0.0375 0.0265625
2 0.7359375 0.4 0.0375 0.021875
2 0.71484375 0.41484375 0.0265625 0.025
2 0.74140625 0.4296875 0.03125 0.025
2 0.7171875 0.4375 0.025 0.021875
0 0.69609375 0.4421875 0.025 0.01875
2 0.74453125 0.4515625 0.025 0.025
2 0.72421875 0.45859375 0.03125 0.025
2 0.7328125 0.48203125 0.03125 0.028125
2 0.71484375 0.49375 0.025 0.0265625
2 0.70703125 0.475 0.0171875 0.01875
2 0.68984375 0.4046875 0.028125 0.021875
2 0.62421875 0.396875 0.03125 0.025
2 0.60625 0.41328125 0.025 0.025
2 0.58984375 0.43046875 0.028125 0.0265625
2 0.56796875 0.4421875 0.0328125 0.025
2 0.57890625 0.46875 0.0265625 0.028125
2 0.5390625 0.46171875 0.028125 0.0234375
2 0.5234375 0.48359375 0.034375 0.025
2 0.54921875 0.4859375 0.03125 0.021875
2 0.575 0.490625 0.03125 0.021875
2 0.628125 0.49375 0.028125 0.021875
2 0.6109375 0.50859375 0.03125 0.0234375
2 0.6609375 0.51015625 0.034375 0.0234375
2 0.6328125 0.51484375 0.0328125 0.021875
2 0.67421875 0.5296875 0.03125 0.025
2 0.64609375 0.5328125 0.028125 0.0265625
2 0.6203125 0.5296875 0.028125 0.0265625
2 0.59375 0.5328125 0.028125 0.028125
2 0.58515625 0.5109375 0.028125 0.021875
2 0.5625 0.5046875 0.028125 0.0265625
2 0.53359375 0.5046875 0.03125 0.0234375
2 0.5703125 0.52890625 0.0375 0.0296875
2 0.540625 0.525 0.0328125 0.025
2 0.5703125 0.58125 0.0375 0.028125
2 0.540625 0.5828125 0.028125 0.0265625
2 0.5203125 0.5703125 0.034375 0.025
2 0.5046875 0.58828125 0.03125 0.028125
2 0.525 0.60390625 0.0328125 0.025
2 0.55234375 0.60546875 0.034375 0.025
2 0.5078125 0.6140625 0.03125 0.025
2 0.484375 0.6 0.03125 0.025
2 0.484375 0.6203125 0.034375 0.025