0 0.49296875 0.625 0.034375 0.046875
0 0.4890625 0.5828125 0.0359375 0.04375
0 0.49296875 0.5453125 0.0375 0.040625
0 0.5140625 0.52421875 0.0375 0.0453125
0 0.5171875 0.56015625 0.034375 0.05
0 0.51640625 0.6015625 0.03125 0.05
0 0.5390625 0.6234375 0.0328125 0.046875
0 0.54453125 0.5875 0.034375 0.046875
0 0.55078125 0.54453125 0.0359375 0.046875
0 0.5671875 0.61640625 0.034375 0.0515625
0 0.578125 0.575 0.0375 0.05
0 0.6 0.61171875 0.0328125 0.05
0 0.62890625 0.6328125 0.0375 0.0453125
0 0.6296875 0.59921875 0.040625 0.0453125
0 0.65625 0.621875 0.028125 0.04375
0 0.640625 0.55859375 0.034375 0.05
0 0.6125 0.56015625 0.0390625 0.0515625
0 0.584375 0.54140625 0.0390625 0.05
0 0.58984375 0.5 0.0375 0.046875
0 0.55859375 0.50546875 0.040625 0.05
0 0.5640625 0.46484375 0.040625 0.05
0 0.5265625 0.47578125 0.0328125 0.046875
0 0.5 0.46640625 0.0375 0.0453125
0 0.47421875 0.4375 0.03125 0.053125
0 0.50546875 0.4265625 0.0390625 0.040625
0 0.5171875 0.3890625 0.0328125 0.05
0 0.4890625 0.38203125 0.034375 0.05
0 0.55078125 0.37734375 0.034375 0.046875
0 0.5375 0.4359375 0.0375 0.046875
0 0.56484375 0.4203125 0.0359375 0.05
0 0.60078125 0.4609375 0.0375 0.053125
0 0.603125 0.41640625 0.0375 0.05
0 0.61328125 0.38203125 0.034375 0.0515625
0 0.6046875 0.3390625 0.034375 0.0453125
0 0.57734375 0.38359375 0.040625 0.05625
0 0.5703125 0.34453125 0.0359375 0.05625
0 0.621875 0.5171875 0.034375 0.040625
0 0.63046875 0.48125 0.034375 0.046875
0 0.63515625 0.4421875 0.0390625 0.0453125
0 0.64765625 0.4 0.034375 0.05
2 0.4296875 0.63515625 0.034375 0.046875
2 0.4359375 0.5953125 0.0328125 0.04375
2 0.4390625 0.5515625 0.0375 0.046875
2 0.45546875 0.66640625 0.0375 0.053125
2 0.4578125 0.6234375 0.0375 0.046875
2 0.4625 0.584375 0.0359375 0.046875
2 0.46953125 0.5421875 0.03125 0.053125
2 0.475 0.50546875 0.034375 0.040625
2 0.45 0.47265625 0.028125 0.0453125
2 0.44140625 0.396875 0.0375 0.05
2 0.46328125 0.35859375 0.0359375 0.046875
2 0.496875 0.3546875 0.034375 0.0390625
2 0.52109375 0.32109375 0.034375 0.053125
2 0.48515625 0.68828125 0.0390625 0.053125
2 0.51484375 0.66875 0.0375 0.0421875
2 0.55234375 0.65 0.03125 0.0375
2 0.584375 0.67734375 0.0375 0.046875
2 0.5859375 0.63515625 0.034375 0.0390625
2 0.61796875 0.6625 0.0359375 0.04375
2 0.64765625 0.68828125 0.0359375 0.05
2 0.67109375 0.71953125 0.040625 0.059375
2 0.70546875 0.70625 0.040625 0.0546875
2 0.68359375 0.6734375 0.0375 0.04375
2 0.69375 0.63203125 0.0390625 0.046875
2 0.7015625 0.58671875 0.040625 0.05
2 0.67421875 0.56875 0.0375 0.0453125
2 0.6828125 0.528125 0.040625 0.0546875
2 0.7109375 0.54453125 0.034375 0.05
2 0.7390625 0.565625 0.0375 0.0578125
2 0.68359375 0.484375 0.03125 0.05
2 0.6484375 0.5109375 0.034375 0.0453125
2 0.6890625 0.44296875 0.040625 0.046875
2 0.71484375 0.4203125 0.040625 0.059375
2 0.68125 0.403125 0.03125 0.0546875
2 0.66640625 0.3484375 0.0359375 0.059375
2 0.6328125 0.3203125 0.0375 0.05625
2 0.6046875 0.29765625 0.034375 0.05
2 0.553125 0.32265625 0.034375 0.059375