2 0.434375 0.6515625 0.0328125 0.034375
2 0.43515625 0.62734375 0.028125 0.0296875
2 0.428125 0.6046875 0.01875 0.028125
2 0.41953125 0.62890625 0.01875 0.03125
2 0.4453125 0.60234375 0.01875 0.03125
2 0.46328125 0.6015625 0.0203125 0.0296875
2 0.478125 0.58671875 0.021875 0.025
2 0.4875 0.56484375 0.0171875 0.0265625
2 0.4703125 0.5625 0.01875 0.028125
2 0.45546875 0.5796875 0.015625 0.025
2 0.45 0.5609375 0.021875 0.0234375
2 0.4640625 0.54296875 0.021875 0.0265625
2 0.48359375 0.5421875 0.01875 0.028125
2 0.4984375 0.54296875 0.021875 0.025
2 0.51015625 0.52421875 0.01875 0.0234375
2 0.50625 0.5015625 0.01875 0.025
2 0.49453125 0.521875 0.015625 0.0234375
2 0.49921875 0.48203125 0.0203125 0.028125
2 0.4921875 0.46015625 0.0203125 0.0234375
2 0.4859375 0.5046875 0.0203125 0.025
2 0.4734375 0.521875 0.01875 0.0203125
2 0.48046875 0.48203125 0.01875 0.0265625
2 0.4734375 0.45625 0.021875 0.028125
2 0.46640625 0.50078125 0.0203125 0.025
2 0.46015625 0.47734375 0.01875 0.025
2 0.4546875 0.45078125 0.01875 0.0296875
2 0.44296875 0.47421875 0.01875 0.0234375
2 0.44765625 0.49921875 0.0203125 0.0234375
2 0.4515625 0.51953125 0.01875 0.021875
2 0.44296875 0.53984375 0.021875 0.025
2 0.43828125 0.58125 0.021875 0.0296875
2 0.43125 0.5578125 0.015625 0.0234375
2 0.4234375 0.5375 0.0203125 0.0265625
2 0.43515625 0.5171875 0.01875 0.021875
2 0.43125 0.49453125 0.021875 0.0234375
2 0.4265625 0.47109375 0.01875 0.025
2 0.43671875 0.4484375 0.01875 0.025
2 0.41875 0.44765625 0.0203125 0.0265625
2 0.41953125 0.58125 0.01875 0.025
2 0.4109375 0.603125 0.01875 0.0234375
2 0.4015625 0.6265625 0.0234375 0.025
2 0.41328125 0.5578125 0.021875 0.0265625
2 0.403125 0.58046875 0.021875 0.025
2 0.39375 0.60390625 0.0203125 0.025
2 0.40703125 0.53359375 0.01875 0.028125
2 0.41875 0.51171875 0.01875 0.025
2 0.41328125 0.4875 0.0203125 0.021875
2 0.40703125 0.46484375 0.01875 0.0234375
2 0.3953125 0.5578125 0.01875 0.025
2 0.390625 0.53515625 0.021875 0.0265625
2 0.40234375 0.5109375 0.01875 0.0265625
2 0.3953125 0.48671875 0.01875 0.0265625
2 0.3875 0.46484375 0.01875 0.03125
2 0.3765625 0.48359375 0.021875 0.025
2 0.38515625 0.5109375 0.01875 0.034375
2 0.371875 0.5296875 0.021875 0.0265625
2 0.37890625 0.55546875 0.01875 0.03125
2 0.38359375 0.57890625 0.01875 0.03125
2 0.38203125 0.6265625 0.01875 0.028125
2 0.375 0.60390625 0.01875 0.028125
2 0.3640625 0.62421875 0.0203125 0.0265625
2 0.35703125 0.603125 0.015625 0.025
2 0.36640625 0.57890625 0.01875 0.025
2 0.3609375 0.55703125 0.01875 0.0265625
2 0.3671875 0.50859375 0.01875 0.025
2 0.35703125 0.4828125 0.01875 0.025
2 0.3703125 0.4625 0.01875 0.025
2 0.3453125 0.62421875 0.01875 0.0265625
2 0.3375 0.60078125 0.01875 0.028125
2 0.3484375 0.57890625 0.0203125 0.025
2 0.34296875 0.55546875 0.01875 0.0265625
2 0.35390625 0.5296875 0.01875 0.025
2 0.3484375 0.50546875 0.01875 0.025
2 0.33984375 0.48203125 0.01875 0.0234375
2 0.35234375 0.4625 0.021875 0.021875
2 0.33125 0.4609375 0.0234375 0.0265625
2 0.31953125 0.48203125 0.021875 0.0265625
2 0.32890625 0.503125 0.01875 0.0265625
2 0.3359375 0.52734375 0.0171875 0.025
2 0.325 0.553125 0.01875 0.025
2 0.3171875 0.52890625 0.01875 0.025
2 0.309375 0.5046875 0.0203125 0.0234375
2 0.33203125 0.575 0.01875 0.025
2 0.3203125 0.59609375 0.015625 0.0234375
2 0.31328125 0.575 0.01875 0.0265625
2 0.32734375 0.6203125 0.01875 0.0265625
2 0.31015625 0.6203125 0.01875 0.028125
2 0.2921875 0.61875 0.021875 0.0265625
2 0.303125 0.59609375 0.01875 0.021875
2 0.30625 0.546875 0.01875 0.025
2 0.29375 0.5703125 0.021875 0.0265625
2 0.296875 0.52265625 0.021875 0.0265625
2 0.28671875 0.5484375 0.0203125 0.0265625
2 0.28359375 0.59140625 0.01875 0.0265625
2 0.2734375 0.56796875 0.01875 0.021875
2 0.26875 0.54609375 0.021875 0.03125
2 0.278125 0.5203125 0.01875 0.028125
2 0.27109375 0.61484375 0.021875 0.03125
2 0.26328125 0.59453125 0.0203125 0.028125
2 0.2546875 0.56953125 0.021875 0.028125
2 0.246875 0.54609375 0.021875 0.03125
2 0.26015625 0.51953125 0.0234375 0.03125
2 0.23671875 0.51875 0.0203125 0.03125
2 0.2265625 0.540625 0.01875 0.021875
2 0.215625 0.5171875 0.021875 0.0296875
2 0.24921875 0.6109375 0.01875 0.0265625
2 0.24140625 0.590625 0.021875 0.0265625
2 0.23359375 0.5640625 0.021875 0.028125
2 0.25859375 0.6375 0.0171875 0.025
2 0.24765625 0.6609375 0.01875 0.0265625
2 0.23984375 0.6375 0.0203125 0.03125
2 0.2296875 0.61015625 0.0203125 0.025
2 0.22109375 0.5875 0.0203125 0.0265625
2 0.2140625 0.56015625 0.01875 0.025
2 0.2078125 0.540625 0.021875 0.028125
2 0.1921875 0.559375 0.0234375 0.034375
2 0.1984375 0.5828125 0.021875 0.028125
2 0.16953125 0.55234375 0.025 0.03125
2 0.17421875 0.5828125 0.0234375 0.0328125
2 0.1578125 0.57109375 0.0234375 0.0296875
2 0.2078125 0.60546875 0.025 0.0265625
2 0.21796875 0.63046875 0.0234375 0.0265625
2 0.225 0.6546875 0.021875 0.028125
2 0.23203125 0.684375 0.025 0.03125
2 0.21171875 0.6828125 0.01875 0.028125
2 0.20390625 0.6546875 0.0203125 0.028125
2 0.196875 0.6296875 0.021875 0.028125
2 0.18671875 0.60703125 0.021875 0.028125
2 0.17578125 0.63125 0.0234375 0.034375
2 0.18203125 0.65625 0.021875 0.0328125
2 0.19140625 0.68359375 0.0203125 0.0328125
2 0.16875 0.68984375 0.0234375 0.028125
2 0.16171875 0.66328125 0.0234375 0.028125
2 0.15703125 0.6375 0.01875 0.028125
2 0.16640625 0.609375 0.025 0.03125
2 0.14375 0.59921875 0.021875 0.0328125
2 0.134375 0.5796875 0.028125 0.034375
2 0.13671875 0.625 0.021875 0.034375
2 0.13671875 0.65546875 0.025 0.0359375
2 0.14140625 0.68515625 0.028125 0.0328125
2 0.1109375 0.66015625 0.03125 0.034375
2 0.11171875 0.62890625 0.0203125 0.028125
2 0.11953125 0.6046875 0.0234375 0.0296875
2 0.09140625 0.6171875 0.025 0.034375
2 0.08046875 0.6515625 0.0296875 0.040625