2 0.59609375 0.56171875 0.0375 0.05
2 0.60390625 0.60390625 0.04375 0.04375
2 0.62265625 0.575 0.0359375 0.046875
2 0.63671875 0.615625 0.040625 0.05
2 0.65546875 0.57890625 0.0375 0.046875
2 0.665625 0.62265625 0.034375 0.0484375
2 0.69453125 0.6125 0.034375 0.046875
2 0.68671875 0.56875 0.0375 0.053125
2 0.70390625 0.54140625 0.0421875 0.05
2 0.72734375 0.565625 0.0375 0.04375
2 0.72109375 0.5984375 0.040625 0.053125
2 0.6109375 0.5296875 0.0375 0.046875
2 0.64296875 0.53671875 0.040625 0.05
2 0.61484375 0.45390625 0.0375 0.046875
2 0.565625 0.39609375 0.0390625 0.0515625
2 0.6375 0.3828125 0.0390625 0.046875
2 0.6546875 0.34765625 0.034375 0.040625
2 0.684375 0.3375 0.0421875 0.053125
2 0.6796875 0.38046875 0.040625 0.040625
2 0.69375 0.4015625 0.0390625 0.04375
2 0.7046875 0.43203125 0.0390625 0.0375
2 0.63359375 0.48515625 0.040625 0.040625
2 0.70234375 0.48828125 0.040625 0.046875
0 0.67578125 0.45390625 0.0375 0.053125
0 0.653125 0.4625 0.0328125 0.040625
0 0.6671875 0.49921875 0.0375 0.04375