0 0.409375 0.5859375 0.034375 0.03046875
0 0.4390625 0.58671875 0.034375 0.02578125
0 0.3984375 0.61015625 0.03671875 0.0265625
0 0.4265625 0.62109375 0.034375 0.0296875
0 0.39296875 0.55625 0.04140625 0.03203125
0 0.38515625 0.5078125 0.0390625 0.034375
2 0.4359375 0.553125 0.0375 0.0265625
2 0.46171875 0.5421875 0.03828125 0.02890625
2 0.4140625 0.534375 0.034375 0.025
2 0.421875 0.50703125 0.034375 0.0328125
2 0.3140625 0.50390625 0.034375 0.02890625
2 0.28203125 0.50703125 0.040625 0.03203125
2 0.390625 0.4828125 0.04296875 0.02734375
2 0.3703125 0.53515625 0.0421875 0.025
2 0.36328125 0.56328125 0.04296875 0.03515625
2 0.365625 0.60546875 0.03828125 0.0328125
2 0.38515625 0.5828125 0.03125 0.02734375
2 0.390625 0.63125 0.0359375 0.03046875
2 0.4109375 0.65546875 0.03828125 0.03203125
2 0.43515625 0.6734375 0.03828125 0.0328125
2 0.4671875 0.6703125 0.040625 0.03125
2 0.490625 0.64453125 0.0359375 0.034375
2 0.4546875 0.64296875 0.0484375 0.03203125
2 0.4734375 0.61953125 0.03125 0.03203125
2 0.48125 0.59453125 0.03359375 0.02890625
2 0.5109375 0.5890625 0.0390625 0.03984375
2 0.503125 0.61953125 0.0375 0.03203125
2 0.5046875 0.671875 0.040625 0.02890625
2 0.4515625 0.69296875 0.04140625 0.0296875
2 0.48359375 0.69453125 0.03125 0.0296875
2 0.46484375 0.71875 0.0515625 0.0265625