2 0.44609375 0.590625 0.0265625 0.028125
2 0.2828125 0.60625 0.03125 0.0234375
2 0.3390625 0.59453125 0.0296875 0.021875
2 0.51640625 0.6 0.0296875 0.025
2 0.41796875 0.5953125 0.028125 0.021875
2 0.3625 0.6046875 0.03125 0.0234375
2 0.39375 0.60234375 0.028125 0.021875
2 0.31484375 0.60390625 0.028125 0.0234375
2 0.4625 0.6078125 0.0296875 0.021875
2 0.28828125 0.64375 0.03125 0.025
2 0.46328125 0.66953125 0.028125 0.021875
2 0.26640625 0.62890625 0.03125 0.0234375
2 0.2359375 0.628125 0.028125 0.021875
2 0.484375 0.6265625 0.0296875 0.021875
2 0.49921875 0.646875 0.028125 0.021875
2 0.31640625 0.63671875 0.0296875 0.021875
2 0.35546875 0.6265625 0.0296875 0.021875
2 0.303125 0.62109375 0.03125 0.0234375
2 0.471875 0.6484375 0.03125 0.0234375
2 0.4546875 0.628125 0.03125 0.0234375
2 0.4765625 0.68515625 0.03125 0.021875
2 0.33046875 0.61796875 0.03125 0.021875
2 0.41796875 0.65546875 0.03125 0.0234375
2 0.3984375 0.63984375 0.028125 0.021875
2 0.36875 0.64140625 0.03125 0.021875
2 0.5078125 0.62109375 0.028125 0.021875
2 0.42734375 0.6328125 0.03125 0.0234375
2 0.43828125 0.66875 0.03125 0.021875
2 0.38984375 0.665625 0.028125 0.021875
2 0.41328125 0.61796875 0.0296875 0.0234375
2 0.44609375 0.64921875 0.028125 0.021875
2 0.43984375 0.61171875 0.028125 0.0203125