2 0.528125 0.57421875 0.03125 0.040625
2 0.553125 0.5765625 0.03125 0.0421875
2 0.54375 0.54296875 0.028125 0.040625
2 0.57265625 0.5984375 0.0296875 0.046875
2 0.596875 0.60390625 0.0328125 0.0453125
2 0.61953125 0.61953125 0.0296875 0.04375
2 0.6453125 0.62578125 0.0328125 0.04375
2 0.69140625 0.60546875 0.03125 0.04375
2 0.71875 0.6078125 0.03125 0.04375
2 0.75234375 0.59921875 0.0375 0.0453125
2 0.75859375 0.55859375 0.034375 0.04375
2 0.7546875 0.521875 0.034375 0.046875
2 0.74140625 0.48828125 0.034375 0.046875
2 0.71640625 0.49296875 0.034375 0.0421875
2 0.7171875 0.45390625 0.034375 0.04375
2 0.68984375 0.45390625 0.0375 0.04375
2 0.6640625 0.44296875 0.028125 0.040625
2 0.6328125 0.39765625 0.03125 0.0390625
2 0.60859375 0.38125 0.0296875 0.040625
2 0.58203125 0.37890625 0.028125 0.0390625
2 0.56640625 0.409375 0.028125 0.046875
2 0.546875 0.43828125 0.028125 0.040625
2 0.553125 0.478125 0.0296875 0.04375
2 0.559375 0.509375 0.028125 0.04375
0 0.575 0.55625 0.028125 0.0421875
0 0.60859375 0.55390625 0.0296875 0.0390625
0 0.6 0.51640625 0.028125 0.0390625
0 0.5921875 0.48828125 0.028125 0.0375
0 0.58125 0.45390625 0.028125 0.0375
0 0.60703125 0.453125 0.0296875 0.034375
0 0.60234375 0.42109375 0.03125 0.040625
0 0.615625 0.4875 0.025 0.034375
0 0.634375 0.45234375 0.0265625 0.0375
0 0.63984375 0.49296875 0.03125 0.04375
0 0.6234375 0.521875 0.025 0.0375
0 0.6390625 0.56484375 0.0296875 0.040625
0 0.646875 0.53515625 0.028125 0.040625
0 0.66015625 0.5796875 0.0296875 0.0375
0 0.6734375 0.5484375 0.028125 0.0375
0 0.66640625 0.5015625 0.028125 0.04375
0 0.68984375 0.51796875 0.0296875 0.040625
0 0.69140625 0.56875 0.03125 0.0421875
0 0.7125 0.55234375 0.034375 0.040625