0 0.52578125 0.65 0.034375 0.04375
0 0.521875 0.61015625 0.034375 0.0421875
0 0.5265625 0.57421875 0.0359375 0.0375
0 0.54609375 0.55390625 0.0359375 0.04375
0 0.55 0.58828125 0.0328125 0.046875
0 0.5484375 0.628125 0.03125 0.0484375
0 0.5703125 0.6484375 0.03125 0.046875
0 0.57578125 0.61484375 0.0328125 0.04375
0 0.58125 0.5734375 0.034375 0.046875
0 0.596875 0.6421875 0.0328125 0.05
0 0.6078125 0.60234375 0.034375 0.046875
0 0.62890625 0.63671875 0.03125 0.0484375
0 0.65546875 0.65703125 0.0375 0.04375
0 0.65703125 0.625 0.0375 0.04375
0 0.68203125 0.646875 0.0265625 0.040625
0 0.6671875 0.58671875 0.0328125 0.046875
0 0.640625 0.58828125 0.0375 0.05
0 0.61328125 0.5703125 0.0375 0.046875
0 0.61875 0.53046875 0.034375 0.04375
0 0.5890625 0.53671875 0.0390625 0.046875
0 0.59375 0.496875 0.0375 0.0484375
0 0.55859375 0.5078125 0.03125 0.04375
0 0.5328125 0.4984375 0.034375 0.04375
0 0.5078125 0.47109375 0.03125 0.05
0 0.53828125 0.4609375 0.0375 0.0375
0 0.55 0.425 0.03125 0.0484375
0 0.52265625 0.41796875 0.03125 0.046875
0 0.58125 0.4140625 0.0328125 0.04375
0 0.56875 0.4703125 0.034375 0.046875
0 0.5953125 0.4546875 0.034375 0.0484375
0 0.62890625 0.49375 0.0375 0.0515625
0 0.63203125 0.45078125 0.0375 0.046875
0 0.64140625 0.41796875 0.034375 0.05
0 0.6328125 0.37734375 0.03125 0.04375
0 0.60703125 0.41953125 0.0375 0.053125
0 0.60078125 0.38203125 0.034375 0.053125
0 0.65 0.546875 0.03125 0.0375
0 0.6578125 0.51328125 0.034375 0.04375
0 0.6625 0.47578125 0.0375 0.04375
0 0.6734375 0.4359375 0.034375 0.046875
2 0.46640625 0.659375 0.034375 0.04375
2 0.471875 0.621875 0.03125 0.0421875
2 0.475 0.5796875 0.034375 0.04375
2 0.490625 0.68984375 0.0359375 0.0515625
2 0.49296875 0.6484375 0.034375 0.046875
2 0.49765625 0.6109375 0.034375 0.04375
2 0.50390625 0.57109375 0.03125 0.05
2 0.50859375 0.53671875 0.03125 0.0390625
2 0.48515625 0.5046875 0.0265625 0.04375
2 0.47734375 0.4328125 0.034375 0.046875
2 0.4984375 0.39609375 0.034375 0.04375
2 0.53046875 0.39140625 0.034375 0.0375
2 0.553125 0.359375 0.034375 0.05
2 0.51875 0.7109375 0.0375 0.0515625
2 0.546875 0.69140625 0.034375 0.040625
2 0.58359375 0.67421875 0.03125 0.034375
2 0.6140625 0.7 0.034375 0.04375
2 0.61484375 0.66015625 0.0328125 0.0375
2 0.64609375 0.6859375 0.034375 0.0421875
2 0.67421875 0.71015625 0.034375 0.046875
2 0.696875 0.73984375 0.0375 0.05625
2 0.72890625 0.72734375 0.040625 0.053125
2 0.70859375 0.69609375 0.0375 0.0421875
2 0.71796875 0.65703125 0.0375 0.046875
2 0.72578125 0.61328125 0.0375 0.046875
2 0.69921875 0.596875 0.034375 0.04375
2 0.7078125 0.55703125 0.040625 0.053125
2 0.73515625 0.57265625 0.03125 0.0484375
2 0.76171875 0.59375 0.0375 0.0546875
2 0.70859375 0.51640625 0.03125 0.0484375
2 0.675 0.540625 0.0328125 0.04375
2 0.71328125 0.4765625 0.0375 0.046875
2 0.73828125 0.4546875 0.0390625 0.0578125
2 0.70625 0.43828125 0.03125 0.053125
2 0.6921875 0.3859375 0.034375 0.0578125
2 0.66015625 0.359375 0.034375 0.053125
2 0.6328125 0.3375 0.03125 0.0484375
2 0.584375 0.36171875 0.0328125 0.0578125