2 0.74375 0.503125 0.028125 0.053125
2 0.7125 0.49296875 0.0375 0.046875
2 0.659375 0.54140625 0.03125 0.046875
2 0.6765625 0.515625 0.028125 0.0390625
2 0.6828125 0.47890625 0.028125 0.0359375
2 0.6953125 0.44375 0.028125 0.040625
2 0.65 0.4953125 0.034375 0.034375
2 0.65703125 0.453125 0.025 0.046875
2 0.63046875 0.5234375 0.03125 0.05
2 0.59375 0.515625 0.03125 0.046875
2 0.5796875 0.5515625 0.0328125 0.053125
2 0.58125 0.484375 0.034375 0.04375
2 0.59296875 0.4390625 0.03125 0.053125
2 0.5703125 0.44765625 0.028125 0.05
2 0.55078125 0.475 0.028125 0.04375
2 0.5578125 0.51640625 0.0359375 0.05
2 0.5265625 0.5046875 0.03125 0.046875
2 0.56328125 0.603125 0.028125 0.04375
2 0.5578125 0.66015625 0.028125 0.05625
2 0.53515625 0.65546875 0.0171875 0.0421875
2 0.54296875 0.5765625 0.03125 0.046875
0 0.63125 0.46875 0.0375 0.0421875
0 0.51796875 0.57734375 0.0390625 0.05