2 0.43125 0.4578125 0.02890625 0.0296875
2 0.5609375 0.4546875 0.03671875 0.028125
2 0.45859375 0.53359375 0.03359375 0.0265625
2 0.475 0.52109375 0.03125 0.0234375
2 0.490625 0.509375 0.03125 0.02578125
2 0.6046875 0.48203125 0.0328125 0.025
2 0.61484375 0.5015625 0.034375 0.0265625
2 0.621875 0.52265625 0.0328125 0.02734375
2 0.6046875 0.5375 0.0328125 0.025
2 0.58828125 0.553125 0.02890625 0.0234375
2 0.56875 0.565625 0.02890625 0.02421875
2 0.55 0.578125 0.03515625 0.02109375
2 0.53359375 0.590625 0.03125 0.0203125
2 0.51640625 0.60390625 0.0328125 0.021875
2 0.49765625 0.615625 0.03046875 0.025
2 0.47890625 0.62890625 0.03828125 0.0234375
2 0.46328125 0.64375 0.03671875 0.02265625
2 0.44921875 0.65859375 0.0390625 0.02734375
2 0.41484375 0.671875 0.03828125 0.02578125
2 0.390625 0.6796875 0.03046875 0.02109375
2 0.359375 0.6796875 0.03515625 0.025
2 0.3421875 0.6640625 0.0328125 0.02421875
2 0.3671875 0.6625 0.03515625 0.0265625
2 0.3328125 0.68203125 0.03828125 0.02578125
2 0.31640625 0.66953125 0.03671875 0.025
2 0.2890625 0.66875 0.034375 0.02265625
2 0.303125 0.68203125 0.034375 0.02578125
2 0.27109375 0.68046875 0.0390625 0.028125
2 0.26015625 0.6625 0.03984375 0.028125
2 0.24296875 0.67734375 0.03671875 0.028125
2 0.21953125 0.66328125 0.03046875 0.02265625
2 0.21015625 0.64765625 0.0328125 0.028125
2 0.1953125 0.65859375 0.03828125 0.02421875
2 0.18125 0.63984375 0.03828125 0.02265625
2 0.2 0.62578125 0.0296875 0.02265625
2 0.228125 0.62890625 0.034375 0.02265625
2 0.21796875 0.609375 0.03359375 0.02734375
2 0.240625 0.6015625 0.0328125 0.02421875
2 0.25703125 0.58671875 0.0328125 0.02578125
2 0.27421875 0.5671875 0.03515625 0.02578125
2 0.31171875 0.5828125 0.0328125 0.02421875
2 0.32578125 0.565625 0.0359375 0.02421875
2 0.28359375 0.584375 0.0328125 0.0203125
2 0.35859375 0.5703125 0.03046875 0.02578125
2 0.3765625 0.55703125 0.028125 0.02578125
2 0.39609375 0.55703125 0.03359375 0.02265625
2 0.38515625 0.57578125 0.0296875 0.021875
2 0.40625 0.578125 0.03125 0.02265625
2 0.4140625 0.5421875 0.02890625 0.025
2 0.42421875 0.5640625 0.025 0.02421875
2 0.43984375 0.55 0.028125 0.02421875
0 0.2453125 0.63828125 0.0328125 0.025
0 0.2609375 0.61953125 0.02890625 0.025
0 0.2796875 0.5984375 0.03046875 0.0234375
0 0.28828125 0.6203125 0.03046875 0.02578125
0 0.27421875 0.64140625 0.03125 0.02578125
0 0.303125 0.6390625 0.0328125 0.025
0 0.32890625 0.63515625 0.03515625 0.028125
0 0.32265625 0.65546875 0.03515625 0.02109375
0 0.3171875 0.615625 0.0328125 0.02578125
0 0.309375 0.5984375 0.03125 0.02734375
0 0.3328125 0.5984375 0.03125 0.02109375
0 0.35234375 0.58515625 0.03046875 0.021875
0 0.3796875 0.590625 0.03125 0.02265625
0 0.3609375 0.60546875 0.03046875 0.021875
0 0.34140625 0.61875 0.0359375 0.025
0 0.35 0.63828125 0.0296875 0.02578125
0 0.37109375 0.6234375 0.03125 0.025
0 0.37578125 0.64375 0.03046875 0.0234375
0 0.384375 0.66328125 0.0328125 0.021875
0 0.4015625 0.64921875 0.02890625 0.02265625
0 0.39609375 0.6296875 0.03359375 0.02109375
0 0.390625 0.609375 0.03046875 0.028125
0 0.409375 0.6 0.0296875 0.0265625
0 0.42578125 0.5875 0.0296875 0.0234375
0 0.43984375 0.57109375 0.03046875 0.0234375
0 0.465625 0.56015625 0.028125 0.0234375
0 0.48203125 0.55390625 0.0359375 0.02421875
0 0.49921875 0.53984375 0.03046875 0.021875
0 0.51953125 0.52734375 0.0328125 0.0234375
0 0.540625 0.51484375 0.0328125 0.02578125
0 0.53359375 0.49765625 0.0328125 0.0265625
0 0.55390625 0.484375 0.03515625 0.02734375
0 0.57734375 0.4890625 0.0328125 0.025
0 0.56015625 0.5015625 0.028125 0.02265625
0 0.584375 0.51015625 0.0296875 0.0234375
0 0.56640625 0.52109375 0.03125 0.0234375
0 0.54921875 0.534375 0.03515625 0.02265625
0 0.528125 0.54609375 0.03515625 0.021875
0 0.51171875 0.5578125 0.02734375 0.02578125
0 0.4921875 0.571875 0.0328125 0.02265625
0 0.46796875 0.58046875 0.03671875 0.02265625
0 0.45234375 0.59375 0.0390625 0.02578125
0 0.434375 0.60859375 0.0328125 0.025
0 0.41328125 0.61953125 0.03125 0.0234375
0 0.421875 0.6421875 0.03671875 0.025
0 0.4421875 0.62734375 0.03046875 0.02578125
0 0.4640625 0.6125 0.0296875 0.02734375
0 0.478125 0.5984375 0.034375 0.028125
0 0.503125 0.59375 0.0296875 0.02578125
0 0.52109375 0.575 0.0296875 0.028125
0 0.540625 0.565625 0.034375 0.021875
0 0.55625 0.55234375 0.03828125 0.02890625
0 0.5734375 0.53984375 0.03046875 0.025