0 0.515625 0.63359375 0.028125 0.0234375
0 0.5328125 0.66953125 0.03125 0.021875
0 0.5234375 0.6890625 0.0265625 0.0234375
0 0.4984375 0.696875 0.0328125 0.021875
0 0.55234375 0.7046875 0.0359375 0.025
0 0.5296875 0.70703125 0.034375 0.0234375
0 0.50234375 0.71171875 0.034375 0.025
0 0.58515625 0.709375 0.0265625 0.01875
0 0.56875 0.71875 0.028125 0.01875
0 0.55546875 0.73359375 0.034375 0.021875
0 0.53671875 0.721875 0.034375 0.021875
0 0.51015625 0.728125 0.028125 0.0203125
0 0.53046875 0.74375 0.03125 0.01875
0 0.58359375 0.7390625 0.0359375 0.01875
0 0.57734375 0.7546875 0.0296875 0.021875
0 0.54921875 0.753125 0.03125 0.025
0 0.5234375 0.759375 0.028125 0.021875
2 0.509375 0.61796875 0.03125 0.0234375
2 0.48671875 0.60625 0.03125 0.021875
2 0.4609375 0.6109375 0.034375 0.021875
2 0.478125 0.62265625 0.0296875 0.01875
2 0.45390625 0.62890625 0.025 0.021875
2 0.47578125 0.63984375 0.028125 0.021875
2 0.44765625 0.6484375 0.0296875 0.01875
2 0.44296875 0.66484375 0.03125 0.021875
2 0.5515625 0.6484375 0.028125 0.021875
2 0.525 0.64921875 0.0265625 0.0203125
2 0.49765625 0.653125 0.028125 0.021875
2 0.4734375 0.659375 0.028125 0.01875
2 0.48984375 0.6703125 0.0265625 0.021875
2 0.5578125 0.6671875 0.0328125 0.021875
2 0.4625 0.6734375 0.028125 0.021875
2 0.47890625 0.68671875 0.03125 0.021875
2 0.453125 0.690625 0.0296875 0.021875
2 0.465625 0.70703125 0.034375 0.01875
2 0.4828125 0.7203125 0.0265625 0.021875
2 0.571875 0.68984375 0.028125 0.021875
2 0.534375 0.63203125 0.0265625 0.0234375
2 0.46484375 0.73515625 0.03125 0.0234375
2 0.47578125 0.75 0.0296875 0.025
2 0.49921875 0.7578125 0.028125 0.025
2 0.62109375 0.75546875 0.03125 0.025
2 0.6046875 0.71875 0.0265625 0.021875
2 0.60078125 0.734375 0.025 0.021875
2 0.609375 0.76953125 0.03125 0.0203125
2 0.5984375 0.78515625 0.0328125 0.0265625
0 0.5625 0.76953125 0.03125 0.021875