2 0.5390625 0.5328125 0.028125 0.0359375
2 0.54609375 0.5578125 0.028125 0.03125
2 0.55859375 0.58203125 0.025 0.028125
2 0.5671875 0.61171875 0.025 0.0375
2 0.54375 0.60859375 0.0265625 0.034375
2 0.5359375 0.5828125 0.0234375 0.025
2 0.5234375 0.55625 0.025 0.034375
2 0.515625 0.5765625 0.0234375 0.034375
2 0.52421875 0.60390625 0.0265625 0.0296875
2 0.521875 0.6265625 0.025 0.034375
2 0.5421875 0.6296875 0.025 0.028125
2 0.5328125 0.653125 0.0265625 0.034375
2 0.509375 0.646875 0.0265625 0.034375
2 0.5125 0.675 0.0234375 0.034375
2 0.5046875 0.503125 0.0265625 0.0328125
2 0.51640625 0.52734375 0.0203125 0.0328125
2 0.4828125 0.50078125 0.025 0.0390625
2 0.459375 0.4953125 0.028125 0.0453125
2 0.43515625 0.49453125 0.025 0.034375
2 0.39296875 0.5703125 0.028125 0.046875
2 0.42421875 0.61171875 0.025 0.0375
2 0.43984375 0.59140625 0.028125 0.03125
2 0.4546875 0.66953125 0.025 0.040625
2 0.43671875 0.68828125 0.025 0.040625
2 0.47265625 0.65703125 0.025 0.0375
2 0.4140625 0.38828125 0.028125 0.0359375
2 0.38671875 0.421875 0.028125 0.0328125
2 0.37734375 0.4484375 0.0296875 0.0375
2 0.35390625 0.44453125 0.0265625 0.0359375
2 0.365625 0.41328125 0.0265625 0.040625
2 0.37265625 0.38984375 0.028125 0.0375
2 0.39375 0.36875 0.021875 0.034375
2 0.38984375 0.34140625 0.0265625 0.040625
2 0.37265625 0.359375 0.028125 0.034375
2 0.36875 0.334375 0.021875 0.0328125
2 0.35390625 0.2984375 0.021875 0.0375
2 0.37578125 0.3078125 0.025 0.03125
2 0.36953125 0.2796875 0.025 0.0375
2 0.35234375 0.328125 0.028125 0.0328125
2 0.35390625 0.35078125 0.028125 0.034375
2 0.33984375 0.36953125 0.0265625 0.034375
2 0.35390625 0.384375 0.0234375 0.028125
2 0.34609375 0.4125 0.025 0.0296875
2 0.33203125 0.39453125 0.0265625 0.0375
2 0.31875 0.3703125 0.028125 0.034375
2 0.3296875 0.34375 0.028125 0.0359375
2 0.3328125 0.315625 0.025 0.0328125
2 0.3359375 0.2828125 0.025 0.0390625
2 0.35 0.265625 0.028125 0.03125
2 0.32734375 0.25078125 0.025 0.03125
2 0.3171875 0.26796875 0.0234375 0.03125
2 0.31953125 0.2890625 0.025 0.034375
2 0.31328125 0.32421875 0.025 0.0328125
2 0.29765625 0.359375 0.03125 0.04375
2 0.29921875 0.303125 0.025 0.034375
2 0.29453125 0.27578125 0.028125 0.0375
2 0.31875 0.2203125 0.025 0.0375
2 0.3 0.2296875 0.028125 0.034375
2 0.28515625 0.24140625 0.025 0.03125
2 0.29140625 0.20703125 0.0234375 0.0359375
2 0.2703125 0.19296875 0.0265625 0.034375
2 0.26953125 0.221875 0.0234375 0.034375
2 0.253125 0.2078125 0.028125 0.0359375
2 0.2703125 0.26640625 0.025 0.0390625
2 0.24453125 0.27890625 0.028125 0.040625
0 0.49921875 0.54140625 0.021875 0.034375
0 0.47890625 0.52890625 0.025 0.034375
0 0.49140625 0.56484375 0.0203125 0.03125
0 0.49140625 0.5953125 0.025 0.03125
0 0.49140625 0.62109375 0.025 0.03125
0 0.4890625 0.66875 0.021875 0.0375
0 0.4703125 0.6015625 0.021875 0.028125
0 0.46875 0.63125 0.0203125 0.034375
0 0.44609375 0.61640625 0.021875 0.034375
0 0.45703125 0.59296875 0.021875 0.03125
0 0.471875 0.57421875 0.021875 0.034375
0 0.4671875 0.55234375 0.021875 0.03125
0 0.45703125 0.52421875 0.0203125 0.0328125
0 0.4390625 0.52109375 0.025 0.03125
0 0.44609375 0.54765625 0.0265625 0.0328125
0 0.42578125 0.54765625 0.021875 0.0328125
0 0.43359375 0.57109375 0.021875 0.034375