0 0.37109375 0.6015625 0.04609375 0.034375
0 0.4109375 0.603125 0.04296875 0.03203125
0 0.45 0.58984375 0.04609375 0.0359375
0 0.47265625 0.56640625 0.04765625 0.034375
0 0.48359375 0.60078125 0.0421875 0.04140625
0 0.52421875 0.5859375 0.05 0.0375
0 0.515625 0.615625 0.0453125 0.03671875
0 0.53828125 0.63984375 0.053125 0.0390625
0 0.53359375 0.66953125 0.0546875 0.0328125
0 0.50703125 0.6484375 0.04296875 0.0359375
0 0.47578125 0.62890625 0.04296875 0.034375
0 0.4453125 0.6234375 0.04609375 0.03515625
0 0.43203125 0.653125 0.05390625 0.03828125
0 0.465625 0.6625 0.0453125 0.03515625
0 0.49921875 0.6765625 0.05 0.0328125
2 0.3078125 0.534375 0.05234375 0.03828125
2 0.346875 0.54765625 0.05625 0.03828125
2 0.30859375 0.5625 0.0515625 0.03359375
2 0.3625 0.57265625 0.05859375 0.03203125
2 0.33203125 0.59140625 0.04453125 0.03359375
2 0.33046875 0.62421875 0.05078125 0.034375
2 0.37109375 0.634375 0.05078125 0.03515625
2 0.34921875 0.65625 0.0421875 0.03125
2 0.3765625 0.6734375 0.053125 0.0375
2 0.39765625 0.54765625 0.05 0.0359375
2 0.42890625 0.56953125 0.0484375 0.0328125
2 0.49453125 0.55 0.04453125 0.0390625
2 0.521875 0.534375 0.04765625 0.0328125
2 0.525 0.5640625 0.0453125 0.03359375
2 0.5625 0.559375 0.05078125 0.03828125
2 0.55234375 0.58984375 0.03984375 0.03828125
2 0.57421875 0.61796875 0.05390625 0.0359375
2 0.5875 0.6453125 0.0515625 0.03828125
2 0.565625 0.67109375 0.046875 0.03828125
2 0.5015625 0.7046875 0.04765625 0.03203125
2 0.53984375 0.69765625 0.04765625 0.03828125
2 0.578125 0.7046875 0.04609375 0.0375
2 0.6046875 0.6828125 0.0453125 0.04140625
2 0.51171875 0.734375 0.0484375 0.0390625
2 0.55234375 0.73203125 0.05078125 0.03203125
2 0.59921875 0.740625 0.0484375 0.0390625
2 0.61875 0.71484375 0.04609375 0.03671875
2 0.53125 0.7890625 0.053125 0.04765625
2 0.57421875 0.76484375 0.0546875 0.0390625
2 0.5859375 0.796875 0.0515625 0.0390625
2 0.61796875 0.775 0.05234375 0.04453125
2 0.640625 0.74921875 0.05078125 0.0453125
2 0.6640625 0.72109375 0.05859375 0.0453125
2 0.68125 0.76171875 0.0515625 0.0390625
2 0.66171875 0.784375 0.04765625 0.03828125
2 0.62578125 0.81015625 0.053125 0.0390625
2 0.671875 0.81953125 0.05625 0.03984375
2 0.70078125 0.79140625 0.04453125 0.04296875
2 0.7328125 0.76640625 0.053125 0.04140625
2 0.73984375 0.80859375 0.05390625 0.04375