2 0.3046875 0.6296875 0.0375 0.028125
2 0.3015625 0.6484375 0.0328125 0.0265625
2 0.32421875 0.63984375 0.02578125 0.02109375
2 0.35078125 0.63671875 0.03515625 0.02578125
2 0.38046875 0.634375 0.03203125 0.028125
2 0.409375 0.628125 0.03515625 0.0265625
2 0.40546875 0.64765625 0.0359375 0.02421875
2 0.42890625 0.65859375 0.03359375 0.02734375
2 0.4484375 0.671875 0.0328125 0.02578125
2 0.2953125 0.66953125 0.03671875 0.0234375
2 0.275 0.6796875 0.03203125 0.0234375
2 0.29453125 0.69453125 0.03359375 0.0265625
2 0.27109375 0.7015625 0.0359375 0.028125
2 0.28828125 0.7140625 0.03828125 0.028125
2 0.3140625 0.70625 0.03203125 0.03046875
2 0.33828125 0.71953125 0.0375 0.0265625
2 0.38515625 0.72578125 0.03359375 0.0265625
2 0.43359375 0.73046875 0.03515625 0.028125
2 0.44296875 0.6875 0.03828125 0.0265625
2 0.44375 0.7109375 0.03671875 0.025
0 0.3234375 0.665625 0.03671875 0.02265625
0 0.32109375 0.684375 0.03359375 0.02421875
0 0.35234375 0.659375 0.0375 0.02578125
0 0.3828125 0.6609375 0.02890625 0.028125
0 0.40859375 0.66796875 0.03359375 0.02578125
0 0.4234375 0.68359375 0.034375 0.02265625
0 0.4234375 0.7046875 0.0359375 0.028125
0 0.4015625 0.6921875 0.03125 0.025
0 0.37734375 0.68125 0.03359375 0.02109375
0 0.35078125 0.6796875 0.03515625 0.0203125
0 0.34296875 0.696875 0.03515625 0.025
0 0.36953125 0.7 0.03515625 0.0265625