2 0.8328125 0.609375 0.02734375 0.0203125
2 0.815625 0.5921875 0.0265625 0.02109375
2 0.8109375 0.55390625 0.02109375 0.01953125
2 0.8234375 0.5640625 0.02109375 0.01953125
2 0.8390625 0.559375 0.01953125 0.0171875
2 0.871875 0.57421875 0.01875 0.01484375
2 0.890625 0.58046875 0.01640625 0.0140625
2 0.8875 0.56015625 0.01875 0.0140625
2 0.91484375 0.58359375 0.0234375 0.01640625
2 0.92734375 0.59296875 0.01640625 0.0125
2 0.9375 0.58203125 0.01796875 0.01484375
2 0.93984375 0.6 0.01953125 0.01796875
2 0.959375 0.6015625 0.02578125 0.01875
2 0.8609375 0.56171875 0.02109375 0.015625
2 0.85078125 0.56796875 0.0203125 0.01484375
2 0.85234375 0.5390625 0.028125 0.01796875
2 0.85234375 0.525 0.02890625 0.015625
2 0.63984375 0.7671875 0.028125 0.02265625
2 0.30078125 0.7484375 0.02421875 0.025
2 0.43515625 0.8125 0.02109375 0.01796875
2 0.45703125 0.81328125 0.021875 0.01484375
1 0.475 0.765625 0.01875 0.01875
1 0.46171875 0.75703125 0.01796875 0.01484375
1 0.46640625 0.74296875 0.01796875 0.01484375
1 0.48046875 0.75390625 0.02109375 0.01640625
1 0.4859375 0.784375 0.01953125 0.0171875
1 0.4875 0.77265625 0.0171875 0.0109375
1 0.45546875 0.771875 0.01796875 0.0125
1 0.46953125 0.778125 0.01875 0.0125
1 0.46953125 0.7921875 0.0234375 0.0140625
0 0.42578125 0.7453125 0.02421875 0.0171875
0 0.44453125 0.76171875 0.0203125 0.015625
0 0.44453125 0.75 0.0171875 0.015625
0 0.4171875 0.71328125 0.0234375 0.0140625
0 0.4515625 0.72734375 0.01484375 0.01328125
1 0.51328125 0.734375 0.02265625 0.0125
0 0.50546875 0.721875 0.01796875 0.0109375
0 0.5234375 0.71875 0.02265625 0.0140625
0 0.52890625 0.73203125 0.01640625 0.01328125
0 0.49375 0.740625 0.01875 0.01328125
0 0.49765625 0.75703125 0.0171875 0.015625
0 0.50859375 0.77734375 0.0203125 0.0171875
2 0.43046875 0.7765625 0.021875 0.0140625
0 0.44375 0.78828125 0.01796875 0.015625
2 0.4453125 0.80078125 0.01953125 0.01328125
2 0.47421875 0.80625 0.02890625 0.01640625
2 0.53671875 0.7453125 0.02421875 0.0171875