2 0.72578125 0.4109375 0.021875 0.01796875
2 0.71015625 0.4015625 0.02109375 0.01875
2 0.69375 0.39921875 0.02421875 0.0171875
2 0.68671875 0.41171875 0.0203125 0.0171875
2 0.703125 0.41953125 0.021875 0.01953125
2 0.66953125 0.40625 0.021875 0.01796875
2 0.65546875 0.3984375 0.021875 0.01640625
2 0.6390625 0.4 0.0234375 0.01640625
2 0.62421875 0.40625 0.02109375 0.01875
2 0.63671875 0.41484375 0.021875 0.015625
2 0.65 0.4109375 0.0203125 0.01640625
2 0.66640625 0.41953125 0.02109375 0.01484375
2 0.68203125 0.425 0.01875 0.01640625
2 0.6640625 0.43203125 0.0203125 0.01484375
2 0.684375 0.44375 0.02109375 0.01484375
2 0.58828125 0.40625 0.01875 0.01953125
2 0.60703125 0.4109375 0.0171875 0.015625
2 0.67890625 0.45546875 0.02109375 0.01796875
2 0.675 0.4671875 0.0203125 0.0125
2 0.665625 0.47421875 0.02109375 0.01640625
2 0.6796875 0.484375 0.02265625 0.01953125
2 0.6625 0.4875 0.021875 0.01484375
2 0.653125 0.49453125 0.02109375 0.01484375
2 0.646875 0.4859375 0.021875 0.01484375
2 0.56953125 0.41015625 0.01875 0.0171875
2 0.58125 0.41875 0.01875 0.015625
2 0.59921875 0.4234375 0.01796875 0.015625
2 0.5515625 0.4046875 0.021875 0.01875
2 0.66171875 0.44375 0.01875 0.01484375
1 0.3546875 0.540625 0.02109375 0.01640625
1 0.35234375 0.55546875 0.02421875 0.0171875
1 0.37109375 0.559375 0.0203125 0.01796875
1 0.3 0.57421875 0.02421875 0.0171875
1 0.2984375 0.58828125 0.02265625 0.01640625
1 0.3171875 0.5828125 0.01953125 0.01328125
1 0.278125 0.5796875 0.025 0.01796875
1 0.2890625 0.60078125 0.02109375 0.0140625
1 0.21328125 0.5640625 0.0234375 0.0171875
1 0.21484375 0.5796875 0.0234375 0.0171875
1 0.203125 0.59140625 0.02421875 0.01640625
1 0.221875 0.6078125 0.02265625 0.01640625
0 0.6359375 0.428125 0.01796875 0.01640625
0 0.61953125 0.43203125 0.01796875 0.0171875
0 0.63515625 0.440625 0.01875 0.015625
0 0.60390625 0.43515625 0.0203125 0.01640625
0 0.6046875 0.44921875 0.02109375 0.01484375
0 0.61953125 0.4453125 0.01640625 0.015625
0 0.603125 0.46171875 0.01953125 0.01484375
0 0.61796875 0.4609375 0.01953125 0.01484375
0 0.634375 0.4546875 0.01875 0.01328125
0 0.64921875 0.45546875 0.01796875 0.015625
0 0.61796875 0.4734375 0.01953125 0.0140625
0 0.63515625 0.46640625 0.0203125 0.01484375
0 0.60234375 0.475 0.02109375 0.01484375
0 0.571875 0.43125 0.021875 0.01484375
0 0.575 0.44453125 0.02109375 0.015625
0 0.5890625 0.45234375 0.01640625 0.01640625
0 0.55625 0.42421875 0.01953125 0.01484375
0 0.5546875 0.4375 0.021875 0.01484375
0 0.53828125 0.4296875 0.0203125 0.01484375
0 0.540625 0.4421875 0.01953125 0.01328125
0 0.55546875 0.45078125 0.01875 0.01328125
0 0.56953125 0.45859375 0.02109375 0.01640625
0 0.58515625 0.4671875 0.021875 0.015625
0 0.5703125 0.471875 0.01875 0.0140625
0 0.5859375 0.4796875 0.01875 0.01328125
0 0.5265625 0.44921875 0.0203125 0.01484375
0 0.54140625 0.45703125 0.01796875 0.015625
0 0.5546875 0.465625 0.01953125 0.015625
0 0.55390625 0.47890625 0.0203125 0.01484375
0 0.56875 0.4859375 0.01796875 0.01484375
0 0.5828125 0.49453125 0.01953125 0.0140625
0 0.56875 0.4984375 0.01796875 0.01328125
0 0.58359375 0.50625 0.01875 0.0125
0 0.5390625 0.47109375 0.0203125 0.015625
0 0.52578125 0.46484375 0.01796875 0.01484375
0 0.50859375 0.45234375 0.02109375 0.01484375
0 0.49296875 0.45703125 0.01953125 0.015625
0 0.509375 0.46640625 0.02109375 0.01484375
0 0.52421875 0.47734375 0.01953125 0.0140625
0 0.53828125 0.48515625 0.01953125 0.01484375
0 0.5515625 0.49140625 0.01796875 0.0140625
0 0.5234375 0.49140625 0.01796875 0.01484375
0 0.51015625 0.48203125 0.025 0.015625
0 0.49296875 0.471875 0.01953125 0.01484375
0 0.5375 0.49765625 0.01640625 0.0140625
0 0.5515625 0.50625 0.0203125 0.01640625
0 0.56796875 0.5109375 0.01875 0.01640625
0 0.47578125 0.46328125 0.01875 0.0140625
0 0.47578125 0.47734375 0.01953125 0.01640625
0 0.478125 0.4890625 0.01875 0.0125
0 0.49453125 0.48515625 0.01796875 0.01484375
0 0.49296875 0.49921875 0.0203125 0.015625
0 0.50859375 0.496875 0.01796875 0.015625
0 0.52265625 0.50546875 0.01875 0.01484375
0 0.53828125 0.51171875 0.01875 0.015625
0 0.50859375 0.5109375 0.0203125 0.01640625
0 0.52265625 0.51796875 0.0171875 0.0140625
0 0.53671875 0.5265625 0.01953125 0.015625
0 0.5515625 0.51875 0.01953125 0.015625
0 0.48125 0.509375 0.021875 0.01484375
0 0.4953125 0.51875 0.02109375 0.01640625
0 0.5109375 0.52578125 0.0203125 0.01484375
0 0.525 0.53359375 0.0203125 0.015625
0 0.4828125 0.52734375 0.02109375 0.0140625
0 0.47109375 0.5203125 0.0203125 0.01640625
0 0.46015625 0.50078125 0.0203125 0.01640625
0 0.440625 0.49765625 0.02265625 0.01640625
0 0.45390625 0.51328125 0.02265625 0.01484375
0 0.4546875 0.5265625 0.01875 0.01484375
0 0.46875 0.534375 0.01796875 0.0140625
0 0.49453125 0.53359375 0.01953125 0.01640625
0 0.4828125 0.5421875 0.0203125 0.01328125
0 0.4953125 0.54921875 0.01875 0.01328125
0 0.4796875 0.55390625 0.0203125 0.0140625
0 0.49375 0.56171875 0.01875 0.01328125
0 0.4765625 0.565625 0.01953125 0.01328125
0 0.465625 0.54765625 0.0203125 0.01484375
0 0.45234375 0.5390625 0.02109375 0.0140625
0 0.446875 0.5515625 0.0203125 0.0140625
0 0.4625 0.5578125 0.01796875 0.01328125
0 0.446875 0.56484375 0.0203125 0.01484375
0 0.4625 0.5703125 0.01875 0.01484375
0 0.42265625 0.49140625 0.0203125 0.015625
0 0.40703125 0.48671875 0.01953125 0.0140625
0 0.40546875 0.50078125 0.01875 0.015625
0 0.41953125 0.5046875 0.01875 0.01484375
0 0.43515625 0.509375 0.01953125 0.01484375
0 0.38671875 0.496875 0.0203125 0.01640625
0 0.403125 0.51328125 0.02109375 0.015625
0 0.41875 0.51796875 0.01796875 0.0140625
0 0.43671875 0.5234375 0.01953125 0.01484375
0 0.4328125 0.534375 0.01953125 0.0140625
0 0.43125 0.546875 0.0203125 0.01484375
0 0.41875 0.53125 0.01953125 0.01640625
0 0.40078125 0.52734375 0.0203125 0.01484375
0 0.359375 0.49296875 0.0203125 0.0140625
0 0.37265625 0.50078125 0.01953125 0.01484375
1 0.365625 0.51796875 0.02421875 0.0171875
0 0.38515625 0.509375 0.01953125 0.015625
0 0.38515625 0.521875 0.01796875 0.01484375
0 0.39765625 0.5390625 0.01875 0.01328125
0 0.4140625 0.5421875 0.01640625 0.0140625
0 0.384375 0.53515625 0.021875 0.01328125
0 0.36796875 0.528125 0.02265625 0.01484375
0 0.378125 0.546875 0.0203125 0.01484375
0 0.3953125 0.5515625 0.01875 0.0140625
0 0.41171875 0.5546875 0.021875 0.015625
0 0.42890625 0.55859375 0.01875 0.01484375
0 0.43046875 0.57265625 0.01953125 0.01640625
0 0.44765625 0.57890625 0.021875 0.0140625
0 0.39609375 0.56484375 0.02109375 0.01484375
0 0.41328125 0.5671875 0.02109375 0.01640625
0 0.4046875 0.57890625 0.02265625 0.01640625
0 0.42265625 0.58203125 0.01953125 0.0140625
0 0.39375 0.5875 0.02265625 0.01328125
0 0.384375 0.57421875 0.0234375 0.015625
0 0.3734375 0.5828125 0.02421875 0.01484375
0 0.37734375 0.5953125 0.02265625 0.01328125
0 0.36171875 0.59375 0.02109375 0.01640625
0 0.3578125 0.58046875 0.02109375 0.01328125
0 0.35703125 0.5671875 0.01875 0.0140625
0 0.3421875 0.57109375 0.0203125 0.01484375
0 0.34296875 0.58671875 0.02265625 0.01640625
0 0.328125 0.59296875 0.01953125 0.0125
0 0.32890625 0.60625 0.02109375 0.0140625
0 0.34375 0.60078125 0.01796875 0.0125
0 0.3109375 0.60234375 0.021875 0.01484375
0 0.3109375 0.61484375 0.02265625 0.01484375
0 0.328125 0.61875 0.0203125 0.01484375
0 0.32578125 0.56640625 0.02265625 0.015625
1 0.32734375 0.55390625 0.021875 0.015625
0 0.31328125 0.54296875 0.021875 0.01640625
0 0.33203125 0.5390625 0.01875 0.01640625
0 0.3328125 0.52421875 0.01875 0.015625
0 0.31796875 0.53046875 0.02109375 0.01640625
0 0.3 0.5296875 0.02109375 0.015625
0 0.31953125 0.51484375 0.0203125 0.01796875
0 0.33828125 0.5109375 0.0171875 0.01640625
0 0.32890625 0.50234375 0.01875 0.0171875
0 0.3453125 0.49921875 0.0203125 0.0171875
0 0.21796875 0.52578125 0.02265625 0.01796875
0 0.20390625 0.5359375 0.02265625 0.0171875
0 0.18984375 0.5421875 0.0203125 0.01640625
0 0.203125 0.5515625 0.02109375 0.01484375
0 0.221875 0.5484375 0.02265625 0.015625
0 0.26953125 0.53046875 0.0203125 0.01484375
0 0.28203125 0.540625 0.02109375 0.01640625
0 0.2953125 0.55 0.01875 0.01484375
0 0.2625 0.54609375 0.02109375 0.01484375
0 0.24765625 0.55234375 0.02109375 0.01640625
0 0.23203125 0.5578125 0.01875 0.0140625
0 0.23046875 0.571875 0.021875 0.015625
0 0.24765625 0.565625 0.02109375 0.0140625
0 0.2625 0.559375 0.02109375 0.015625
0 0.278125 0.553125 0.01953125 0.01484375
0 0.27890625 0.5671875 0.02109375 0.01484375
0 0.29453125 0.56328125 0.01953125 0.01328125
0 0.30859375 0.5578125 0.0171875 0.015625
0 0.26171875 0.57265625 0.01953125 0.01484375
0 0.24765625 0.5796875 0.01953125 0.01640625
0 0.23125 0.58515625 0.02109375 0.01484375
0 0.23203125 0.6 0.0203125 0.01484375
0 0.24765625 0.59453125 0.01953125 0.015625
0 0.26171875 0.58671875 0.0203125 0.01484375
0 0.26171875 0.6015625 0.0203125 0.01484375
0 0.26171875 0.6140625 0.0203125 0.01484375
0 0.2453125 0.6078125 0.01796875 0.01328125
0 0.2796875 0.61953125 0.02421875 0.0171875
0 0.28984375 0.6296875 0.01875 0.015625
0 0.25859375 0.6265625 0.0203125 0.01484375
0 0.24375 0.61953125 0.021875 0.01484375
0 0.22734375 0.62734375 0.0234375 0.015625
0 0.2125 0.63359375 0.0234375 0.01640625
0 0.1953125 0.628125 0.02109375 0.01640625
0 0.17890625 0.62109375 0.021875 0.0171875
0 0.2125 0.621875 0.0203125 0.01484375
0 0.18125 0.60390625 0.02421875 0.01953125
0 0.19453125 0.6140625 0.02265625 0.0171875
0 0.16484375 0.590625 0.02109375 0.01640625
0 0.18359375 0.5875 0.0203125 0.01640625
0 0.1828125 0.57265625 0.01953125 0.0171875
0 0.196875 0.57734375 0.01796875 0.0171875
0 0.1921875 0.559375 0.02109375 0.01640625
0 0.12734375 0.59453125 0.0203125 0.01484375
0 0.115625 0.61015625 0.0203125 0.01796875
0 0.13359375 0.61015625 0.01953125 0.01484375
0 0.146875 0.61796875 0.021875 0.0140625
0 0.1390625 0.63125 0.01796875 0.01484375
2 0.5296875 0.41953125 0.0203125 0.015625
2 0.51171875 0.428125 0.0203125 0.0171875
2 0.6296875 0.4828125 0.01796875 0.01484375
2 0.63046875 0.49375 0.0203125 0.01328125
2 0.62890625 0.50546875 0.01953125 0.0125
2 0.6125 0.4921875 0.02109375 0.01328125
2 0.6109375 0.50390625 0.02109375 0.01328125
2 0.61171875 0.5171875 0.01953125 0.01484375
2 0.59140625 0.51484375 0.01875 0.01328125
2 0.58125 0.5203125 0.01953125 0.0140625
2 0.496875 0.43515625 0.01875 0.01484375
2 0.48203125 0.44453125 0.02109375 0.01640625
2 0.4671875 0.4515625 0.01796875 0.01484375
2 0.45078125 0.4578125 0.01875 0.01484375
2 0.434375 0.46171875 0.02109375 0.0140625
2 0.415625 0.46484375 0.01953125 0.01484375
2 0.43046875 0.47421875 0.02109375 0.01484375
2 0.44453125 0.48203125 0.0203125 0.01484375
2 0.44921875 0.47109375 0.0171875 0.01328125
2 0.46328125 0.490625 0.0171875 0.0125
2 0.39375 0.48046875 0.0171875 0.01484375
2 0.3640625 0.48046875 0.0203125 0.015625
2 0.34765625 0.478125 0.02109375 0.01328125
2 0.3265625 0.48515625 0.01953125 0.01484375
2 0.54765625 0.54609375 0.0203125 0.01640625
2 0.52109375 0.54921875 0.021875 0.01640625
2 0.51171875 0.5578125 0.01953125 0.0140625
2 0.4859375 0.575 0.01875 0.0140625
2 0.35859375 0.6125 0.02109375 0.0125
2 0.3734375 0.6046875 0.02109375 0.01484375
2 0.31484375 0.63046875 0.021875 0.01484375
2 0.26328125 0.6375 0.0203125 0.01484375
2 0.27578125 0.64140625 0.01875 0.0140625
2 0.24765625 0.64375 0.0234375 0.01484375
2 0.26171875 0.65 0.0234375 0.0140625
2 0.24609375 0.63046875 0.01796875 0.0140625
2 0.22890625 0.65 0.0203125 0.01484375
2 0.21171875 0.65625 0.02421875 0.01171875
2 0.19453125 0.64921875 0.021875 0.01484375
2 0.1796875 0.65703125 0.025 0.01640625
2 0.18828125 0.6640625 0.02265625 0.01484375
2 0.1484375 0.66484375 0.02265625 0.015625
2 0.121875 0.64375 0.0203125 0.01640625
2 0.13828125 0.6453125 0.0203125 0.01640625
2 0.1515625 0.64140625 0.01796875 0.01640625
2 0.16796875 0.6453125 0.01875 0.0171875
2 0.18359375 0.6390625 0.01875 0.01484375
2 0.16875 0.6328125 0.0203125 0.0125
2 0.1125 0.6203125 0.02109375 0.01484375
2 0.11640625 0.58828125 0.02109375 0.01484375
2 0.1125 0.6015625 0.02265625 0.0140625
2 0.1546875 0.609375 0.01875 0.01328125
2 0.12890625 0.57578125 0.01953125 0.0171875
2 0.13828125 0.5859375 0.01875 0.015625
2 0.14453125 0.571875 0.01953125 0.015625
2 0.15546875 0.578125 0.02109375 0.01484375
2 0.1875 0.4921875 0.025 0.01640625
2 0.17109375 0.521875 0.02109375 0.015625
2 0.16015625 0.53359375 0.025 0.0140625
2 0.16328125 0.546875 0.02109375 0.01484375
2 0.15078125 0.5515625 0.021875 0.0140625
2 0.1578125 0.56328125 0.021875 0.01640625
2 0.17421875 0.5578125 0.01875 0.015625
2 0.1859375 0.528125 0.0203125 0.01484375
2 0.18984375 0.515625 0.01953125 0.015625
2 0.2015625 0.503125 0.0234375 0.015625
2 0.21875 0.49765625 0.02109375 0.01640625
2 0.2140625 0.5125 0.01953125 0.015625
2 0.2296875 0.509375 0.01953125 0.01640625
2 0.246875 0.50625 0.0203125 0.015625
2 0.26015625 0.5015625 0.0203125 0.01640625
2 0.24140625 0.521875 0.021875 0.0140625
2 0.23359375 0.53359375 0.021875 0.01328125
2 0.2609375 0.51796875 0.02109375 0.01484375
2 0.25390625 0.53125 0.01796875 0.0140625
2 0.27890625 0.5125 0.01953125 0.01640625
2 0.29609375 0.50546875 0.021875 0.01640625
2 0.29296875 0.51875 0.02265625 0.0140625