0 0.74609375 0.684375 0.0171875 0.021875
0 0.73984375 0.66796875 0.0171875 0.01875
0 0.73515625 0.65 0.01875 0.025
2 0.70390625 0.68671875 0.015625 0.0234375
2 0.71015625 0.6703125 0.015625 0.021875
2 0.7171875 0.6921875 0.0140625 0.021875
2 0.7234375 0.6734375 0.015625 0.01875
2 0.7296875 0.6890625 0.0125 0.021875
2 0.70078125 0.6546875 0.0125 0.025
2 0.71328125 0.653125 0.015625 0.01875
2 0.70703125 0.63984375 0.015625 0.0203125
2 0.703125 0.625 0.015625 0.021875
2 0.7203125 0.64140625 0.0125 0.021875
2 0.715625 0.625 0.0125 0.0171875
2 0.70703125 0.6109375 0.015625 0.01875
2 0.7015625 0.5953125 0.015625 0.021875
2 0.7171875 0.5953125 0.015625 0.021875
2 0.72109375 0.61328125 0.015625 0.021875
2 0.7296875 0.62734375 0.015625 0.0203125
2 0.74453125 0.6265625 0.0171875 0.01875
2 0.73515625 0.61171875 0.0171875 0.01875
2 0.7296875 0.59765625 0.015625 0.021875
2 0.75390625 0.65625 0.0125 0.021875
2 0.75 0.64140625 0.015625 0.025
2 0.7390625 0.7109375 0.015625 0.028125
2 0.753125 0.70546875 0.015625 0.025
2 0.76484375 0.7046875 0.015625 0.021875
2 0.76953125 0.6890625 0.015625 0.01875
2 0.759375 0.68984375 0.0125 0.0171875
2 0.759375 0.67421875 0.0140625 0.0171875
2 0.8140625 0.653125 0.01875 0.025
2 0.809375 0.63359375 0.0171875 0.021875
2 0.81015625 0.61640625 0.01875 0.021875
2 0.815625 0.6 0.01875 0.025
2 0.82265625 0.61171875 0.01875 0.021875
2 0.82421875 0.63125 0.015625 0.025
2 0.8265625 0.64765625 0.0140625 0.0234375
2 0.82421875 0.6640625 0.0171875 0.025
2 0.8359375 0.67421875 0.0171875 0.01875
2 0.8375 0.6578125 0.0171875 0.021875
2 0.83828125 0.64140625 0.015625 0.025
2 0.834375 0.62578125 0.015625 0.01875
2 0.834375 0.6046875 0.0171875 0.0203125
2 0.84296875 0.61484375 0.015625 0.01875
2 0.84921875 0.6296875 0.0125 0.021875
2 0.85234375 0.6515625 0.015625 0.0265625
2 0.85078125 0.665625 0.0125 0.021875