0 0.5546875 0.6015625 0.01875 0.025
0 0.56796875 0.6203125 0.0234375 0.0265625
0 0.56328125 0.58671875 0.0203125 0.025
0 0.5796875 0.6046875 0.01875 0.03125
2 0.54609375 0.65546875 0.015625 0.028125
2 0.56328125 0.659375 0.0203125 0.0328125
2 0.55 0.63203125 0.015625 0.025
2 0.54140625 0.61328125 0.015625 0.021875
2 0.53828125 0.57265625 0.0234375 0.028125
2 0.5421875 0.55 0.021875 0.0265625
2 0.5578125 0.55546875 0.021875 0.021875
2 0.575 0.56015625 0.021875 0.0265625
2 0.5859375 0.57421875 0.015625 0.0234375
2 0.5890625 0.590625 0.015625 0.0265625
2 0.59140625 0.6171875 0.015625 0.0203125
2 0.60625 0.59921875 0.01875 0.03125
2 0.5984375 0.63359375 0.0203125 0.028125
2 0.5859375 0.6359375 0.01875 0.028125
2 0.5921875 0.6484375 0.015625 0.03125
2 0.57890625 0.6546875 0.01875 0.03125