2 0.27265625 0.33828125 0.025 0.034375
2 0.27265625 0.31015625 0.021875 0.0234375
2 0.284375 0.29453125 0.01875 0.025
2 0.3 0.30234375 0.01875 0.021875
2 0.28828125 0.31953125 0.0171875 0.0234375
2 0.30625 0.32578125 0.0203125 0.025
2 0.29375 0.33984375 0.01875 0.025
2 0.2796875 0.35703125 0.01875 0.025
2 0.2953125 0.36640625 0.0234375 0.0265625
2 0.29140625 0.38984375 0.01875 0.028125
2 0.30703125 0.3859375 0.01875 0.0265625
2 0.30703125 0.35234375 0.01875 0.025
2 0.321875 0.33515625 0.0203125 0.0234375
2 0.31875 0.3109375 0.0234375 0.025
2 0.315625 0.290625 0.025 0.025
2 0.334375 0.29453125 0.021875 0.028125
2 0.334375 0.31796875 0.01875 0.0234375
2 0.35078125 0.3046875 0.0203125 0.025
2 0.30390625 0.409375 0.021875 0.025
2 0.31640625 0.4265625 0.0203125 0.025
2 0.33359375 0.43359375 0.01875 0.021875
2 0.4546875 0.275 0.021875 0.03125
2 0.446875 0.36796875 0.01875 0.0234375
2 0.434375 0.40234375 0.0171875 0.021875
2 0.43203125 0.378125 0.015625 0.021875
2 0.4328125 0.35625 0.01875 0.0265625
2 0.43203125 0.3328125 0.01875 0.0265625
2 0.4140625 0.3203125 0.01875 0.0265625
2 0.39375 0.31015625 0.021875 0.028125
2 0.37109375 0.30234375 0.01875 0.025
2 0.42109375 0.43359375 0.015625 0.025
2 0.41796875 0.41328125 0.01875 0.028125
2 0.40703125 0.4515625 0.01875 0.025
2 0.40859375 0.4765625 0.021875 0.025
2 0.3921875 0.46953125 0.01875 0.025
2 0.39296875 0.4453125 0.015625 0.021875
2 0.37734375 0.46328125 0.015625 0.021875
2 0.36484375 0.4453125 0.015625 0.0265625
2 0.35078125 0.440625 0.015625 0.025
2 0.43515625 0.4234375 0.0234375 0.021875
0 0.43984375 0.44140625 0.01875 0.025
0 0.4125 0.378125 0.0171875 0.0265625
0 0.41171875 0.35234375 0.01875 0.0265625
0 0.3953125 0.34296875 0.01875 0.025
0 0.39765625 0.36640625 0.0171875 0.025
0 0.4 0.390625 0.021875 0.028125
0 0.40234375 0.41484375 0.0203125 0.025
0 0.3875 0.4078125 0.015625 0.0234375
0 0.38515625 0.3828125 0.015625 0.025
0 0.38046875 0.35859375 0.0171875 0.0234375
0 0.37890625 0.3359375 0.015625 0.028125
0 0.3609375 0.32890625 0.021875 0.028125
0 0.36484375 0.3484375 0.01875 0.0234375
0 0.3546875 0.365625 0.01875 0.028125
0 0.3703125 0.37421875 0.01875 0.01875
0 0.37265625 0.39609375 0.01875 0.025
0 0.375 0.42109375 0.01875 0.025
0 0.3609375 0.41328125 0.01875 0.028125
0 0.3578125 0.390625 0.015625 0.0265625
0 0.34609375 0.40625 0.015625 0.021875
0 0.34296875 0.38359375 0.015625 0.025
0 0.34609375 0.33984375 0.01875 0.0265625
0 0.33828125 0.359375 0.0171875 0.0234375
0 0.32578125 0.3546875 0.021875 0.028125
0 0.32734375 0.37734375 0.01875 0.025
0 0.32890625 0.39765625 0.021875 0.028125