1 0.525 0.69453125 0.03984375 0.0265625
1 0.5015625 0.7203125 0.0359375 0.0296875
1 0.525 0.7328125 0.03671875 0.02578125
1 0.55 0.71328125 0.03125 0.02265625
1 0.58203125 0.72265625 0.03125 0.0234375
1 0.559375 0.74296875 0.03203125 0.02421875
1 0.53828125 0.7671875 0.03359375 0.0234375
1 0.51171875 0.759375 0.0328125 0.0234375
1 0.503125 0.79140625 0.0359375 0.02578125
1 0.52734375 0.80078125 0.034375 0.02109375
1 0.55546875 0.79140625 0.02890625 0.025
1 0.6171875 0.73125 0.0359375 0.02109375
1 0.64140625 0.7515625 0.0390625 0.02109375
1 0.61875 0.77421875 0.03671875 0.025
1 0.65546875 0.775 0.03671875 0.02578125
1 0.6765625 0.75078125 0.0375 0.02734375
1 0.6765625 0.72421875 0.03125 0.02265625
1 0.5890625 0.78984375 0.03671875 0.0265625
1 0.6796875 0.81171875 0.03515625 0.02734375
1 0.69375 0.77578125 0.03046875 0.0265625
1 0.7109375 0.75078125 0.03671875 0.0296875
1 0.578125 0.7671875 0.03203125 0.02265625
1 0.590625 0.74375 0.03671875 0.01875
0 0.5296875 0.6328125 0.03984375 0.02578125
0 0.5421875 0.6578125 0.03125 0.02578125
0 0.51328125 0.6609375 0.03515625 0.0265625
0 0.47890625 0.66171875 0.0359375 0.02734375
0 0.4984375 0.68515625 0.03203125 0.028125
0 0.4359375 0.68515625 0.0359375 0.0296875
0 0.4640625 0.68515625 0.04296875 0.02578125
0 0.45078125 0.7109375 0.0328125 0.02734375
0 0.48125 0.70859375 0.03125 0.025
0 0.46796875 0.7359375 0.03828125 0.02421875
0 0.56796875 0.690625 0.0375 0.028125
0 0.646875 0.72265625 0.0328125 0.0265625
0 0.615625 0.7125 0.028125 0.0234375
2 0.59375 0.64921875 0.04375 0.028125
2 0.6078125 0.67265625 0.0375 0.028125
2 0.6359375 0.6859375 0.0359375 0.02734375
2 0.66484375 0.675 0.03984375 0.0296875
2 0.690625 0.69453125 0.04140625 0.028125
2 0.75390625 0.775 0.04375 0.03671875
2 0.7390625 0.80625 0.03984375 0.03671875
2 0.396875 0.69765625 0.0421875 0.03046875
2 0.43203125 0.653125 0.040625 0.0296875
2 0.4140625 0.72734375 0.0375 0.03984375
2 0.4359375 0.75546875 0.0359375 0.0328125
2 0.7109375 0.8390625 0.03984375 0.03515625
2 0.65859375 0.85390625 0.04609375 0.040625
2 0.62578125 0.8265625 0.04140625 0.034375
2 0.58515625 0.8234375 0.03828125 0.02890625
2 0.728125 0.734375 0.0390625 0.0328125
2 0.53984375 0.81796875 0.03828125 0.02734375
2 0.47890625 0.628125 0.0390625 0.0296875
2 0.51328125 0.6046875 0.0375 0.02890625
2 0.540625 0.6140625 0.03125 0.0265625
2 0.55625 0.5953125 0.0359375 0.03046875
2 0.52109375 0.5828125 0.04296875 0.03046875
2 0.5484375 0.5703125 0.0390625 0.025