2 0.43125 0.26640625 0.0203125 0.025
2 0.41953125 0.284375 0.021875 0.025
2 0.4171875 0.30234375 0.01875 0.028125
2 0.43203125 0.3109375 0.01875 0.021875
2 0.440625 0.2921875 0.021875 0.025
2 0.425 0.33046875 0.0203125 0.025
2 0.41640625 0.34609375 0.01875 0.025
2 0.41875 0.365625 0.01875 0.028125
2 0.425 0.3828125 0.021875 0.025
2 0.43515625 0.36796875 0.01875 0.025
2 0.43046875 0.35234375 0.01875 0.021875
2 0.440625 0.334375 0.0171875 0.025
2 0.44765625 0.315625 0.01875 0.021875
2 0.4546875 0.33671875 0.0171875 0.021875
2 0.46875 0.3140625 0.0171875 0.025
2 0.425 0.4234375 0.021875 0.021875
2 0.43046875 0.4015625 0.01875 0.01875
2 0.48125 0.31953125 0.0203125 0.025
2 0.4953125 0.32421875 0.015625 0.021875
2 0.50390625 0.33515625 0.01875 0.025
2 0.51484375 0.31875 0.021875 0.0265625
2 0.51875 0.33828125 0.0171875 0.025
2 0.52734375 0.34921875 0.0171875 0.025
2 0.5171875 0.35703125 0.0171875 0.025
2 0.4296875 0.4453125 0.01875 0.021875
2 0.4390625 0.43203125 0.01875 0.021875
2 0.4453125 0.4109375 0.01875 0.0203125
2 0.4234375 0.46640625 0.021875 0.025
2 0.46796875 0.3390625 0.015625 0.021875
1 0.5796875 0.6921875 0.01875 0.025
1 0.596875 0.69453125 0.01875 0.028125
1 0.60078125 0.67265625 0.0203125 0.0234375
1 0.61796875 0.75390625 0.0203125 0.028125
1 0.634375 0.75625 0.01875 0.0265625
1 0.628125 0.73515625 0.015625 0.021875
1 0.62421875 0.77890625 0.0203125 0.028125
1 0.6484375 0.76640625 0.015625 0.025
1 0.60703125 0.85390625 0.0203125 0.028125
1 0.625 0.85234375 0.01875 0.0265625
1 0.63828125 0.86484375 0.01875 0.028125
1 0.65703125 0.84375 0.01875 0.025
0 0.45 0.36875 0.01875 0.021875
0 0.45546875 0.3875 0.0203125 0.0203125
0 0.46484375 0.3703125 0.01875 0.021875
0 0.45859375 0.40546875 0.01875 0.0234375
0 0.47421875 0.4046875 0.0171875 0.025
0 0.4703125 0.3875 0.01875 0.01875
0 0.4890625 0.40625 0.0171875 0.021875
0 0.4875 0.3890625 0.0171875 0.021875
0 0.48125 0.37109375 0.015625 0.021875
0 0.48125 0.35390625 0.01875 0.0203125
0 0.50234375 0.38984375 0.015625 0.021875
0 0.49453125 0.36953125 0.0171875 0.0234375
0 0.50390625 0.40703125 0.015625 0.025
0 0.45390625 0.4421875 0.015625 0.025
0 0.46953125 0.4390625 0.01875 0.025
0 0.47890625 0.42265625 0.01875 0.01875
0 0.44609375 0.4609375 0.0171875 0.021875
0 0.4609375 0.46171875 0.0171875 0.025
0 0.45234375 0.48046875 0.0171875 0.0234375
0 0.4671875 0.47890625 0.015625 0.021875
0 0.4765625 0.4609375 0.015625 0.021875
0 0.48515625 0.4453125 0.01875 0.025
0 0.4953125 0.42734375 0.01875 0.025
0 0.50078125 0.44453125 0.015625 0.021875
0 0.509375 0.4265625 0.015625 0.021875
0 0.475 0.49453125 0.0171875 0.0234375
0 0.48359375 0.47734375 0.01875 0.0203125
0 0.49375 0.4625 0.01875 0.021875
0 0.50859375 0.46328125 0.0171875 0.0234375
0 0.51640625 0.44609375 0.0171875 0.021875
0 0.5265625 0.4296875 0.015625 0.021875
0 0.53125 0.44609375 0.015625 0.0203125
0 0.53984375 0.4296875 0.0140625 0.021875
0 0.5 0.4796875 0.01875 0.0234375
0 0.4921875 0.4953125 0.0171875 0.021875
0 0.478125 0.51484375 0.0171875 0.025
0 0.48359375 0.5328125 0.01875 0.021875
0 0.49375 0.5140625 0.0171875 0.025
0 0.50703125 0.49765625 0.015625 0.021875
0 0.515625 0.48125 0.0171875 0.021875
0 0.5234375 0.465625 0.015625 0.0203125
0 0.52265625 0.4984375 0.0171875 0.021875
0 0.5125 0.51328125 0.01875 0.028125
0 0.50078125 0.5328125 0.0171875 0.021875
0 0.5296875 0.48203125 0.015625 0.01875
0 0.540625 0.465625 0.01875 0.0234375
0 0.54609375 0.446875 0.01875 0.021875
0 0.490625 0.55234375 0.015625 0.021875
0 0.50703125 0.55234375 0.01875 0.021875
0 0.52109375 0.55 0.015625 0.021875
0 0.515625 0.53125 0.0171875 0.021875
0 0.53203125 0.5328125 0.01875 0.0234375
0 0.52890625 0.515625 0.01875 0.0203125
0 0.5390625 0.4984375 0.0171875 0.021875
0 0.54609375 0.48125 0.01875 0.021875
0 0.5453125 0.51484375 0.01875 0.0234375
0 0.553125 0.4984375 0.015625 0.01875
0 0.5640625 0.48203125 0.01875 0.021875
0 0.5546875 0.465625 0.01875 0.021875
0 0.54453125 0.54609375 0.0171875 0.025
0 0.5546875 0.53046875 0.01875 0.025
0 0.5625 0.5125 0.015625 0.0234375
0 0.57109375 0.49609375 0.01875 0.0234375
0 0.5640625 0.54453125 0.015625 0.025
0 0.55625 0.5578125 0.01875 0.0234375
0 0.53359375 0.57109375 0.01875 0.0234375
0 0.53046875 0.59375 0.01875 0.025
0 0.5484375 0.578125 0.015625 0.0265625
0 0.56328125 0.57734375 0.015625 0.021875
0 0.571875 0.56015625 0.015625 0.021875
0 0.571875 0.53125 0.01875 0.021875
0 0.58125 0.5453125 0.015625 0.0234375
0 0.58984375 0.5296875 0.015625 0.021875
0 0.5953125 0.5484375 0.015625 0.0234375
0 0.60390625 0.53203125 0.015625 0.021875
0 0.60859375 0.5515625 0.015625 0.021875
0 0.5875 0.5640625 0.0171875 0.0234375
0 0.578125 0.5796875 0.015625 0.025
0 0.59296875 0.5859375 0.015625 0.0234375
0 0.6 0.56796875 0.015625 0.021875
0 0.6078125 0.5859375 0.0171875 0.0234375
0 0.6140625 0.56796875 0.015625 0.021875
0 0.5234375 0.61328125 0.01875 0.0234375
0 0.51796875 0.63125 0.015625 0.021875
0 0.53359375 0.6328125 0.01875 0.021875
0 0.5390625 0.6171875 0.0171875 0.021875
0 0.54375 0.59921875 0.015625 0.021875
0 0.5296875 0.65546875 0.01875 0.0234375
0 0.54765625 0.6359375 0.01875 0.025
0 0.55390625 0.61796875 0.015625 0.021875
0 0.56015625 0.59765625 0.0171875 0.021875
0 0.57265625 0.60234375 0.015625 0.021875
0 0.5875 0.60390625 0.0171875 0.0234375
0 0.56875 0.61875 0.01875 0.021875
0 0.56484375 0.63828125 0.0171875 0.0234375
0 0.525 0.68671875 0.015625 0.0234375
0 0.534375 0.67109375 0.0171875 0.021875
1 0.553125 0.67890625 0.01875 0.028125
0 0.54296875 0.65703125 0.01875 0.021875
0 0.55859375 0.65703125 0.015625 0.0203125
0 0.578125 0.6421875 0.015625 0.021875
0 0.58125 0.6234375 0.015625 0.01875
0 0.5734375 0.6578125 0.015625 0.025
0 0.565625 0.6765625 0.015625 0.025
0 0.5875 0.66484375 0.0171875 0.0234375
0 0.5921875 0.64453125 0.015625 0.021875
0 0.5953125 0.62578125 0.01875 0.025
0 0.6 0.60625 0.015625 0.021875
0 0.61640625 0.6046875 0.01875 0.021875
0 0.6234375 0.58515625 0.015625 0.025
0 0.60703125 0.64375 0.0171875 0.025
0 0.61015625 0.62421875 0.01875 0.025
0 0.6234375 0.63359375 0.01875 0.025
0 0.62734375 0.6140625 0.015625 0.021875
0 0.63359375 0.646875 0.015625 0.025
0 0.61875 0.65703125 0.01875 0.028125
0 0.628125 0.6703125 0.0171875 0.028125
0 0.6421875 0.66484375 0.015625 0.025
0 0.640625 0.68359375 0.01875 0.025
0 0.625 0.6875 0.015625 0.025
0 0.61015625 0.6890625 0.015625 0.021875
0 0.6140625 0.70625 0.0171875 0.0234375
0 0.6328125 0.7046875 0.01875 0.0265625
0 0.63984375 0.72265625 0.015625 0.021875
0 0.6546875 0.721875 0.015625 0.025
0 0.6484375 0.70390625 0.015625 0.021875
0 0.65 0.74140625 0.015625 0.025
0 0.66484375 0.74140625 0.0171875 0.0265625
0 0.66953125 0.721875 0.0171875 0.0234375
0 0.609375 0.725 0.01875 0.0265625
1 0.59453125 0.7234375 0.01875 0.025
0 0.5828125 0.7390625 0.01875 0.025
0 0.578125 0.7171875 0.01875 0.021875
0 0.5609375 0.71640625 0.01875 0.021875
0 0.56796875 0.73359375 0.01875 0.025
0 0.56640625 0.7546875 0.01875 0.025
0 0.55 0.73125 0.021875 0.0234375
0 0.5453125 0.71015625 0.01875 0.0203125
0 0.53515625 0.72109375 0.01875 0.021875
0 0.53203125 0.70234375 0.01875 0.0234375
0 0.56328125 0.8484375 0.0203125 0.025
0 0.57421875 0.8640625 0.01875 0.025
0 0.58203125 0.88046875 0.01875 0.0234375
0 0.59140625 0.865625 0.0171875 0.025
0 0.58828125 0.84453125 0.01875 0.025
0 0.5671875 0.7890625 0.015625 0.0234375
0 0.5796875 0.775 0.01875 0.025
0 0.590625 0.76015625 0.0171875 0.021875
0 0.58515625 0.79765625 0.0171875 0.025
0 0.59296875 0.8140625 0.01875 0.025
0 0.59921875 0.83203125 0.015625 0.021875
0 0.615625 0.834375 0.01875 0.025
0 0.60859375 0.8140625 0.015625 0.025
0 0.6015625 0.79765625 0.01875 0.025
0 0.59453125 0.7796875 0.0171875 0.021875
0 0.61015625 0.778125 0.0171875 0.025
0 0.60546875 0.76015625 0.015625 0.021875
0 0.59921875 0.74375 0.01875 0.0203125
0 0.61640625 0.7984375 0.0171875 0.021875
0 0.62421875 0.8140625 0.01875 0.021875
0 0.63125 0.83359375 0.0171875 0.025
0 0.64765625 0.8328125 0.015625 0.0234375
0 0.64140625 0.8140625 0.01875 0.021875
0 0.6328125 0.7984375 0.015625 0.0234375
0 0.64921875 0.7984375 0.0171875 0.0234375
0 0.6640625 0.79765625 0.015625 0.0234375
0 0.65625 0.8171875 0.015625 0.021875
0 0.66953125 0.778125 0.01875 0.028125
0 0.68125 0.76640625 0.01875 0.021875
0 0.678125 0.80234375 0.0171875 0.0234375
0 0.6703125 0.81953125 0.0171875 0.025
0 0.67890625 0.8375 0.01875 0.0265625
0 0.68671875 0.8546875 0.01875 0.0265625
0 0.6796875 0.875 0.01875 0.025
0 0.67265625 0.89296875 0.01875 0.025
0 0.67265625 0.8546875 0.015625 0.0234375
0 0.6515625 0.88984375 0.021875 0.0265625
0 0.66328125 0.87578125 0.01875 0.025
0 0.6375 0.909375 0.01875 0.0234375
0 0.63359375 0.8875 0.01875 0.0234375
0 0.61640625 0.8890625 0.0203125 0.021875
0 0.621875 0.871875 0.01875 0.021875
0 0.60078125 0.878125 0.01875 0.025
0 0.64140625 0.9515625 0.0171875 0.0234375
0 0.66015625 0.965625 0.0203125 0.0234375
0 0.659375 0.9453125 0.0171875 0.021875
0 0.66796875 0.93046875 0.015625 0.025
0 0.68359375 0.93828125 0.0171875 0.021875
2 0.440625 0.490625 0.01875 0.0234375
2 0.45078125 0.5109375 0.0203125 0.0234375
2 0.5125 0.3765625 0.0171875 0.0203125
2 0.52578125 0.37578125 0.015625 0.0234375
2 0.5390625 0.37734375 0.015625 0.021875
2 0.52421875 0.39609375 0.015625 0.025
2 0.5375 0.39765625 0.015625 0.025
2 0.55234375 0.39609375 0.0171875 0.021875
2 0.55 0.4203125 0.015625 0.021875
2 0.55625 0.43125 0.015625 0.021875
2 0.45859375 0.52890625 0.0171875 0.021875
2 0.46953125 0.5453125 0.01875 0.025
2 0.47734375 0.5625 0.015625 0.021875
2 0.484375 0.58125 0.015625 0.021875
2 0.4890625 0.60078125 0.015625 0.025
2 0.49296875 0.621875 0.0171875 0.021875
2 0.503125 0.6046875 0.0171875 0.025
2 0.5125 0.58828125 0.0171875 0.0234375
2 0.5 0.58359375 0.015625 0.01875
2 0.521875 0.5671875 0.0140625 0.01875
2 0.5109375 0.64609375 0.0171875 0.0203125
2 0.5109375 0.68046875 0.01875 0.0234375
2 0.5078125 0.7 0.015625 0.025
2 0.515625 0.72421875 0.0171875 0.021875
2 0.5859375 0.4703125 0.01875 0.0234375
2 0.58984375 0.5 0.01875 0.025
2 0.59921875 0.51171875 0.015625 0.021875
2 0.61953125 0.540625 0.015625 0.021875
2 0.6625 0.6875 0.015625 0.025
2 0.653125 0.6703125 0.015625 0.025
2 0.6828125 0.7375 0.0171875 0.025
2 0.690625 0.79609375 0.0171875 0.0234375
2 0.69453125 0.78203125 0.015625 0.021875
2 0.69765625 0.8140625 0.0171875 0.028125
2 0.70546875 0.79765625 0.015625 0.0265625
2 0.6828125 0.815625 0.015625 0.021875
2 0.70546875 0.8359375 0.015625 0.0234375
2 0.7125 0.85546875 0.0125 0.028125
2 0.7046875 0.875 0.0171875 0.025
2 0.71328125 0.89296875 0.01875 0.0296875
2 0.721875 0.88203125 0.0171875 0.0265625
2 0.721875 0.928125 0.01875 0.0265625
2 0.6984375 0.95859375 0.01875 0.0234375
2 0.7 0.93984375 0.01875 0.0234375
2 0.6953125 0.92421875 0.01875 0.021875
2 0.7 0.90546875 0.01875 0.021875
2 0.69296875 0.8875 0.0171875 0.021875
2 0.68515625 0.9046875 0.015625 0.0234375
2 0.67109375 0.96875 0.0171875 0.025
2 0.634375 0.965625 0.0171875 0.025
2 0.65 0.96953125 0.015625 0.025
2 0.65859375 0.9203125 0.015625 0.021875
2 0.6203125 0.95078125 0.01875 0.0234375
2 0.63203125 0.93984375 0.01875 0.021875
2 0.615625 0.9328125 0.01875 0.021875
2 0.62265625 0.9203125 0.015625 0.025
2 0.52421875 0.88359375 0.01875 0.028125
2 0.55859375 0.90234375 0.01875 0.025
2 0.571875 0.9140625 0.015625 0.028125
2 0.58671875 0.9109375 0.0171875 0.025
2 0.59296875 0.92578125 0.015625 0.025
2 0.60546875 0.91796875 0.01875 0.025
2 0.59921875 0.8984375 0.01875 0.021875
2 0.565625 0.8859375 0.015625 0.0234375
2 0.55078125 0.88046875 0.01875 0.021875
2 0.53671875 0.8671875 0.01875 0.0265625
2 0.53046875 0.84765625 0.01875 0.025
2 0.54765625 0.85234375 0.01875 0.021875
2 0.54453125 0.83515625 0.01875 0.021875
2 0.53984375 0.815625 0.01875 0.0234375
2 0.53515625 0.8 0.01875 0.0234375
2 0.55859375 0.821875 0.015625 0.025
2 0.571875 0.83046875 0.015625 0.025
2 0.553125 0.79921875 0.0171875 0.025
2 0.56953125 0.80703125 0.015625 0.021875
2 0.54765625 0.77890625 0.01875 0.021875
2 0.5390625 0.75859375 0.01875 0.025
2 0.55390625 0.7625 0.015625 0.025