2 0.5484375 0.51328125 0.034375 0.028125
2 0.5734375 0.5265625 0.03125 0.0234375
2 0.4890625 0.5296875 0.034375 0.025
2 0.459375 0.52578125 0.03125 0.021875
2 0.5171875 0.51875 0.03125 0.021875
2 0.57578125 0.55390625 0.034375 0.025
2 0.5484375 0.5375 0.0296875 0.025
2 0.4515625 0.5515625 0.0359375 0.025
2 0.52265625 0.54375 0.028125 0.0234375
2 0.54375 0.56015625 0.03125 0.0234375
2 0.5171875 0.57265625 0.03125 0.0234375
2 0.57109375 0.5796875 0.034375 0.025
2 0.484375 0.57109375 0.03125 0.0234375
2 0.48828125 0.5484375 0.034375 0.025
2 0.5390625 0.58828125 0.03125 0.025
2 0.45625 0.58203125 0.028125 0.025
2 0.50625 0.59296875 0.0328125 0.025
2 0.4765625 0.60234375 0.03125 0.0234375
2 0.60234375 0.57265625 0.034375 0.0234375