2 0.55703125 0.58125 0.03125 0.03125
2 0.56015625 0.44609375 0.0296875 0.0375
2 0.478125 0.55234375 0.028125 0.034375
2 0.49140625 0.53515625 0.025 0.0328125
2 0.503125 0.51953125 0.0265625 0.0328125
2 0.53203125 0.4 0.025 0.034375
2 0.5109375 0.38984375 0.028125 0.0359375
2 0.48984375 0.38203125 0.028125 0.034375
2 0.47421875 0.4 0.025 0.034375
2 0.45703125 0.4171875 0.025 0.03125
2 0.44453125 0.43828125 0.025 0.03125
2 0.43125 0.45703125 0.021875 0.0375
2 0.41875 0.47421875 0.021875 0.0328125
2 0.4046875 0.49296875 0.021875 0.034375
2 0.3921875 0.5125 0.025 0.03125
2 0.378125 0.53125 0.025 0.040625
2 0.3625 0.54765625 0.0234375 0.0375
2 0.34765625 0.5625 0.028125 0.040625
2 0.33359375 0.5984375 0.0265625 0.040625
2 0.32578125 0.6234375 0.021875 0.03125
2 0.32578125 0.65625 0.025 0.0375
2 0.3421875 0.67421875 0.025 0.034375
2 0.34375 0.6484375 0.028125 0.0375
2 0.32265625 0.68359375 0.0265625 0.040625
2 0.3359375 0.7015625 0.025 0.0375
2 0.3375 0.7296875 0.0234375 0.0359375
2 0.32265625 0.71484375 0.0265625 0.0359375
2 0.32421875 0.7484375 0.028125 0.040625
2 0.34375 0.76015625 0.028125 0.040625
2 0.328125 0.77734375 0.0296875 0.0375
2 0.34296875 0.80234375 0.025 0.03125
2 0.359375 0.81171875 0.028125 0.034375
2 0.34765625 0.828125 0.025 0.040625
2 0.3671875 0.8421875 0.025 0.040625
2 0.38125 0.82265625 0.025 0.03125
2 0.37890625 0.79296875 0.0234375 0.0359375
2 0.39921875 0.80390625 0.028125 0.034375
2 0.40703125 0.7796875 0.025 0.034375
2 0.42265625 0.7625 0.0265625 0.034375
2 0.44296875 0.7453125 0.0265625 0.0375
2 0.4265625 0.70625 0.025 0.034375
2 0.4453125 0.69140625 0.025 0.0375
2 0.425 0.7359375 0.021875 0.034375
2 0.43984375 0.65703125 0.0265625 0.03125
2 0.453125 0.63828125 0.0265625 0.028125
2 0.453125 0.61796875 0.025 0.034375
2 0.43359375 0.6296875 0.021875 0.03125
2 0.43125 0.60703125 0.0234375 0.0328125
2 0.46875 0.59921875 0.025 0.03125
2 0.44609375 0.58828125 0.025 0.0265625
2 0.46015625 0.571875 0.025 0.028125
0 0.36875 0.775 0.025 0.034375
0 0.38828125 0.759375 0.025 0.03125
0 0.41015625 0.7390625 0.025 0.03125
0 0.3875 0.73125 0.0265625 0.03125
0 0.365625 0.7453125 0.0265625 0.0328125
0 0.36796875 0.71484375 0.025 0.034375
0 0.371875 0.68828125 0.0296875 0.0375
0 0.35078125 0.69453125 0.021875 0.0375
0 0.3921875 0.70078125 0.0265625 0.034375
0 0.41015625 0.70859375 0.028125 0.0328125
0 0.4109375 0.684375 0.021875 0.0328125
0 0.42421875 0.6640625 0.021875 0.03125
0 0.41796875 0.63515625 0.025 0.0328125
0 0.403125 0.6546875 0.021875 0.03125
0 0.38984375 0.675 0.025 0.0375
0 0.36875 0.66640625 0.0265625 0.03125
0 0.384375 0.64375 0.025 0.0328125
0 0.3625 0.63984375 0.025 0.03125
0 0.34296875 0.63046875 0.021875 0.034375
0 0.35703125 0.6125 0.0234375 0.03125
0 0.37734375 0.61796875 0.021875 0.034375
0 0.3984375 0.6234375 0.028125 0.03125
0 0.40859375 0.60390625 0.028125 0.03125
0 0.421875 0.5875 0.025 0.03125
0 0.4390625 0.57265625 0.025 0.03125
0 0.45 0.54609375 0.025 0.028125
0 0.45703125 0.528125 0.025 0.0375
0 0.47109375 0.51015625 0.021875 0.03125
0 0.484375 0.4890625 0.025 0.034375
0 0.49765625 0.4671875 0.0265625 0.034375
0 0.515625 0.475 0.028125 0.034375
0 0.5296875 0.453125 0.028125 0.0375
0 0.52421875 0.42890625 0.025 0.034375
0 0.51171875 0.446875 0.025 0.028125
0 0.50234375 0.42109375 0.025 0.03125
0 0.49140625 0.440625 0.025 0.0328125
0 0.47734375 0.4578125 0.0234375 0.0375
0 0.46484375 0.4796875 0.021875 0.0375
0 0.453125 0.49765625 0.0265625 0.028125
0 0.43828125 0.51796875 0.025 0.034375
0 0.42890625 0.54296875 0.0234375 0.0375
0 0.415625 0.55859375 0.0265625 0.040625
0 0.39921875 0.578125 0.025 0.034375
0 0.38828125 0.60078125 0.025 0.0328125
0 0.36484375 0.590625 0.025 0.0375
0 0.3796875 0.56953125 0.0265625 0.03125
0 0.3953125 0.546875 0.028125 0.03125
0 0.41015625 0.53203125 0.0296875 0.0359375
0 0.415625 0.50625 0.0265625 0.03125
0 0.43515625 0.4875 0.0296875 0.03125
0 0.4453125 0.4671875 0.021875 0.0359375
0 0.4578125 0.45078125 0.03125 0.040625
0 0.47109375 0.43359375 0.025 0.03125