2 0.47578125 0.59609375 0.021875 0.03125
2 0.4921875 0.57734375 0.0234375 0.03125
2 0.53203125 0.48203125 0.025 0.034375
2 0.68828125 0.36796875 0.025 0.03125
2 0.528125 0.51484375 0.0234375 0.0328125
2 0.684375 0.39765625 0.025 0.0328125
2 0.6765625 0.46796875 0.025 0.0328125
2 0.4984375 0.6046875 0.0234375 0.03125
2 0.54921875 0.5046875 0.025 0.034375
2 0.6734375 0.5015625 0.025 0.0328125
2 0.60390625 0.56640625 0.025 0.0328125
2 0.58046875 0.5828125 0.025 0.03125
2 0.5703125 0.5234375 0.025 0.028125
2 0.55390625 0.47265625 0.025 0.0328125
2 0.575 0.4609375 0.025 0.034375
2 0.50625 0.5515625 0.025 0.03125
2 0.52734375 0.54609375 0.025 0.034375
2 0.51328125 0.58046875 0.025 0.0328125
2 0.521875 0.60859375 0.025 0.034375
2 0.53515625 0.58359375 0.025 0.034375
2 0.54375 0.6125 0.028125 0.0390625
2 0.55859375 0.59140625 0.025 0.034375
2 0.546875 0.5640625 0.025 0.034375
2 0.5484375 0.5328125 0.025 0.0328125
2 0.56796875 0.55546875 0.025 0.0375
2 0.58671875 0.54453125 0.025 0.0359375
2 0.5734375 0.4921875 0.025 0.03125
2 0.5953125 0.48203125 0.025 0.034375
2 0.596875 0.44765625 0.025 0.034375
2 0.590625 0.5125 0.025 0.0328125
2 0.6109375 0.503125 0.0234375 0.034375
2 0.60859375 0.5375 0.025 0.034375
2 0.615625 0.46953125 0.0234375 0.0375
2 0.615625 0.43515625 0.025 0.03125
2 0.634375 0.4546875 0.0234375 0.0328125
2 0.63125 0.490625 0.028125 0.034375
2 0.62890625 0.5234375 0.0296875 0.034375
2 0.62578125 0.55859375 0.025 0.0375
2 0.646875 0.5484375 0.021875 0.034375
2 0.6515625 0.5125 0.0234375 0.0328125
2 0.66953125 0.53671875 0.0265625 0.0390625
2 0.653125 0.47890625 0.025 0.0359375
2 0.6578125 0.446875 0.025 0.034375
2 0.640625 0.4234375 0.025 0.034375
2 0.62421875 0.40234375 0.0234375 0.034375
2 0.6453125 0.3921875 0.025 0.0375
2 0.66640625 0.38203125 0.028125 0.0421875
2 0.66171875 0.41328125 0.0234375 0.03125
2 0.68203125 0.43125 0.025 0.034375