0 0.375 0.55859375 0.01875 0.0140625
0 0.38828125 0.55234375 0.015625 0.0140625
0 0.3875 0.56484375 0.015625 0.0125
0 0.38984375 0.578125 0.0203125 0.0140625
0 0.40234375 0.56953125 0.015625 0.0140625
0 0.40078125 0.55859375 0.015625 0.015625
0 0.4109375 0.55078125 0.0203125 0.0140625
0 0.42578125 0.55390625 0.0171875 0.0125
0 0.4140625 0.56328125 0.01875 0.0125
0 0.4140625 0.57421875 0.021875 0.0140625
0 0.4 0.5875 0.0171875 0.015625
0 0.41484375 0.5875 0.01875 0.015625
0 0.42890625 0.5796875 0.01875 0.0125
0 0.43046875 0.56796875 0.0171875 0.015625
0 0.440625 0.5578125 0.01875 0.015625
0 0.45546875 0.56171875 0.01875 0.015625
0 0.44453125 0.57109375 0.01875 0.0140625
0 0.43203125 0.59296875 0.01875 0.0140625
0 0.41796875 0.59921875 0.021875 0.0125
0 0.43359375 0.60546875 0.01875 0.0125
0 0.44765625 0.59609375 0.0171875 0.0125
0 0.4453125 0.58359375 0.0171875 0.0140625
0 0.45625 0.575 0.021875 0.015625
0 0.47109375 0.57734375 0.0171875 0.0125
0 0.48203125 0.56875 0.0171875 0.0140625
0 0.49921875 0.5734375 0.021875 0.0140625
0 0.4859375 0.58203125 0.01875 0.0125
0 0.5015625 0.58671875 0.01875 0.0140625
0 0.45703125 0.58671875 0.01875 0.015625
0 0.4734375 0.58984375 0.015625 0.0125
0 0.48984375 0.59140625 0.01875 0.0125
0 0.50703125 0.59609375 0.01875 0.0125
0 0.49609375 0.60390625 0.01875 0.0125
0 0.47890625 0.6 0.01875 0.0125
0 0.46171875 0.5984375 0.01875 0.0109375
0 0.45078125 0.60859375 0.01875 0.0125
0 0.465625 0.6078125 0.01875 0.0140625
0 0.43984375 0.6171875 0.0171875 0.0125
0 0.4453125 0.62734375 0.0171875 0.0125
0 0.45625 0.61953125 0.0171875 0.0140625
0 0.471875 0.6203125 0.01875 0.015625
0 0.484375 0.6109375 0.0171875 0.0125
0 0.490625 0.621875 0.0171875 0.0125
2 0.325 0.55 0.01875 0.0140625
2 0.33515625 0.54140625 0.01875 0.015625
2 0.35 0.534375 0.01875 0.015625
2 0.3640625 0.53828125 0.015625 0.0125
2 0.35078125 0.546875 0.0171875 0.0125
2 0.33828125 0.55390625 0.0171875 0.0125
2 0.35234375 0.559375 0.0171875 0.015625
2 0.33828125 0.5671875 0.01875 0.0140625
2 0.35 0.5734375 0.01875 0.0140625
2 0.36484375 0.5515625 0.015625 0.015625
2 0.37734375 0.54140625 0.01875 0.015625
2 0.38671875 0.53203125 0.015625 0.0125
2 0.40234375 0.53515625 0.01875 0.015625
2 0.47109375 0.55703125 0.015625 0.0140625
2 0.365625 0.58984375 0.0203125 0.015625
2 0.36640625 0.57890625 0.0171875 0.0125
2 0.3796875 0.59609375 0.015625 0.0140625
2 0.39375 0.59921875 0.0171875 0.015625
2 0.4125 0.615625 0.021875 0.015625
2 0.409375 0.6265625 0.0203125 0.0140625
2 0.4265625 0.63125 0.01875 0.0140625
2 0.42734375 0.61796875 0.015625 0.015625
2 0.4421875 0.6359375 0.0140625 0.009375
2 0.44921875 0.6453125 0.01875 0.0125
2 0.459375 0.63984375 0.0171875 0.0125
2 0.47421875 0.640625 0.01875 0.015625
2 0.490625 0.64375 0.01875 0.0125
2 0.48671875 0.63125 0.015625 0.0125
2 0.5015625 0.63359375 0.01875 0.0140625
2 0.5140625 0.62421875 0.01875 0.0140625
2 0.50859375 0.61171875 0.01875 0.0125
2 0.521875 0.60390625 0.015625 0.0125
2 0.51875 0.5921875 0.015625 0.0125
2 0.51484375 0.58046875 0.0203125 0.0125
2 0.5125 0.56875 0.01875 0.0125
2 0.5078125 0.55546875 0.01875 0.015625
2 0.525 0.55859375 0.0171875 0.0140625
2 0.49921875 0.56484375 0.0171875 0.0125
2 0.48515625 0.55859375 0.01875 0.0125
2 0.45625 0.55234375 0.0171875 0.0140625
2 0.4421875 0.5484375 0.015625 0.0125
2 0.428125 0.54453125 0.015625 0.0109375
2 0.41328125 0.54140625 0.01875 0.0125