0 0.35546875 0.5875 0.03125 0.021875
0 0.35625 0.56640625 0.0265625 0.0234375
0 0.37890625 0.57109375 0.03125 0.021875
0 0.40625 0.56640625 0.028125 0.021875
0 0.3921875 0.553125 0.028125 0.025
0 0.3640625 0.546875 0.03125 0.025
0 0.3796875 0.53203125 0.0296875 0.028125
0 0.40859375 0.53515625 0.0296875 0.025
0 0.4265625 0.54609375 0.0296875 0.025
0 0.44609375 0.5609375 0.0296875 0.025
0 0.490625 0.55859375 0.03125 0.025
0 0.4359375 0.528125 0.0328125 0.021875
0 0.42265625 0.5140625 0.0328125 0.021875
0 0.39609375 0.51328125 0.03125 0.021875
0 0.378125 0.4984375 0.028125 0.021875
0 0.40390625 0.49375 0.0328125 0.028125
0 0.35546875 0.50859375 0.0359375 0.0265625
2 0.3390625 0.478125 0.0375 0.0265625
2 0.31171875 0.48984375 0.0375 0.0203125
2 0.3328125 0.5046875 0.0265625 0.025
2 0.30703125 0.51953125 0.03125 0.025
2 0.33046875 0.5265625 0.025 0.021875
0 0.3515625 0.53125 0.0234375 0.01875
2 0.30390625 0.540625 0.025 0.025
2 0.32421875 0.54765625 0.0296875 0.025
2 0.31484375 0.57109375 0.03125 0.0265625
2 0.3328125 0.5828125 0.025 0.0265625
2 0.34140625 0.5640625 0.0171875 0.01875
2 0.3578125 0.49453125 0.0265625 0.021875
2 0.42265625 0.48671875 0.0296875 0.025
2 0.440625 0.503125 0.025 0.025
2 0.45703125 0.5203125 0.028125 0.0265625
2 0.47890625 0.53125 0.0328125 0.025
2 0.46796875 0.5578125 0.0265625 0.028125
2 0.5078125 0.55078125 0.028125 0.021875
2 0.52265625 0.57265625 0.0328125 0.025
2 0.49765625 0.575 0.0296875 0.0203125
2 0.471875 0.5796875 0.03125 0.021875
2 0.41875 0.5828125 0.028125 0.0203125
2 0.4359375 0.596875 0.0296875 0.0234375
2 0.38671875 0.59921875 0.034375 0.021875
2 0.4140625 0.603125 0.0328125 0.021875
2 0.3734375 0.61796875 0.03125 0.025
2 0.4015625 0.62109375 0.028125 0.0265625
2 0.4265625 0.61875 0.028125 0.0265625
2 0.453125 0.621875 0.028125 0.028125
2 0.46171875 0.6 0.0265625 0.021875
2 0.484375 0.59375 0.028125 0.0265625
2 0.51328125 0.59375 0.03125 0.021875
2 0.4765625 0.61796875 0.0375 0.028125
2 0.50546875 0.6140625 0.0328125 0.025
2 0.4765625 0.66953125 0.0375 0.0265625
2 0.50625 0.67109375 0.028125 0.0265625
2 0.52578125 0.65859375 0.034375 0.025
2 0.54140625 0.6765625 0.03125 0.0265625
2 0.52109375 0.6921875 0.0328125 0.025
2 0.49453125 0.69375 0.034375 0.025
2 0.53828125 0.70234375 0.03125 0.025
2 0.56171875 0.68828125 0.0296875 0.025
2 0.56171875 0.70859375 0.0328125 0.025