2 0.5859375 0.1578125 0.03125 0.040625
2 0.56875 0.1953125 0.034375 0.0421875
2 0.56953125 0.23046875 0.0296875 0.0375
2 0.59609375 0.19296875 0.028125 0.040625
2 0.59765625 0.2296875 0.03125 0.0375
2 0.590625 0.2640625 0.03125 0.0390625
2 0.62578125 0.19453125 0.03125 0.040625
2 0.62734375 0.23203125 0.03125 0.0390625
2 0.62265625 0.26875 0.028125 0.040625
2 0.60625 0.30078125 0.03125 0.0359375
2 0.65859375 0.2109375 0.03125 0.0375
2 0.64921875 0.25703125 0.028125 0.0375
2 0.67578125 0.240625 0.028125 0.0375
2 0.6734375 0.27890625 0.0296875 0.0375
2 0.6484375 0.2921875 0.0296875 0.034375
2 0.64296875 0.32734375 0.03125 0.0375
2 0.63359375 0.3640625 0.034375 0.03125
2 0.67265625 0.31796875 0.0296875 0.040625
2 0.69765625 0.30703125 0.0265625 0.040625
2 0.703125 0.26953125 0.03125 0.0421875
2 0.728125 0.2984375 0.028125 0.0390625
2 0.74765625 0.33203125 0.0296875 0.0390625
2 0.71875 0.33828125 0.028125 0.034375
2 0.68984375 0.34921875 0.028125 0.040625
2 0.6640625 0.35625 0.028125 0.040625
2 0.64609375 0.3953125 0.03125 0.0375
2 0.6765625 0.38828125 0.0265625 0.0390625
2 0.7046875 0.38203125 0.028125 0.0375
2 0.73359375 0.36640625 0.03125 0.0390625
2 0.765625 0.35859375 0.025 0.034375
2 0.75390625 0.3921875 0.0296875 0.0375
2 0.7265625 0.40546875 0.0265625 0.034375
2 0.7 0.41640625 0.0265625 0.034375
2 0.6734375 0.42421875 0.0328125 0.0390625
2 0.640625 0.42890625 0.03125 0.04375
2 0.6328125 0.46484375 0.03125 0.040625
2 0.6609375 0.4609375 0.034375 0.0375
2 0.6890625 0.453125 0.0296875 0.0390625
2 0.71875 0.44453125 0.028125 0.0375
2 0.75078125 0.42734375 0.03125 0.040625
2 0.784375 0.38828125 0.03125 0.0390625
2 0.77890625 0.421875 0.03125 0.040625
2 0.8109375 0.4140625 0.0375 0.04375
2 0.803125 0.45 0.0328125 0.0390625
2 0.7953125 0.48671875 0.0375 0.04375
2 0.7734375 0.4609375 0.028125 0.040625
2 0.74453125 0.46484375 0.03125 0.0375
2 0.73671875 0.5015625 0.03125 0.0375
2 0.765625 0.50078125 0.0328125 0.04375
2 0.7640625 0.534375 0.034375 0.04375
2 0.73359375 0.53515625 0.03125 0.040625
2 0.73671875 0.5734375 0.0359375 0.0390625
2 0.81328125 0.62890625 0.034375 0.04375
2 0.7109375 0.478125 0.0328125 0.0375
2 0.70859375 0.51484375 0.03125 0.040625
2 0.7078125 0.553125 0.03125 0.0375
2 0.7078125 0.58515625 0.028125 0.0390625
2 0.68125 0.59296875 0.028125 0.034375
2 0.68125 0.5609375 0.028125 0.034375
2 0.68203125 0.525 0.0265625 0.040625
2 0.68203125 0.4875 0.028125 0.0390625
2 0.65546875 0.49921875 0.03125 0.0390625
2 0.65234375 0.5359375 0.034375 0.040625