2 0.6265625 0.43203125 0.0296875 0.021875
2 0.64453125 0.4453125 0.021875 0.01875
2 0.665625 0.44609375 0.021875 0.01875
2 0.6921875 0.45 0.0296875 0.01875
2 0.69296875 0.4671875 0.0265625 0.0234375
2 0.6234375 0.4515625 0.025 0.01875
2 0.60234375 0.440625 0.025 0.0171875
2 0.58203125 0.446875 0.01875 0.015625
0 0.60625 0.48671875 0.028125 0.0171875
2 0.5765625 0.4640625 0.025 0.01875
2 0.553125 0.46328125 0.0265625 0.0203125
2 0.5484375 0.48046875 0.0296875 0.021875
2 0.5703125 0.47890625 0.025 0.015625
2 0.56484375 0.49453125 0.028125 0.01875
2 0.54921875 0.51015625 0.021875 0.01875
2 0.5671875 0.52421875 0.0265625 0.021875
2 0.5453125 0.5328125 0.025 0.021875
2 0.5453125 0.5515625 0.0296875 0.021875
2 0.5453125 0.571875 0.025 0.01875
2 0.54921875 0.5875 0.0265625 0.01875
2 0.546875 0.60546875 0.03125 0.0203125
2 0.56953125 0.615625 0.025 0.01875
2 0.5765625 0.6328125 0.025 0.015625
2 0.584375 0.64921875 0.03125 0.0203125
2 0.590625 0.66640625 0.028125 0.01875
2 0.61640625 0.67109375 0.028125 0.021875
2 0.59765625 0.68515625 0.025 0.01875
2 0.61953125 0.690625 0.03125 0.021875
2 0.628125 0.70859375 0.03125 0.0203125
2 0.63125 0.728125 0.03125 0.0203125
2 0.65546875 0.7359375 0.028125 0.01875
2 0.63203125 0.7453125 0.0296875 0.021875
2 0.6546875 0.75546875 0.03125 0.021875
2 0.634375 0.76640625 0.03125 0.01875
2 0.659375 0.77265625 0.028125 0.021875
2 0.68125 0.76015625 0.03125 0.021875
2 0.71171875 0.765625 0.034375 0.025
2 0.7296875 0.753125 0.0265625 0.021875
2 0.7578125 0.76015625 0.03125 0.021875
2 0.778125 0.74765625 0.03125 0.021875
2 0.775 0.73046875 0.0296875 0.0203125
2 0.78359375 0.68515625 0.03125 0.025
2 0.759375 0.69609375 0.021875 0.021875
2 0.771875 0.71015625 0.028125 0.021875
2 0.753125 0.73984375 0.028125 0.015625
2 0.7546875 0.67890625 0.025 0.021875
2 0.75390625 0.659375 0.03125 0.0234375
2 0.75625 0.64140625 0.028125 0.021875
2 0.73046875 0.6296875 0.03125 0.01875
2 0.7171875 0.6125 0.03125 0.021875
2 0.71171875 0.5984375 0.025 0.021875
2 0.6921875 0.60625 0.025 0.021875
2 0.71171875 0.5796875 0.0296875 0.021875
2 0.6875 0.58984375 0.025 0.021875
2 0.68828125 0.57109375 0.028125 0.021875
2 0.68515625 0.55546875 0.028125 0.021875
2 0.68671875 0.4828125 0.0296875 0.0234375
2 0.6859375 0.50625 0.028125 0.01875
2 0.6875 0.52109375 0.0296875 0.021875
2 0.67421875 0.53828125 0.01875 0.01875
2 0.6421875 0.6953125 0.025 0.01875
0 0.65390625 0.46796875 0.028125 0.01875
0 0.63359375 0.4796875 0.025 0.01875
0 0.6 0.46796875 0.021875 0.021875
0 0.590625 0.496875 0.021875 0.021875
0 0.6296875 0.4953125 0.0296875 0.0171875
0 0.6546875 0.484375 0.0265625 0.01875
0 0.64765625 0.5 0.025 0.0171875
0 0.65703125 0.51796875 0.03125 0.021875
0 0.6328125 0.51484375 0.0265625 0.0171875
0 0.6125 0.509375 0.0265625 0.015625
0 0.63515625 0.53046875 0.028125 0.0171875
0 0.60859375 0.525 0.025 0.01875
0 0.659375 0.5390625 0.028125 0.01875
0 0.66171875 0.55703125 0.028125 0.01875
0 0.63828125 0.54921875 0.0265625 0.021875
0 0.61328125 0.54140625 0.028125 0.021875
0 0.59140625 0.534375 0.025 0.021875
0 0.58125 0.5515625 0.0265625 0.0203125
0 0.6015625 0.55859375 0.0265625 0.01875
0 0.62421875 0.56328125 0.025 0.0203125
0 0.64765625 0.5703125 0.028125 0.01875
0 0.653125 0.5859375 0.028125 0.021875
0 0.6265625 0.58046875 0.025 0.01875
0 0.60546875 0.57421875 0.0265625 0.0203125
0 0.5796875 0.56875 0.0234375 0.01875
0 0.5828125 0.58671875 0.0265625 0.01875
0 0.60859375 0.59453125 0.03125 0.01875
0 0.63203125 0.59765625 0.025 0.01875
0 0.65625 0.60390625 0.03125 0.0203125
0 0.66015625 0.6203125 0.0265625 0.021875
0 0.684375 0.6234375 0.025 0.01875
0 0.63515625 0.61640625 0.0265625 0.0203125
0 0.6109375 0.61171875 0.028125 0.021875
0 0.5921875 0.62265625 0.0265625 0.021875
0 0.61484375 0.63125 0.028125 0.0203125
0 0.6421875 0.63359375 0.0265625 0.01875
0 0.66328125 0.6375 0.0296875 0.01875
0 0.6953125 0.63984375 0.034375 0.021875
0 0.715625 0.64453125 0.0296875 0.0203125
0 0.67265625 0.653125 0.025 0.0203125
0 0.6484375 0.65078125 0.025 0.021875
0 0.62109375 0.64609375 0.0265625 0.021875
0 0.6984375 0.6578125 0.028125 0.01875
0 0.7234375 0.6609375 0.025 0.0171875
0 0.70859375 0.67421875 0.028125 0.01875
0 0.67890625 0.6703125 0.0265625 0.01875
0 0.65546875 0.66953125 0.028125 0.0203125
0 0.66484375 0.6875 0.028125 0.01875
0 0.690625 0.6890625 0.0265625 0.0171875
0 0.73125 0.67890625 0.0265625 0.0203125
0 0.71484375 0.69296875 0.0265625 0.01875
0 0.7421875 0.69765625 0.028125 0.0203125
0 0.70234375 0.7078125 0.0265625 0.01875
0 0.67734375 0.703125 0.025 0.01875
0 0.72578125 0.7125 0.028125 0.0203125
0 0.75 0.71796875 0.0265625 0.0203125
0 0.73203125 0.72890625 0.0265625 0.021875
0 0.70625 0.725 0.028125 0.01875
0 0.69765625 0.740625 0.03125 0.021875
0 0.6828125 0.72265625 0.025 0.01875
0 0.6578125 0.7171875 0.028125 0.021875