0 0.38203125 0.52734375 0.0359375 0.02578125
0 0.38984375 0.55078125 0.0328125 0.02890625
0 0.41328125 0.5296875 0.0328125 0.02421875
0 0.44140625 0.5265625 0.0375 0.02421875
0 0.46953125 0.5140625 0.0328125 0.028125
0 0.4203125 0.55 0.034375 0.025
0 0.44609375 0.5484375 0.034375 0.025
0 0.42109375 0.57265625 0.03828125 0.02578125
2 0.27578125 0.5859375 0.03359375 0.02890625
2 0.28046875 0.61015625 0.0390625 0.025
2 0.2890625 0.56875 0.03125 0.0234375
2 0.30625 0.5890625 0.0328125 0.02421875
2 0.33984375 0.603125 0.03125 0.02265625
2 0.5234375 0.565625 0.03046875 0.02265625
2 0.425 0.6046875 0.03046875 0.02265625
2 0.33984375 0.51015625 0.0328125 0.02265625
2 0.50078125 0.58046875 0.03046875 0.021875
2 0.36875 0.60703125 0.03125 0.021875
2 0.36796875 0.63359375 0.03046875 0.02109375
2 0.33671875 0.6296875 0.03125 0.0234375
2 0.3625 0.49375 0.0328125 0.02265625
2 0.40078125 0.61953125 0.0328125 0.02265625
2 0.31328125 0.6125 0.0296875 0.021875
2 0.47265625 0.57578125 0.03203125 0.02421875
2 0.44921875 0.590625 0.03203125 0.0234375
2 0.321875 0.56171875 0.034375 0.02421875
2 0.54609375 0.55 0.02890625 0.021875
2 0.3953125 0.596875 0.03203125 0.02265625
2 0.53671875 0.50859375 0.02890625 0.02265625
2 0.3359375 0.54140625 0.0328125 0.021875
2 0.4578125 0.61171875 0.03046875 0.021875
2 0.54140625 0.53046875 0.03046875 0.0234375
2 0.39375 0.496875 0.03203125 0.02265625
2 0.4234375 0.5015625 0.03125 0.02265625
2 0.49140625 0.53828125 0.03125 0.02265625
2 0.4796875 0.596875 0.02890625 0.021875
2 0.50234375 0.48046875 0.03125 0.0234375
2 0.45 0.4875 0.03203125 0.02421875
2 0.5140625 0.52421875 0.0328125 0.0234375
2 0.53046875 0.4859375 0.0296875 0.0234375
2 0.47890625 0.49609375 0.03203125 0.02265625
2 0.4046875 0.64140625 0.0296875 0.021875
2 0.39296875 0.57421875 0.0328125 0.0234375
2 0.37265625 0.51328125 0.03203125 0.021875
2 0.496875 0.5609375 0.03125 0.0234375
2 0.665625 0.5125 0.0296875 0.0234375
2 0.5671875 0.48671875 0.03125 0.0234375
2 0.575 0.51328125 0.02890625 0.0234375
2 0.67734375 0.49453125 0.03125 0.02265625
2 0.5171875 0.5453125 0.0328125 0.02578125
2 0.35546875 0.56171875 0.0390625 0.02734375
2 0.50859375 0.5015625 0.03203125 0.02421875
2 0.465625 0.46015625 0.0296875 0.0234375
2 0.465625 0.553125 0.034375 0.028125
2 0.67265625 0.53671875 0.02890625 0.021875
2 0.44296875 0.56640625 0.03046875 0.02578125
2 0.5453125 0.44453125 0.03203125 0.02265625
0 0.40234375 0.5203125 0.03046875 0.02109375
2 0.46328125 0.53359375 0.028125 0.02265625
2 0.36328125 0.58203125 0.0359375 0.025
2 0.334375 0.58125 0.03046875 0.02265625