0 0.2515625 0.5734375 0.04375 0.03125
0 0.278125 0.5828125 0.034375 0.028125
0 0.30390625 0.565625 0.040625 0.028125
0 0.31796875 0.58515625 0.0375 0.028125
0 0.3375 0.56796875 0.0421875 0.028125
0 0.340625 0.61171875 0.04375 0.028125
0 0.365625 0.6015625 0.034375 0.028125
0 0.375 0.625 0.0375 0.028125
0 0.26328125 0.60703125 0.046875 0.034375
0 0.29609375 0.6109375 0.0375 0.0265625
0 0.31484375 0.62734375 0.040625 0.025
2 0.1921875 0.54921875 0.040625 0.03125
2 0.16796875 0.57265625 0.0453125 0.03125
2 0.20390625 0.57421875 0.0375 0.025
2 0.17734375 0.596875 0.0390625 0.0296875
2 0.209375 0.596875 0.034375 0.025
2 0.21015625 0.6203125 0.040625 0.0265625
2 0.2515625 0.64296875 0.046875 0.028125
2 0.278125 0.54140625 0.0375 0.028125
2 0.28125 0.63125 0.0296875 0.028125
2 0.33828125 0.70078125 0.04375 0.03125
2 0.365625 0.68828125 0.04375 0.028125
2 0.39375 0.709375 0.040625 0.028125
2 0.48203125 0.67109375 0.05 0.0328125
2 0.5984375 0.6234375 0.046875 0.0359375
2 0.67109375 0.5828125 0.040625 0.0375
2 0.7046875 0.59296875 0.0375 0.03125
2 0.51171875 0.5796875 0.04375 0.03125
2 0.49921875 0.5625 0.040625 0.025
2 0.4703125 0.553125 0.0390625 0.0296875
2 0.4375 0.55625 0.040625 0.03125
2 0.41484375 0.59765625 0.040625 0.03125
2 0.3953125 0.5859375 0.0375 0.025
2 0.3765625 0.56640625 0.034375 0.025
2 0.35703125 0.58515625 0.0375 0.03125
2 0.33828125 0.53125 0.0375 0.028125
2 0.35546875 0.5109375 0.0390625 0.028125
2 0.39296875 0.5125 0.034375 0.0265625
2 0.38046875 0.5375 0.034375 0.034375
2 0.403125 0.55234375 0.034375 0.028125
2 0.4140625 0.5375 0.0375 0.0265625
2 0.4359375 0.525 0.0375 0.03125
2 0.4203125 0.5078125 0.0390625 0.025
2 0.40234375 0.4890625 0.0375 0.028125
2 0.43828125 0.4859375 0.0375 0.03125
2 0.4578125 0.50390625 0.0453125 0.028125
2 0.4734375 0.52265625 0.040625 0.028125
2 0.3484375 0.63671875 0.034375 0.0265625
2 0.3671875 0.8109375 0.046875 0.0375