0 0.759375 0.54453125 0.015625 0.0234375
0 0.74609375 0.528125 0.0171875 0.021875
0 0.75078125 0.5671875 0.01875 0.028125
0 0.74375 0.54765625 0.015625 0.021875
0 0.73359375 0.515625 0.015625 0.021875
0 0.71953125 0.52421875 0.0125 0.0234375
0 0.73125 0.53359375 0.01875 0.0203125
0 0.72421875 0.5515625 0.015625 0.021875
0 0.7328125 0.55625 0.015625 0.0203125
0 0.73671875 0.5703125 0.0171875 0.025
0 0.721875 0.5734375 0.0171875 0.0265625
0 0.7078125 0.56328125 0.0125 0.0234375
0 0.715625 0.5421875 0.0125 0.021875
0 0.7109375 0.51328125 0.0171875 0.025
0 0.70390625 0.52890625 0.015625 0.0203125
0 0.69921875 0.5484375 0.015625 0.021875
0 0.69296875 0.56640625 0.015625 0.0234375
0 0.70234375 0.58125 0.01875 0.025
0 0.69609375 0.59765625 0.015625 0.021875
0 0.684375 0.584375 0.015625 0.021875
0 0.678125 0.60078125 0.015625 0.021875
0 0.68359375 0.55 0.0171875 0.0234375
0 0.67578125 0.5671875 0.0171875 0.0265625
0 0.69375 0.51171875 0.0171875 0.021875
0 0.68828125 0.53203125 0.015625 0.0203125
0 0.6765625 0.5171875 0.015625 0.0234375
0 0.6734375 0.53828125 0.0171875 0.021875
0 0.346875 0.60390625 0.015625 0.025
0 0.35546875 0.590625 0.01875 0.021875
0 0.3546875 0.62265625 0.01875 0.025
0 0.3640625 0.60703125 0.015625 0.021875
0 0.37265625 0.62578125 0.01875 0.0234375
0 0.37265625 0.59375 0.01875 0.025
0 0.3828125 0.61015625 0.01875 0.0234375
0 0.38125 0.57265625 0.01875 0.025
0 0.3890625 0.5921875 0.015625 0.021875
0 0.39765625 0.5734375 0.0171875 0.0234375
0 0.40546875 0.590625 0.015625 0.021875
0 0.396875 0.60859375 0.015625 0.021875
0 0.3921875 0.62734375 0.01875 0.021875
0 0.40390625 0.55234375 0.0171875 0.021875
0 0.41171875 0.57109375 0.0171875 0.021875
0 0.41875 0.55234375 0.015625 0.0234375
0 0.4328125 0.55234375 0.0171875 0.0234375
0 0.446875 0.5515625 0.015625 0.0234375
0 0.46328125 0.5515625 0.0203125 0.01875
0 0.42421875 0.57109375 0.01875 0.0203125
0 0.4421875 0.56953125 0.0171875 0.021875
0 0.4578125 0.56875 0.01875 0.021875
0 0.41953125 0.58828125 0.01875 0.025
0 0.4359375 0.5875 0.0171875 0.021875
0 0.45 0.58671875 0.01875 0.0234375
0 0.4140625 0.60546875 0.015625 0.0203125
0 0.4265625 0.60390625 0.01875 0.0234375
0 0.44296875 0.60390625 0.0171875 0.021875
0 0.45859375 0.6015625 0.0171875 0.021875
0 0.40859375 0.62734375 0.0171875 0.021875
0 0.42265625 0.625 0.0171875 0.0234375
0 0.43828125 0.625 0.015625 0.021875
0 0.4515625 0.62421875 0.01875 0.025
0 0.46640625 0.62265625 0.01875 0.025
0 0.471875 0.5328125 0.01875 0.021875
0 0.4875 0.53359375 0.015625 0.0234375
0 0.4765625 0.55390625 0.015625 0.01875
0 0.471875 0.56953125 0.0171875 0.0203125
0 0.47734375 0.5890625 0.0171875 0.0234375
0 0.4625 0.58671875 0.015625 0.021875
0 0.47265625 0.60390625 0.0171875 0.01875
0 0.4796875 0.62109375 0.01875 0.0234375
0 0.49453125 0.5875 0.0171875 0.021875
0 0.4984375 0.56796875 0.01875 0.025
0 0.4859375 0.56953125 0.015625 0.021875
0 0.49453125 0.55078125 0.015625 0.021875
0 0.4890625 0.603125 0.0171875 0.021875
0 0.496875 0.6234375 0.01875 0.025
0 0.50390625 0.60234375 0.015625 0.021875
0 0.5125 0.6203125 0.01875 0.025
0 0.50703125 0.5453125 0.0171875 0.025
0 0.51640625 0.56484375 0.015625 0.021875
0 0.509375 0.58515625 0.0171875 0.021875
0 0.52421875 0.58359375 0.015625 0.021875
0 0.51796875 0.59921875 0.015625 0.021875
0 0.521875 0.5453125 0.0171875 0.0234375
0 0.5296875 0.5625 0.015625 0.021875
0 0.5375 0.54375 0.015625 0.01875
0 0.52734375 0.61875 0.015625 0.021875
0 0.53203125 0.59609375 0.015625 0.0203125
0 0.54375 0.56171875 0.015625 0.021875
0 0.53828125 0.58046875 0.0171875 0.0203125
0 0.546875 0.59765625 0.0171875 0.021875
0 0.5421875 0.6171875 0.015625 0.025
0 0.5515625 0.5421875 0.015625 0.0234375
0 0.55859375 0.5609375 0.0171875 0.021875
0 0.55234375 0.5796875 0.0171875 0.021875
0 0.56171875 0.59765625 0.015625 0.0234375
0 0.55625 0.615625 0.015625 0.0203125
0 0.5671875 0.57734375 0.015625 0.021875
0 0.565625 0.53984375 0.015625 0.0234375
0 0.5734375 0.55859375 0.015625 0.0203125
0 0.57578125 0.5953125 0.0140625 0.01875
0 0.5703125 0.6140625 0.015625 0.0234375
0 0.58515625 0.6125 0.015625 0.021875
0 0.58125 0.57578125 0.015625 0.0203125
0 0.5796875 0.53984375 0.01875 0.0234375
0 0.58828125 0.55703125 0.0171875 0.021875
0 0.59609375 0.575 0.015625 0.01875
0 0.58984375 0.59375 0.015625 0.01875
0 0.5953125 0.53828125 0.0171875 0.0234375
0 0.6015625 0.55625 0.015625 0.01875
0 0.60546875 0.59140625 0.01875 0.01875
0 0.59921875 0.609375 0.0171875 0.021875
0 0.6125 0.57109375 0.015625 0.021875
0 0.609375 0.5375 0.015625 0.021875
0 0.61640625 0.55625 0.015625 0.01875
0 0.6171875 0.5234375 0.01875 0.03125
0 0.62578125 0.5375 0.015625 0.01875
0 0.634375 0.55390625 0.0171875 0.021875
0 0.6265625 0.57109375 0.01875 0.021875
0 0.61796875 0.590625 0.015625 0.021875
0 0.6140625 0.60859375 0.0171875 0.021875
0 0.6296875 0.60546875 0.015625 0.0234375
0 0.63515625 0.5890625 0.0140625 0.0203125
0 0.63359375 0.51875 0.0171875 0.0234375
0 0.640625 0.5375 0.015625 0.021875
0 0.65078125 0.5546875 0.015625 0.021875
0 0.640625 0.5703125 0.0171875 0.021875
0 0.64921875 0.58671875 0.015625 0.0234375
0 0.6453125 0.60703125 0.0171875 0.025
0 0.66015625 0.60234375 0.015625 0.025
0 0.66640625 0.58671875 0.015625 0.021875
0 0.659375 0.5703125 0.01875 0.0234375
0 0.6578125 0.5359375 0.015625 0.0203125
0 0.66484375 0.55390625 0.015625 0.0234375
0 0.64921875 0.52109375 0.0171875 0.021875
0 0.66484375 0.51953125 0.015625 0.021875
2 0.26875 0.66953125 0.01875 0.025
2 0.2703125 0.64375 0.021875 0.025
2 0.27109375 0.62421875 0.01875 0.0234375
2 0.275 0.603125 0.0203125 0.028125
2 0.2828125 0.58515625 0.01875 0.025
2 0.290625 0.56328125 0.01875 0.025
2 0.2984375 0.58359375 0.0171875 0.021875
2 0.29375 0.60078125 0.0171875 0.021875
2 0.2875 0.61953125 0.01875 0.021875
2 0.2859375 0.63828125 0.01875 0.025
2 0.284375 0.6625 0.01875 0.0234375
2 0.2984375 0.6546875 0.0171875 0.0234375
2 0.3 0.63203125 0.015625 0.025
2 0.303125 0.6140625 0.015625 0.021875
2 0.30859375 0.596875 0.01875 0.0234375
2 0.30703125 0.56484375 0.0171875 0.0265625
2 0.31640625 0.58203125 0.01875 0.025
2 0.3265625 0.59375 0.01875 0.021875
2 0.31875 0.61015625 0.015625 0.0203125
2 0.3140625 0.62890625 0.0171875 0.021875
2 0.3125 0.65 0.0171875 0.025
2 0.32578125 0.64140625 0.015625 0.028125
2 0.3296875 0.625 0.01875 0.0234375
2 0.340625 0.640625 0.015625 0.0234375
2 0.33671875 0.60859375 0.015625 0.021875
2 0.3265625 0.56328125 0.021875 0.025
2 0.33671875 0.57890625 0.01875 0.021875
2 0.3359375 0.5484375 0.01875 0.025
2 0.346875 0.56328125 0.015625 0.0265625
2 0.353125 0.54453125 0.01875 0.0234375
2 0.36015625 0.5609375 0.01875 0.0234375
2 0.36796875 0.5421875 0.015625 0.025
2 0.37734375 0.5578125 0.015625 0.01875
2 0.38515625 0.5390625 0.0171875 0.0234375
2 0.35625 0.63984375 0.01875 0.021875
2 0.37421875 0.64140625 0.01875 0.021875
2 0.4015625 0.53515625 0.015625 0.01875
2 0.41015625 0.51796875 0.01875 0.025
2 0.41640625 0.53671875 0.01875 0.0203125
2 0.42578125 0.51953125 0.0171875 0.0234375
2 0.4328125 0.5359375 0.015625 0.01875
2 0.390625 0.6421875 0.01875 0.01875
2 0.4078125 0.6421875 0.01875 0.0203125
2 0.42265625 0.640625 0.0203125 0.021875
2 0.43828125 0.63984375 0.01875 0.021875
2 0.45234375 0.63984375 0.01875 0.0203125
2 0.4671875 0.6375 0.01875 0.021875
2 0.44140625 0.51953125 0.0171875 0.021875
2 0.45546875 0.521875 0.015625 0.021875
2 0.46953125 0.51484375 0.0171875 0.021875
2 0.484375 0.51328125 0.01875 0.01875
2 0.48359375 0.6375 0.0171875 0.01875
2 0.5 0.5140625 0.01875 0.0203125
2 0.49921875 0.6390625 0.01875 0.01875
2 0.5046875 0.53046875 0.01875 0.01875
2 0.51484375 0.51484375 0.01875 0.025
2 0.52890625 0.51171875 0.0171875 0.021875
2 0.5140625 0.6375 0.015625 0.0203125
2 0.52890625 0.6375 0.01875 0.021875
2 0.5296875 0.52890625 0.01875 0.021875
2 0.54375 0.5109375 0.0171875 0.021875
2 0.54375 0.63671875 0.01875 0.0234375
2 0.55859375 0.6359375 0.01875 0.028125
2 0.55859375 0.50703125 0.01875 0.025
2 0.57265625 0.51171875 0.0171875 0.021875
2 0.575 0.6359375 0.01875 0.021875
2 0.58671875 0.5078125 0.01875 0.0234375
2 0.590625 0.63359375 0.0171875 0.025
2 0.6046875 0.63125 0.015625 0.025
2 0.60234375 0.5046875 0.0203125 0.025
2 0.61796875 0.50234375 0.01875 0.0203125
2 0.61953125 0.6296875 0.01875 0.025
2 0.6359375 0.628125 0.01875 0.025
2 0.6515625 0.62734375 0.01875 0.028125
2 0.6671875 0.62578125 0.01875 0.025
2 0.68125 0.621875 0.0203125 0.028125
2 0.6984375 0.6171875 0.021875 0.028125
2 0.6328125 0.5015625 0.015625 0.0203125
2 0.64765625 0.49921875 0.01875 0.0234375
2 0.6640625 0.49921875 0.01875 0.025
2 0.67890625 0.49609375 0.0171875 0.0265625
2 0.69296875 0.4921875 0.015625 0.025
2 0.70703125 0.4890625 0.0171875 0.0265625
2 0.721875 0.4875 0.01875 0.025
2 0.7078125 0.5984375 0.015625 0.021875
2 0.72109375 0.59765625 0.015625 0.025
2 0.73515625 0.5953125 0.01875 0.025
2 0.7453125 0.49453125 0.01875 0.0234375
2 0.75 0.59375 0.0171875 0.025
2 0.76640625 0.59140625 0.01875 0.028125
2 0.771875 0.57109375 0.01875 0.025
2 0.784375 0.56171875 0.021875 0.028125
2 0.775 0.54375 0.01875 0.025
2 0.765625 0.528125 0.01875 0.0265625
2 0.75859375 0.5125 0.01875 0.0234375