0 0.30390625 0.2265625 0.021875 0.03125
0 0.32109375 0.2359375 0.025 0.028125
0 0.32265625 0.26328125 0.0234375 0.025
0 0.3328125 0.28515625 0.0234375 0.0328125
0 0.31328125 0.28359375 0.021875 0.03125
0 0.31015625 0.31015625 0.025 0.03125
0 0.29921875 0.2703125 0.021875 0.0296875
0 0.290625 0.29453125 0.025 0.0359375
0 0.2703125 0.284375 0.021875 0.0328125
2 0.33515625 0.1703125 0.025 0.03125
2 0.3453125 0.19375 0.025 0.028125
2 0.35546875 0.21796875 0.021875 0.03125
2 0.3359375 0.2171875 0.021875 0.03125
2 0.32265625 0.1984375 0.0234375 0.028125
2 0.31328125 0.1703125 0.025 0.0328125
2 0.2921875 0.17578125 0.025 0.028125
2 0.30234375 0.19921875 0.021875 0.028125
2 0.28125 0.20390625 0.0234375 0.03125
2 0.26796875 0.228125 0.0234375 0.0296875
2 0.259375 0.20546875 0.025 0.028125
2 0.2421875 0.21171875 0.028125 0.028125
2 0.253125 0.23046875 0.028125 0.028125
2 0.22890625 0.234375 0.025 0.034375
2 0.2453125 0.25390625 0.025 0.025
2 0.24140625 0.28046875 0.0234375 0.03125
2 0.265625 0.2578125 0.025 0.03125
2 0.2875 0.2453125 0.0234375 0.028125
2 0.34921875 0.246875 0.025 0.028125
2 0.35703125 0.271875 0.025 0.0328125
2 0.36015625 0.296875 0.0265625 0.03125
2 0.35546875 0.321875 0.025 0.0265625
2 0.3328125 0.31484375 0.025 0.0296875
2 0.33984375 0.3375 0.025 0.0296875
2 0.35 0.3609375 0.025 0.028125
2 0.31640625 0.3375 0.0234375 0.0328125
2 0.33046875 0.36484375 0.025 0.03125
2 0.3078125 0.359375 0.025 0.03125
2 0.29453125 0.3375 0.021875 0.03125
2 0.26796875 0.3234375 0.0234375 0.0375
2 0.2546875 0.303125 0.025 0.03125
2 0.27734375 0.35 0.021875 0.0328125
2 0.38671875 0.409375 0.028125 0.0375
2 0.29296875 0.446875 0.03125 0.0375
2 0.24375 0.40859375 0.025 0.0375
2 0.1625 0.59921875 0.025 0.0375