0 0.72421875 0.12578125 0.03125 0.04375
0 0.72578125 0.16484375 0.0296875 0.0375
0 0.6984375 0.1796875 0.034375 0.040625
0 0.72265625 0.2015625 0.03125 0.0421875
0 0.7515625 0.17578125 0.03125 0.04375
0 0.75078125 0.21484375 0.03125 0.0390625
0 0.78125 0.178125 0.03125 0.0421875
0 0.78125 0.2140625 0.028125 0.040625
0 0.80546875 0.1921875 0.0296875 0.0453125
0 0.80390625 0.22734375 0.03125 0.04375
0 0.83125 0.20078125 0.03125 0.0453125
0 0.83203125 0.2359375 0.0328125 0.04375
0 0.82734375 0.275 0.03125 0.0453125
0 0.8015625 0.26328125 0.034375 0.040625
0 0.77578125 0.2484375 0.0328125 0.04375
0 0.746875 0.246875 0.03125 0.040625
0 0.71796875 0.2359375 0.034375 0.040625
0 0.69375 0.21875 0.03125 0.0421875
0 0.66640625 0.23046875 0.034375 0.04375
0 0.690625 0.25234375 0.0328125 0.0375
0 0.6640625 0.27265625 0.0328125 0.04375
0 0.6390625 0.29140625 0.0296875 0.04375
0 0.71640625 0.2703125 0.03125 0.040625
0 0.7453125 0.28828125 0.03125 0.0421875
0 0.76796875 0.28515625 0.028125 0.046875
0 0.79375 0.3 0.0328125 0.04375
0 0.82109375 0.309375 0.034375 0.046875
0 0.81015625 0.34453125 0.0328125 0.0421875
0 0.7859375 0.33203125 0.03125 0.0453125
0 0.76328125 0.315625 0.025 0.0375
0 0.73828125 0.31953125 0.0328125 0.04375
0 0.71328125 0.3046875 0.028125 0.0484375
0 0.6875 0.28671875 0.034375 0.0453125
0 0.66640625 0.3078125 0.0375 0.04375
0 0.6125 0.3078125 0.034375 0.0453125
0 0.6359375 0.32421875 0.0296875 0.0390625
0 0.66640625 0.34609375 0.034375 0.04375
0 0.58671875 0.33515625 0.03125 0.046875
0 0.61484375 0.3484375 0.0328125 0.0390625
0 0.6046875 0.37890625 0.03125 0.0453125
0 0.63125 0.39140625 0.034375 0.046875
0 0.64375 0.3640625 0.0328125 0.046875
0 0.66953125 0.384375 0.034375 0.04375
0 0.69375 0.3625 0.03125 0.046875
0 0.6921875 0.32421875 0.0328125 0.0484375
0 0.71875 0.34453125 0.0328125 0.04375
0 0.74765625 0.35859375 0.0328125 0.04375
0 0.74296875 0.38984375 0.0359375 0.046875
0 0.715625 0.384375 0.03125 0.05
0 0.77734375 0.36875 0.034375 0.0453125
0 0.7734375 0.39765625 0.0359375 0.046875
0 0.8078125 0.3796875 0.0390625 0.0453125
0 0.80625 0.421875 0.0375 0.04375
0 0.8390625 0.43046875 0.034375 0.0453125
0 0.853125 0.3984375 0.034375 0.0453125
0 0.76796875 0.4359375 0.034375 0.0421875
0 0.74375 0.42890625 0.034375 0.0421875
0 0.7140625 0.41875 0.034375 0.04375
0 0.66171875 0.415625 0.040625 0.04375
0 0.6375 0.4390625 0.034375 0.0375
0 0.6375 0.47265625 0.034375 0.0484375
0 0.66953125 0.45390625 0.0375 0.040625
0 0.6609375 0.48515625 0.0296875 0.04375
0 0.6109375 0.57890625 0.034375 0.0390625
0 0.6953125 0.4484375 0.0375 0.04375
0 0.68515625 0.48125 0.0375 0.04375
0 0.68515625 0.51796875 0.034375 0.040625
0 0.66875 0.546875 0.0390625 0.0515625
0 0.6671875 0.5875 0.0296875 0.04375
0 0.72109375 0.45703125 0.034375 0.040625
0 0.7140625 0.4921875 0.03125 0.04375
0 0.70859375 0.52890625 0.034375 0.0453125
0 0.70390625 0.56328125 0.034375 0.05
0 0.7453125 0.46484375 0.034375 0.046875
0 0.73828125 0.49453125 0.0328125 0.05
0 0.7375 0.53671875 0.03125 0.0484375
0 0.73046875 0.56953125 0.028125 0.0453125
0 0.75390625 0.59140625 0.0375 0.04375
0 0.7328125 0.6171875 0.0375 0.046875
0 0.7578125 0.55625 0.034375 0.05
0 0.7625 0.5203125 0.0296875 0.0484375
0 0.76875 0.4765625 0.0328125 0.046875
0 0.790625 0.4546875 0.03125 0.04375
0 0.81875 0.4640625 0.0375 0.04375
0 0.8 0.4890625 0.03125 0.046875
0 0.7890625 0.52265625 0.03125 0.0453125
0 0.78203125 0.56328125 0.0375 0.0484375
0 0.809375 0.56328125 0.034375 0.046875
0 0.8171875 0.53125 0.0375 0.0484375
0 0.8296875 0.49609375 0.03125 0.0453125
0 0.85 0.46640625 0.03125 0.046875
0 0.878125 0.46484375 0.03125 0.04375
0 0.86796875 0.49765625 0.0328125 0.046875
0 0.884375 0.5296875 0.0265625 0.034375
0 0.878125 0.56015625 0.0359375 0.04375
0 0.515625 0.5421875 0.034375 0.0421875
2 0.471875 0.446875 0.0359375 0.04375
2 0.5125 0.41953125 0.034375 0.040625
2 0.5046875 0.45234375 0.0328125 0.040625
2 0.48359375 0.48046875 0.034375 0.040625
2 0.48671875 0.51328125 0.028125 0.034375
2 0.51171875 0.4859375 0.03125 0.0390625
2 0.53671875 0.5296875 0.03125 0.0390625
2 0.48671875 0.57265625 0.03125 0.0375
2 0.51015625 0.51640625 0.0296875 0.0359375
2 0.53203125 0.4640625 0.0296875 0.0359375
2 0.5359375 0.49609375 0.028125 0.040625
2 0.53984375 0.4328125 0.0296875 0.0375
2 0.553125 0.4046875 0.0328125 0.0390625
2 0.56875 0.44375 0.03125 0.04375
2 0.55703125 0.47265625 0.034375 0.04375
2 0.56171875 0.5109375 0.03125 0.0390625
2 0.55703125 0.54453125 0.03125 0.0390625
2 0.54921875 0.575 0.03125 0.040625
2 0.5296875 0.59453125 0.03125 0.0375
2 0.503125 0.60625 0.03125 0.0421875
2 0.52734375 0.62734375 0.03125 0.04375
2 0.55078125 0.609375 0.028125 0.034375
2 0.54921875 0.6453125 0.03125 0.0375
2 0.5828125 0.5625 0.0328125 0.040625
2 0.5734375 0.59609375 0.028125 0.0390625
2 0.57265625 0.63125 0.0328125 0.040625
2 0.571875 0.6671875 0.03125 0.04375
2 0.59765625 0.65234375 0.0359375 0.040625
2 0.59765625 0.6109375 0.028125 0.040625
2 0.5875 0.5265625 0.03125 0.04375
2 0.58359375 0.48984375 0.034375 0.0453125
2 0.5921875 0.45859375 0.028125 0.03125
2 0.6125 0.49921875 0.034375 0.0453125
2 0.6125 0.54375 0.034375 0.040625
2 0.63515625 0.52421875 0.0328125 0.0421875
2 0.63515625 0.57109375 0.03125 0.0421875
2 0.646875 0.61015625 0.0296875 0.040625
2 0.62109375 0.60703125 0.0328125 0.0390625
2 0.58203125 0.4140625 0.03125 0.0375
2 0.609375 0.43046875 0.034375 0.04375
2 0.56328125 0.37265625 0.034375 0.040625
2 0.5640625 0.30546875 0.034375 0.04375
2 0.57890625 0.2765625 0.034375 0.046875
2 0.6 0.25390625 0.034375 0.0453125
2 0.628125 0.26484375 0.034375 0.040625
2 0.6234375 0.228125 0.034375 0.05
2 0.6484375 0.2125 0.0328125 0.04375
2 0.64765625 0.1734375 0.034375 0.04375
2 0.6734375 0.1890625 0.03125 0.040625
2 0.659375 0.14296875 0.034375 0.046875
2 0.6875 0.15625 0.03125 0.0390625
2 0.6828125 0.03984375 0.0328125 0.046875
2 0.68515625 0.08046875 0.0375 0.04375
2 0.6859375 0.1203125 0.034375 0.0421875
2 0.709375 0.05859375 0.03125 0.046875
2 0.7125 0.09765625 0.0328125 0.0375
2 0.73515625 0.07265625 0.034375 0.046875
2 0.74140625 0.1125 0.028125 0.040625
2 0.7640625 0.08671875 0.03125 0.046875
2 0.7625 0.13046875 0.034375 0.046875
2 0.78671875 0.1140625 0.03125 0.046875
2 0.79296875 0.14921875 0.025 0.034375
2 0.80546875 0.08125 0.034375 0.053125
2 0.83203125 0.10703125 0.0375 0.046875
2 0.815625 0.140625 0.0390625 0.0453125
2 0.84921875 0.1375 0.0375 0.0421875
2 0.8421875 0.17578125 0.03125 0.04375
2 0.8703125 0.165625 0.034375 0.040625
2 0.87109375 0.20234375 0.0328125 0.04375
2 0.86796875 0.2390625 0.034375 0.05
2 0.86953125 0.2796875 0.034375 0.040625
2 0.85 0.30859375 0.03125 0.0421875
2 0.87734375 0.31875 0.03125 0.046875
2 0.85546875 0.34765625 0.0328125 0.0375
2 0.8359375 0.37421875 0.028125 0.0375
2 0.90390625 0.4015625 0.0359375 0.0453125
2 0.90703125 0.43984375 0.040625 0.040625
2 0.8765625 0.41953125 0.034375 0.0390625
2 0.9109375 0.4765625 0.034375 0.04375
2 0.91328125 0.51484375 0.034375 0.0375
2 0.91640625 0.5515625 0.034375 0.0421875
2 0.91171875 0.58828125 0.03125 0.0421875
2 0.8984375 0.6171875 0.03125 0.040625
2 0.8703125 0.609375 0.03125 0.04375
2 0.878125 0.64609375 0.0328125 0.040625
2 0.865625 0.68046875 0.03125 0.0484375
2 0.85 0.6421875 0.0328125 0.0453125
2 0.83359375 0.61328125 0.0359375 0.0421875
2 0.846875 0.590625 0.0328125 0.04375
2 0.85859375 0.55546875 0.03125 0.04375
2 0.81953125 0.64921875 0.03125 0.0453125
2 0.8 0.625 0.0328125 0.04375
2 0.80625 0.59609375 0.028125 0.0359375
2 0.7796875 0.59453125 0.0296875 0.04375
2 0.771875 0.63125 0.03125 0.0375
2 0.78984375 0.6625 0.0328125 0.04375
2 0.76484375 0.6703125 0.0328125 0.04375
2 0.74140625 0.67578125 0.028125 0.040625
2 0.71640625 0.68359375 0.03125 0.040625
2 0.71953125 0.6453125 0.028125 0.0390625
2 0.7046875 0.6125 0.028125 0.040625
2 0.68984375 0.58984375 0.028125 0.04375
2 0.68046875 0.62109375 0.03125 0.0375
2 0.696875 0.65234375 0.03125 0.0421875