0 0.37265625 0.57578125 0.05234375 0.0390625
0 0.3578125 0.5078125 0.0625 0.04140625
0 0.3359375 0.47734375 0.04921875 0.034375
0 0.3859375 0.465625 0.06015625 0.03671875
0 0.3953125 0.49375 0.0578125 0.03515625
0 0.38125 0.5375 0.0484375 0.04296875
0 0.41953125 0.55859375 0.0578125 0.04296875
0 0.4234375 0.5234375 0.05625 0.034375
0 0.44765625 0.49609375 0.05625 0.03359375
0 0.47578125 0.521875 0.05234375 0.034375
0 0.4578125 0.5484375 0.05625 0.04375
0 0.49765625 0.5671875 0.053125 0.0390625
0 0.5203125 0.5328125 0.05 0.03984375
0 0.49609375 0.490625 0.05 0.03515625
0 0.53984375 0.496875 0.05078125 0.0390625
0 0.5609375 0.52734375 0.0484375 0.040625
0 0.55078125 0.5625 0.06171875 0.0375
0 0.596875 0.571875 0.0609375 0.03984375
0 0.60703125 0.5359375 0.05625 0.03984375
0 0.58515625 0.5046875 0.05078125 0.03671875
0 0.628125 0.50546875 0.05078125 0.0359375
0 0.65546875 0.53515625 0.05234375 0.04375
0 0.6375 0.56484375 0.0546875 0.03515625
2 0.2734375 0.45234375 0.05859375 0.03984375
2 0.3015625 0.428125 0.05859375 0.0421875
2 0.3109375 0.4609375 0.05703125 0.0375
2 0.30234375 0.496875 0.06015625 0.04296875
2 0.33125 0.52890625 0.05234375 0.04140625
2 0.33125 0.56640625 0.0640625 0.04765625
2 0.3234375 0.60703125 0.0609375 0.04609375
2 0.36328125 0.634375 0.0453125 0.04375
2 0.40546875 0.62109375 0.065625 0.04921875
2 0.4515625 0.60625 0.05625 0.04375
2 0.49296875 0.5953125 0.05234375 0.03984375
2 0.5671875 0.60546875 0.06015625 0.04453125
2 0.61328125 0.59609375 0.0546875 0.03984375
2 0.65546875 0.5890625 0.0609375 0.0453125
2 0.7015625 0.54296875 0.05 0.04296875
2 0.76484375 0.5203125 0.06640625 0.04453125
2 0.7 0.49921875 0.0609375 0.040625