2 0.38984375 0.65703125 0.03984375 0.03125
2 0.41796875 0.6484375 0.0390625 0.03046875
2 0.43984375 0.665625 0.0328125 0.02734375
2 0.4734375 0.67421875 0.03359375 0.02578125
2 0.521875 0.6953125 0.03984375 0.03125
2 0.55078125 0.7015625 0.0359375 0.02578125
2 0.5515625 0.72421875 0.03515625 0.028125
2 0.5234375 0.71875 0.040625 0.03046875
2 0.5125 0.74453125 0.03828125 0.03046875
2 0.34453125 0.703125 0.034375 0.028125
2 0.34296875 0.7234375 0.04140625 0.02734375
2 0.3625 0.740625 0.0359375 0.02578125
2 0.3921875 0.76171875 0.03671875 0.02890625
0 0.41328125 0.753125 0.034375 0.028125
0 0.44140625 0.7546875 0.03359375 0.028125
0 0.43828125 0.7328125 0.0296875 0.025
0 0.465625 0.73828125 0.03203125 0.025
0 0.4875 0.72265625 0.03671875 0.0234375
0 0.4765625 0.70078125 0.0359375 0.025
0 0.4609375 0.71484375 0.03203125 0.02578125
0 0.44453125 0.69765625 0.0359375 0.025
0 0.42421875 0.684375 0.0375 0.02109375
0 0.39921875 0.68671875 0.03515625 0.0234375
0 0.39609375 0.7078125 0.03125 0.03046875
0 0.36640625 0.71484375 0.034375 0.0234375
0 0.38046875 0.7296875 0.0359375 0.0265625
0 0.4109375 0.72890625 0.03828125 0.025