2 0.3484375 0.56328125 0.034375 0.03203125
2 0.371875 0.5625 0.0296875 0.02890625
2 0.39453125 0.56953125 0.02734375 0.01796875
2 0.3703125 0.578125 0.03203125 0.01875
2 0.396875 0.55234375 0.03046875 0.01875
2 0.39765625 0.534375 0.0296875 0.0203125
2 0.41171875 0.51953125 0.025 0.02265625
2 0.43359375 0.51015625 0.02578125 0.0171875
2 0.4359375 0.52734375 0.02890625 0.01953125
2 0.41875 0.5421875 0.02421875 0.015625
2 0.43828125 0.54765625 0.02265625 0.021875
2 0.45546875 0.534375 0.02578125 0.021875
2 0.45625 0.5140625 0.028125 0.01875
2 0.45546875 0.5 0.02421875 0.02109375
2 0.47421875 0.48828125 0.0234375 0.01875
2 0.496875 0.4921875 0.02421875 0.01953125
2 0.4765625 0.50390625 0.02265625 0.015625
2 0.51640625 0.49921875 0.02734375 0.0203125
2 0.53828125 0.50546875 0.02265625 0.0203125
2 0.49375 0.51171875 0.02421875 0.0203125
2 0.4765625 0.525 0.0203125 0.01953125
2 0.515625 0.5171875 0.0265625 0.01953125
2 0.54140625 0.52421875 0.02890625 0.021875
2 0.49765625 0.53125 0.02421875 0.0203125
2 0.52109375 0.5375 0.02578125 0.01953125
2 0.546875 0.54296875 0.02890625 0.01875
2 0.52421875 0.5546875 0.0234375 0.01875
2 0.49921875 0.55 0.02265625 0.0203125
2 0.47890625 0.54609375 0.02109375 0.01953125
2 0.459375 0.5546875 0.02578125 0.021875
2 0.41796875 0.559375 0.0296875 0.021875
2 0.440625 0.56640625 0.02265625 0.015625
2 0.46171875 0.5734375 0.02578125 0.0203125
2 0.48125 0.5625 0.02109375 0.01875
2 0.50390625 0.56640625 0.0234375 0.02109375
2 0.52734375 0.57109375 0.025 0.01953125
2 0.55 0.5609375 0.02421875 0.01796875
2 0.55078125 0.57890625 0.02578125 0.01953125
2 0.4171875 0.578125 0.02578125 0.01953125
2 0.3953125 0.58671875 0.0234375 0.01953125
2 0.37265625 0.59609375 0.025 0.0234375
2 0.44140625 0.58359375 0.02578125 0.02109375
2 0.41796875 0.59453125 0.02421875 0.02109375
2 0.3953125 0.603125 0.02421875 0.0203125
2 0.46484375 0.590625 0.02734375 0.01796875
2 0.48671875 0.57890625 0.025 0.01875
2 0.5109375 0.58359375 0.02265625 0.0203125
2 0.5328125 0.58984375 0.0234375 0.01953125
2 0.44140625 0.60234375 0.02578125 0.01796875
2 0.46328125 0.60703125 0.0265625 0.021875
2 0.4875 0.5953125 0.02578125 0.01953125
2 0.51171875 0.60234375 0.0265625 0.01875
2 0.53359375 0.61015625 0.03046875 0.01953125
2 0.51484375 0.6203125 0.02421875 0.02109375
2 0.4875 0.6125 0.034375 0.01953125
2 0.46875 0.62578125 0.02578125 0.02109375
2 0.44296875 0.61875 0.0296875 0.01875
2 0.4203125 0.61328125 0.0296875 0.01796875
2 0.37265625 0.615625 0.02890625 0.01953125
2 0.3953125 0.62265625 0.02890625 0.01796875
2 0.375 0.6328125 0.0265625 0.0203125
2 0.39609375 0.63984375 0.02578125 0.01640625
2 0.4203125 0.63125 0.025 0.01953125
2 0.4421875 0.63671875 0.02578125 0.01875
2 0.48984375 0.63046875 0.02578125 0.01953125
2 0.515625 0.63984375 0.02578125 0.01953125
2 0.53515625 0.62734375 0.02421875 0.01796875
2 0.375 0.6515625 0.02578125 0.01953125
2 0.3984375 0.659375 0.02734375 0.01953125
2 0.4203125 0.6484375 0.02421875 0.0203125
2 0.44296875 0.6546875 0.0265625 0.01875
2 0.46953125 0.64296875 0.025 0.01953125
2 0.49296875 0.6484375 0.02421875 0.01953125
2 0.51640625 0.65703125 0.0234375 0.01796875
2 0.5359375 0.64453125 0.021875 0.02109375
2 0.53671875 0.66640625 0.02578125 0.02265625
2 0.51640625 0.67734375 0.02578125 0.02265625
2 0.4953125 0.66796875 0.0265625 0.0171875
2 0.47109375 0.6609375 0.025 0.0171875
2 0.4453125 0.67265625 0.02578125 0.01875
2 0.46953125 0.6796875 0.025 0.01953125
2 0.49375 0.68828125 0.0234375 0.0203125
2 0.4234375 0.66484375 0.02421875 0.01953125
2 0.403125 0.6765625 0.0234375 0.01640625
2 0.42421875 0.68359375 0.02578125 0.01953125
2 0.37890625 0.66953125 0.02578125 0.01953125
2 0.37890625 0.68671875 0.028125 0.01953125
2 0.3796875 0.7046875 0.0265625 0.021875
2 0.403125 0.69375 0.021875 0.01953125
2 0.4515625 0.69140625 0.02421875 0.01875
2 0.42890625 0.703125 0.02578125 0.02109375
2 0.47578125 0.7 0.0265625 0.021875
2 0.45 0.71015625 0.02578125 0.0203125
2 0.4078125 0.71328125 0.0265625 0.01953125
2 0.43046875 0.7234375 0.021875 0.01875
2 0.45234375 0.728125 0.0296875 0.021875
2 0.478125 0.71796875 0.02734375 0.01796875
2 0.384375 0.72578125 0.03203125 0.02265625
2 0.4046875 0.73359375 0.028125 0.0203125
2 0.42890625 0.7421875 0.028125 0.02109375
2 0.453125 0.74921875 0.03125 0.021875
2 0.47890625 0.73671875 0.03046875 0.02265625
2 0.4796875 0.76015625 0.03203125 0.0203125
2 0.45859375 0.76953125 0.021875 0.01796875
2 0.48125 0.78046875 0.0296875 0.02109375
2 0.3875 0.74765625 0.0265625 0.0171875
2 0.40859375 0.7546875 0.0265625 0.02109375
2 0.434375 0.7625 0.028125 0.021875
2 0.36171875 0.7375 0.025 0.0171875
2 0.33828125 0.7484375 0.0265625 0.01796875
2 0.36171875 0.75625 0.0296875 0.0203125
2 0.38828125 0.76640625 0.025 0.0203125
2 0.4109375 0.775 0.0265625 0.0203125
2 0.43828125 0.78203125 0.02578125 0.01953125
2 0.4578125 0.7890625 0.028125 0.021875
2 0.43984375 0.8046875 0.03359375 0.02265625
2 0.41640625 0.79765625 0.02890625 0.02265625
2 0.44609375 0.8265625 0.03125 0.02578125
2 0.41640625 0.821875 0.03203125 0.0234375
2 0.428125 0.83828125 0.0296875 0.02265625
2 0.39375 0.78828125 0.0265625 0.0234375
2 0.36875 0.77890625 0.0265625 0.0234375
2 0.34453125 0.77109375 0.02734375 0.021875
2 0.315625 0.7640625 0.03046875 0.02421875
2 0.31640625 0.784375 0.02890625 0.01796875
2 0.34453125 0.79296875 0.028125 0.0203125
2 0.36953125 0.79921875 0.02734375 0.021875
2 0.3921875 0.809375 0.028125 0.02109375
2 0.36796875 0.8203125 0.03359375 0.0234375
2 0.34296875 0.8140625 0.03203125 0.02265625
2 0.31640625 0.8046875 0.03203125 0.0203125
2 0.31015625 0.82734375 0.028125 0.02265625
2 0.3359375 0.834375 0.028125 0.0234375
2 0.36171875 0.8390625 0.02734375 0.01875
2 0.38984375 0.8296875 0.0296875 0.0234375
2 0.4 0.8515625 0.03203125 0.02109375
2 0.41953125 0.86171875 0.03359375 0.02890625
2 0.37421875 0.859375 0.03359375 0.02265625
2 0.34375 0.85859375 0.03515625 0.0234375
2 0.3140625 0.8546875 0.0328125 0.02734375
2 0.3390625 0.884375 0.03515625 0.0296875
2 0.3703125 0.88359375 0.02890625 0.0203125
2 0.39453125 0.8765625 0.0296875 0.02265625
2 0.38203125 0.9046875 0.03359375 0.0234375
2 0.34765625 0.91484375 0.03984375 0.0296875