2 0.6921875 0.6328125 0.0375 0.028125
2 0.69609375 0.65234375 0.0328125 0.0265625
2 0.67265625 0.64296875 0.0265625 0.021875
2 0.64609375 0.640625 0.0359375 0.025
2 0.615625 0.6375 0.03125 0.028125
2 0.5859375 0.63203125 0.0359375 0.0265625
2 0.590625 0.65078125 0.0375 0.025
2 0.56640625 0.6625 0.034375 0.028125
2 0.54609375 0.67578125 0.0328125 0.025
2 0.70234375 0.6734375 0.0375 0.0234375
2 0.72265625 0.684375 0.03125 0.0234375
2 0.703125 0.69921875 0.034375 0.028125
2 0.72734375 0.70625 0.0375 0.028125
2 0.709375 0.71953125 0.0390625 0.028125
2 0.68359375 0.7109375 0.03125 0.03125
2 0.65859375 0.725 0.0375 0.0265625
2 0.61015625 0.73046875 0.034375 0.028125
2 0.5609375 0.7359375 0.0359375 0.028125
2 0.5515625 0.6921875 0.0390625 0.0265625
2 0.55078125 0.715625 0.0375 0.025
0 0.6734375 0.6703125 0.0375 0.021875
0 0.67578125 0.6890625 0.034375 0.025
0 0.64375 0.66328125 0.0375 0.025
0 0.61328125 0.66484375 0.0296875 0.028125
0 0.58671875 0.671875 0.034375 0.025
0 0.571875 0.6875 0.034375 0.021875
0 0.571875 0.709375 0.0375 0.028125
0 0.59375 0.696875 0.03125 0.025
0 0.61875 0.68515625 0.034375 0.021875
0 0.64609375 0.68359375 0.0359375 0.021875
0 0.65390625 0.7015625 0.0359375 0.025
0 0.6265625 0.7046875 0.0359375 0.028125