2 0.40703125 0.4234375 0.028125 0.01953125
2 0.390625 0.4359375 0.02109375 0.0171875
2 0.3703125 0.43671875 0.021875 0.0171875
2 0.3453125 0.43984375 0.028125 0.0171875
2 0.3453125 0.45703125 0.025 0.021875
2 0.41015625 0.4421875 0.0234375 0.01796875
2 0.4296875 0.43125 0.0234375 0.01640625
2 0.44921875 0.4375 0.0171875 0.015625
0 0.42578125 0.475 0.02578125 0.01640625
2 0.4546875 0.453125 0.02265625 0.0171875
2 0.4765625 0.45234375 0.025 0.01875
2 0.48046875 0.46953125 0.028125 0.01953125
2 0.46015625 0.46796875 0.02421875 0.01484375
2 0.465625 0.48203125 0.0265625 0.0171875
2 0.4796875 0.49765625 0.02109375 0.0171875
2 0.46328125 0.51015625 0.025 0.0203125
2 0.484375 0.51796875 0.02421875 0.01953125
2 0.484375 0.53671875 0.028125 0.01953125
2 0.484375 0.5546875 0.02421875 0.0171875
2 0.48046875 0.5703125 0.025 0.0171875
2 0.48203125 0.58671875 0.03046875 0.01875
2 0.4609375 0.59609375 0.02421875 0.0171875
2 0.4546875 0.6125 0.0234375 0.0140625
2 0.44765625 0.628125 0.02890625 0.01875
2 0.44140625 0.64375 0.0265625 0.0171875
2 0.4171875 0.64921875 0.0265625 0.01953125
2 0.434375 0.66171875 0.0234375 0.01796875
2 0.4140625 0.6671875 0.0296875 0.02109375
2 0.40625 0.684375 0.0296875 0.01875
2 0.403125 0.70234375 0.02890625 0.01875
2 0.38046875 0.71015625 0.02578125 0.0171875
2 0.4015625 0.71875 0.028125 0.0203125
2 0.38046875 0.728125 0.02890625 0.02109375
2 0.4 0.7390625 0.02890625 0.01796875
2 0.3765625 0.74453125 0.0265625 0.01953125
2 0.35546875 0.7328125 0.02890625 0.0203125
2 0.32734375 0.73828125 0.0328125 0.0234375
2 0.31015625 0.72578125 0.025 0.01953125
2 0.28359375 0.7328125 0.0296875 0.02109375
2 0.2640625 0.7203125 0.03046875 0.01953125
2 0.2671875 0.7046875 0.028125 0.01875
2 0.259375 0.66171875 0.0296875 0.0234375
2 0.28125 0.67265625 0.021875 0.02109375
2 0.2703125 0.6859375 0.0265625 0.02109375
2 0.2875 0.71328125 0.0265625 0.015625
2 0.28671875 0.65546875 0.02421875 0.0203125
2 0.28671875 0.6375 0.03046875 0.021875
2 0.284375 0.6203125 0.02578125 0.02109375
2 0.309375 0.61015625 0.02890625 0.01796875
2 0.321875 0.59375 0.02890625 0.01953125
2 0.32734375 0.5796875 0.02421875 0.01953125
2 0.3453125 0.5875 0.02421875 0.02109375
2 0.32734375 0.5625 0.028125 0.01953125
2 0.35 0.57265625 0.02265625 0.0203125
2 0.34921875 0.5546875 0.02578125 0.02109375
2 0.3515625 0.53984375 0.0265625 0.0203125
2 0.35078125 0.47109375 0.028125 0.021875
2 0.35078125 0.49375 0.0265625 0.0171875
2 0.35 0.50703125 0.028125 0.01953125
2 0.3625 0.5234375 0.01796875 0.0171875
2 0.3921875 0.671875 0.02421875 0.01796875
0 0.38125 0.4578125 0.0265625 0.0171875
0 0.40078125 0.46796875 0.0234375 0.0171875
0 0.4328125 0.45703125 0.021875 0.0203125
0 0.440625 0.484375 0.02109375 0.01953125
0 0.4046875 0.48359375 0.028125 0.01640625
0 0.38046875 0.47265625 0.025 0.0171875
0 0.38671875 0.4875 0.02421875 0.01640625
0 0.37890625 0.50390625 0.02890625 0.02109375
0 0.4015625 0.5015625 0.025 0.01640625
0 0.4203125 0.49609375 0.025 0.015625
0 0.39921875 0.51640625 0.02578125 0.01640625
0 0.42421875 0.5109375 0.02421875 0.01796875
0 0.3765625 0.52421875 0.0265625 0.01796875
0 0.37421875 0.540625 0.0265625 0.01796875
0 0.39609375 0.53359375 0.025 0.021875
0 0.4203125 0.5265625 0.02578125 0.02109375
0 0.440625 0.51953125 0.02265625 0.0203125
0 0.45 0.5359375 0.025 0.01875
0 0.43046875 0.54296875 0.025 0.01875
0 0.409375 0.54765625 0.0234375 0.01875
0 0.3875 0.553125 0.02734375 0.0171875
0 0.3828125 0.56796875 0.0265625 0.0203125
0 0.4078125 0.56328125 0.0234375 0.01796875
0 0.42734375 0.5578125 0.025 0.01953125
0 0.4515625 0.55234375 0.021875 0.01875
0 0.4484375 0.56875 0.025 0.01796875
0 0.42421875 0.5765625 0.0296875 0.01796875
0 0.40234375 0.5796875 0.02421875 0.01796875
0 0.3796875 0.58515625 0.0296875 0.01953125
0 0.37578125 0.6015625 0.025 0.0203125
0 0.35234375 0.60390625 0.0234375 0.01875
0 0.39921875 0.596875 0.025 0.01875
0 0.421875 0.5921875 0.0265625 0.01953125
0 0.43984375 0.603125 0.025 0.0203125
0 0.41796875 0.6109375 0.0265625 0.01875
0 0.39296875 0.6140625 0.025 0.01796875
0 0.37265625 0.6171875 0.028125 0.01875
0 0.3421875 0.61953125 0.03125 0.02109375
0 0.32265625 0.6234375 0.028125 0.01953125
0 0.3640625 0.63203125 0.02421875 0.01875
0 0.38671875 0.6296875 0.0234375 0.02109375
0 0.4125 0.62578125 0.025 0.01953125
0 0.3390625 0.63671875 0.02734375 0.01875
0 0.315625 0.6390625 0.02421875 0.01640625
0 0.3296875 0.65234375 0.02734375 0.01875
0 0.3578125 0.64765625 0.025 0.0171875
0 0.3796875 0.646875 0.0265625 0.01875
0 0.37109375 0.6640625 0.0265625 0.01796875
0 0.346875 0.665625 0.025 0.01640625
0 0.30859375 0.65625 0.025 0.01953125
0 0.32421875 0.66953125 0.025 0.01875
0 0.2984375 0.6734375 0.0265625 0.01875
0 0.3359375 0.68359375 0.025 0.01875
0 0.359375 0.67890625 0.02421875 0.01875
0 0.31328125 0.68828125 0.02578125 0.01875
0 0.29140625 0.69296875 0.025 0.01875
0 0.3078125 0.703125 0.025 0.02109375
0 0.33203125 0.7 0.02734375 0.01875
0 0.340625 0.71484375 0.0296875 0.02109375
0 0.3546875 0.696875 0.0234375 0.0171875
0 0.37734375 0.6921875 0.0265625 0.01953125