0 0.28359375 0.63359375 0.02890625 0.0203125
0 0.2921875 0.61875 0.025 0.021875
0 0.3171875 0.61640625 0.0234375 0.021875
0 0.33671875 0.6078125 0.03046875 0.021875
0 0.33515625 0.62578125 0.02734375 0.0203125
0 0.359375 0.62890625 0.02890625 0.02265625
0 0.3234375 0.63828125 0.0265625 0.01953125
0 0.3453125 0.64609375 0.0328125 0.021875
0 0.3359375 0.6640625 0.03046875 0.0203125
2 0.23203125 0.60625 0.0296875 0.02265625
2 0.25390625 0.59609375 0.02578125 0.021875
2 0.27578125 0.58671875 0.02734375 0.0203125
2 0.275 0.6046875 0.02734375 0.01875
2 0.2578125 0.6171875 0.02578125 0.021875
2 0.2328125 0.62578125 0.03046875 0.0234375
2 0.2375 0.64453125 0.025 0.021875
2 0.25859375 0.6359375 0.025 0.0203125
2 0.26328125 0.6546875 0.02890625 0.021875
2 0.28515625 0.66640625 0.0265625 0.021875
2 0.26484375 0.675 0.025 0.02265625
2 0.2703125 0.690625 0.02578125 0.025
2 0.2875 0.6796875 0.025 0.025
2 0.290625 0.70234375 0.03203125 0.021875
2 0.30859375 0.6875 0.02265625 0.0234375
2 0.3328125 0.690625 0.0296875 0.02109375
2 0.31171875 0.66875 0.02734375 0.0234375
2 0.30078125 0.64921875 0.025 0.021875
2 0.30234375 0.59296875 0.025 0.02265625
2 0.325 0.5859375 0.03046875 0.0234375
2 0.34765625 0.5828125 0.02734375 0.02421875
2 0.37109375 0.5875 0.02421875 0.0234375
2 0.3640625 0.6078125 0.0265625 0.02265625
2 0.384375 0.6015625 0.0265625 0.0234375
2 0.40625 0.5921875 0.02578125 0.02265625
2 0.38515625 0.62265625 0.03046875 0.02109375
2 0.409375 0.609375 0.02734375 0.02265625
2 0.4046875 0.63046875 0.0296875 0.02265625
2 0.38515625 0.6421875 0.02890625 0.0203125
2 0.371875 0.66640625 0.03359375 0.021875
2 0.35390625 0.67890625 0.028125 0.02265625
2 0.39609375 0.65859375 0.03046875 0.01953125
2 0.45 0.55859375 0.03515625 0.025
2 0.484375 0.64375 0.034375 0.028125
2 0.44921875 0.6890625 0.034375 0.0234375
2 0.6234375 0.7625 0.03515625 0.021875