2 0.76171875 0.796875 0.03125 0.025
2 0.79609375 0.803125 0.034375 0.025
2 0.8359375 0.80078125 0.034375 0.028125
2 0.73125 0.7984375 0.0328125 0.025
2 0.528125 0.76796875 0.03125 0.025
2 0.46796875 0.76328125 0.028125 0.025
2 0.4109375 0.76796875 0.0296875 0.025
2 0.49609375 0.7671875 0.03125 0.025
2 0.6984375 0.7953125 0.0328125 0.0234375
2 0.63515625 0.78203125 0.03125 0.0234375
2 0.88046875 0.828125 0.034375 0.025
2 0.57578125 0.77421875 0.0296875 0.0234375
2 0.43984375 0.775 0.0296875 0.025
2 0.67890625 0.81171875 0.03125 0.021875
2 0.93125 0.85078125 0.0359375 0.025
2 0.60546875 0.77890625 0.03125 0.0234375
2 0.79453125 0.8359375 0.034375 0.025
2 0.42421875 0.7921875 0.03125 0.025
2 0.89453125 0.85078125 0.03125 0.025
2 0.54921875 0.78046875 0.0296875 0.025
2 0.846875 0.82421875 0.034375 0.025
2 0.65859375 0.79765625 0.03125 0.021875
2 0.80859375 0.8578125 0.0328125 0.025
2 0.90234375 0.87578125 0.034375 0.025
2 0.4375 0.81328125 0.0296875 0.0234375
2 0.74453125 0.81875 0.0328125 0.025
2 0.63828125 0.81484375 0.03125 0.0234375
2 0.69453125 0.83203125 0.03125 0.025
2 0.72890625 0.840625 0.03125 0.025
2 0.6578125 0.83125 0.03125 0.025
2 0.78984375 0.87265625 0.028125 0.01875
2 0.8609375 0.8484375 0.03125 0.025
2 0.81640625 0.81953125 0.0328125 0.0234375
2 0.71640625 0.81796875 0.03125 0.025
2 0.83125 0.84375 0.03125 0.025
2 0.621875 0.8328125 0.028125 0.021875
2 0.85546875 0.8859375 0.03125 0.021875
2 0.5875 0.8 0.03125 0.025
2 0.7796875 0.85546875 0.03125 0.0234375
2 0.76015625 0.84140625 0.03125 0.025
2 0.453125 0.7953125 0.03125 0.025
2 0.840625 0.86640625 0.0296875 0.0234375
2 0.77421875 0.8171875 0.028125 0.025
2 0.61796875 0.7984375 0.0328125 0.0265625
2 0.6015625 0.81953125 0.028125 0.025
2 0.56015625 0.8015625 0.03125 0.025
2 0.53125 0.80078125 0.0296875 0.025
2 0.51171875 0.78671875 0.03125 0.025
2 0.48125 0.78671875 0.03125 0.025
2 0.70546875 0.853125 0.028125 0.01875
2 0.87421875 0.8703125 0.03125 0.025