0 0.61328125 0.6859375 0.015625 0.01875
0 0.6234375 0.59140625 0.0140625 0.015625
0 0.615625 0.66953125 0.0140625 0.015625
0 0.62265625 0.69765625 0.015625 0.0203125
0 0.63125 0.70703125 0.0125 0.0171875
0 0.63359375 0.6921875 0.0125 0.0171875
0 0.64375 0.6859375 0.015625 0.015625
0 0.63671875 0.675 0.0125 0.015625
0 0.62578125 0.68125 0.0125 0.015625
0 0.628125 0.66484375 0.015625 0.015625
0 0.61640625 0.65546875 0.0125 0.0171875
0 0.6171875 0.63984375 0.0140625 0.01875
0 0.61953125 0.62265625 0.015625 0.015625
0 0.6203125 0.60859375 0.015625 0.01875
0 0.62890625 0.63359375 0.0140625 0.0171875
0 0.62890625 0.65078125 0.0125 0.01875
0 0.63828125 0.65859375 0.0140625 0.021875
0 0.646875 0.66796875 0.0140625 0.0171875
0 0.6484375 0.65390625 0.0140625 0.0203125
0 0.63828125 0.6421875 0.015625 0.0171875
0 0.65078125 0.63984375 0.015625 0.0203125
0 0.653125 0.621875 0.015625 0.021875
0 0.64140625 0.62734375 0.0171875 0.015625
0 0.63203125 0.6171875 0.0140625 0.01875
0 0.64296875 0.61171875 0.015625 0.01875
0 0.63046875 0.603125 0.015625 0.01875
0 0.64375 0.59921875 0.01875 0.0203125
0 0.634375 0.5875 0.015625 0.01875
0 0.640625 0.57265625 0.015625 0.021875
0 0.64921875 0.58359375 0.0125 0.0171875
2 0.5890625 0.6859375 0.015625 0.01875
2 0.59921875 0.69765625 0.01875 0.021875
2 0.60859375 0.709375 0.015625 0.021875
2 0.615625 0.72265625 0.0140625 0.021875
2 0.628125 0.7171875 0.0125 0.0171875
2 0.6484375 0.7234375 0.0140625 0.0203125
2 0.64921875 0.70703125 0.015625 0.01875
2 0.66328125 0.63046875 0.0171875 0.01875
2 0.66640625 0.61484375 0.0171875 0.01875
2 0.6578125 0.6015625 0.0125 0.01875
2 0.66953125 0.59765625 0.0171875 0.01875
2 0.66875 0.58046875 0.0171875 0.0203125
2 0.671875 0.56640625 0.015625 0.01875
2 0.6609375 0.56953125 0.0125 0.01875
2 0.64921875 0.5609375 0.0125 0.015625
2 0.6609375 0.55625 0.0140625 0.01875
2 0.671875 0.55 0.0171875 0.01875
2 0.6625 0.5390625 0.0125 0.01875
2 0.67265625 0.53125 0.01875 0.01875
2 0.6640625 0.51953125 0.0125 0.01875
2 0.67421875 0.5171875 0.015625 0.01875
2 0.6765625 0.503125 0.0171875 0.01875
2 0.6796875 0.4859375 0.015625 0.021875
2 0.6671875 0.4890625 0.0125 0.015625
2 0.66484375 0.503125 0.0125 0.021875
2 0.65390625 0.5109375 0.0125 0.01875
2 0.65546875 0.49375 0.015625 0.0203125
2 0.64453125 0.5 0.015625 0.01875
2 0.63359375 0.51015625 0.0140625 0.021875
2 0.63359375 0.52421875 0.0140625 0.021875
2 0.64296875 0.5171875 0.015625 0.021875
2 0.653125 0.5265625 0.0125 0.025
2 0.64453125 0.5328125 0.015625 0.021875
2 0.65234375 0.54609375 0.0125 0.01875
2 0.63984375 0.55 0.015625 0.01875
2 0.63046875 0.5390625 0.0125 0.0171875
2 0.6296875 0.553125 0.0140625 0.021875
2 0.62734375 0.56796875 0.0125 0.01875
2 0.61484375 0.571875 0.0171875 0.021875
2 0.61640625 0.5578125 0.015625 0.021875
2 0.603125 0.57734375 0.015625 0.0203125
2 0.603125 0.59296875 0.015625 0.015625
2 0.60546875 0.63515625 0.015625 0.015625
2 0.60859375 0.6203125 0.0140625 0.01875
2 0.60234375 0.6671875 0.0140625 0.021875
2 0.6046875 0.65 0.01875 0.021875
2 0.6015625 0.68359375 0.015625 0.01875