2 0.50234375 0.5640625 0.0265625 0.03125
2 0.51484375 0.54140625 0.021875 0.03125
2 0.5234375 0.57265625 0.021875 0.0328125
2 0.5109375 0.51328125 0.025 0.03125
2 0.53203125 0.52109375 0.0234375 0.03125
2 0.5359375 0.54921875 0.025 0.034375
2 0.553125 0.57109375 0.025 0.03125
2 0.55390625 0.53203125 0.0234375 0.03125
2 0.57109375 0.55234375 0.0234375 0.03125
2 0.52421875 0.4890625 0.025 0.03125
2 0.54453125 0.4984375 0.025 0.0296875
2 0.565625 0.509375 0.021875 0.028125
2 0.58203125 0.5265625 0.021875 0.028125
2 0.5984375 0.54609375 0.021875 0.03125
2 0.575 0.484375 0.021875 0.03125
2 0.55546875 0.47265625 0.025 0.03125
2 0.53515625 0.465625 0.025 0.03125
2 0.590625 0.50390625 0.021875 0.028125
2 0.60859375 0.51953125 0.021875 0.0296875
2 0.54375 0.44140625 0.021875 0.0296875
2 0.565625 0.4484375 0.0234375 0.028125
2 0.58359375 0.4640625 0.025 0.0328125
2 0.6015625 0.48125 0.021875 0.03125
2 0.6203125 0.49921875 0.0234375 0.028125
2 0.63828125 0.5125 0.0203125 0.028125
2 0.62890625 0.53515625 0.021875 0.03125
2 0.66015625 0.5140625 0.0234375 0.03125
2 0.5484375 0.41328125 0.021875 0.0328125
2 0.5703125 0.4203125 0.021875 0.03125
2 0.58671875 0.4359375 0.0203125 0.028125
2 0.60390625 0.4546875 0.0234375 0.03125
2 0.6203125 0.46875 0.021875 0.03125
2 0.6390625 0.48203125 0.021875 0.03125
2 0.66015625 0.484375 0.0234375 0.03125
2 0.67890625 0.49375 0.021875 0.03125
2 0.55078125 0.38125 0.0234375 0.03125
2 0.571875 0.390625 0.021875 0.028125
2 0.58828125 0.40546875 0.021875 0.028125
2 0.60546875 0.4234375 0.021875 0.03125
2 0.621875 0.43828125 0.021875 0.03125
2 0.64140625 0.453125 0.021875 0.0265625
2 0.66171875 0.4546875 0.021875 0.03125
2 0.68125 0.46328125 0.021875 0.03125
2 0.7 0.47734375 0.021875 0.03125
2 0.58125 0.36171875 0.0234375 0.03125
2 0.59609375 0.37734375 0.01875 0.03125
2 0.6125 0.4 0.0203125 0.028125
2 0.62890625 0.41796875 0.01875 0.025
2 0.646875 0.42578125 0.021875 0.028125
2 0.6671875 0.42890625 0.021875 0.028125
2 0.709375 0.43359375 0.01875 0.03125
2 0.6890625 0.43515625 0.0234375 0.03125
2 0.59921875 0.34921875 0.0234375 0.034375
2 0.6171875 0.36796875 0.021875 0.040625
2 0.6328125 0.3875 0.021875 0.03125
2 0.6515625 0.40078125 0.021875 0.03125
2 0.62734375 0.34375 0.0203125 0.03125
2 0.6109375 0.3265625 0.0234375 0.0328125
2 0.63203125 0.3140625 0.0234375 0.03125
2 0.646875 0.33515625 0.01875 0.0265625
2 0.63984375 0.36171875 0.021875 0.0296875
2 0.659375 0.371875 0.0203125 0.028125
2 0.671875 0.3984375 0.01875 0.0296875
2 0.69296875 0.4015625 0.021875 0.03125
2 0.6796875 0.36875 0.021875 0.034375
2 0.7015625 0.375 0.0234375 0.03125
2 0.66640625 0.346875 0.0234375 0.028125
2 0.65390625 0.30625 0.0203125 0.0375
2 0.671875 0.3171875 0.0234375 0.03125
2 0.6828125 0.29140625 0.025 0.03125
2 0.69609375 0.31171875 0.021875 0.0328125
2 0.68671875 0.33828125 0.021875 0.028125