2 0.5046875 0.72734375 0.04609375 0.02578125
2 0.5140625 0.69921875 0.04140625 0.03359375
2 0.47109375 0.6515625 0.0421875 0.02734375
2 0.49375 0.6671875 0.034375 0.02421875
2 0.52578125 0.67265625 0.03203125 0.025
2 0.5578125 0.68359375 0.0359375 0.02578125
2 0.51171875 0.64296875 0.0296875 0.0296875
2 0.54921875 0.64921875 0.0421875 0.0234375
2 0.48671875 0.62578125 0.04375 0.028125
2 0.49296875 0.59296875 0.04140625 0.028125
2 0.46171875 0.58125 0.04765625 0.02890625
2 0.521875 0.5828125 0.03828125 0.0296875
2 0.56171875 0.5921875 0.04609375 0.02734375
2 0.55390625 0.57265625 0.04375 0.025
2 0.5296875 0.5546875 0.03984375 0.025
2 0.49296875 0.5609375 0.0453125 0.03203125
2 0.50390625 0.53359375 0.04140625 0.028125
2 0.415625 0.56640625 0.03984375 0.025
2 0.365625 0.5609375 0.05 0.02421875
2 0.36953125 0.54140625 0.0375 0.015625
2 0.4390625 0.5484375 0.04140625 0.02734375
0 0.53515625 0.6265625 0.0375 0.03359375
0 0.4390625 0.52578125 0.0453125 0.034375