2 0.64921875 0.50234375 0.03125 0.0234375
2 0.715625 0.50703125 0.0375 0.025
2 0.740625 0.51640625 0.03125 0.025
2 0.7703125 0.51328125 0.0390625 0.028125
2 0.7953125 0.528125 0.0359375 0.021875
2 0.82578125 0.53125 0.0328125 0.0234375
2 0.9078125 0.5734375 0.040625 0.025
2 0.9265625 0.59609375 0.0359375 0.025
2 0.93515625 0.61953125 0.0375 0.0234375
2 0.94375 0.64765625 0.0453125 0.028125
2 0.90390625 0.66640625 0.0359375 0.028125
2 0.89765625 0.690625 0.0328125 0.028125
2 0.871875 0.68046875 0.034375 0.0203125
2 0.86875 0.70390625 0.0359375 0.025
2 0.8453125 0.72421875 0.034375 0.0296875
2 0.8171875 0.7140625 0.034375 0.025
2 0.79609375 0.73125 0.0328125 0.025
2 0.78046875 0.71171875 0.034375 0.01875
2 0.7640625 0.73359375 0.0375 0.028125
2 0.7171875 0.71171875 0.0375 0.025
2 0.68828125 0.7125 0.028125 0.0234375
2 0.6578125 0.72109375 0.034375 0.0234375
2 0.63203125 0.7171875 0.0375 0.028125
2 0.60546875 0.70703125 0.034375 0.021875
2 0.58125 0.7171875 0.0359375 0.025
2 0.56875 0.7 0.0390625 0.021875
2 0.5484375 0.71796875 0.034375 0.028125
2 0.51796875 0.71015625 0.040625 0.028125
2 0.50625 0.68828125 0.034375 0.0234375
2 0.48671875 0.70625 0.034375 0.0265625
2 0.46953125 0.68828125 0.0328125 0.021875
2 0.43984375 0.6859375 0.0359375 0.025
2 0.4125 0.690625 0.034375 0.0265625
2 0.38125 0.68984375 0.034375 0.0265625
2 0.3671875 0.66484375 0.03125 0.025
2 0.34609375 0.6828125 0.0375 0.028125
2 0.31796875 0.68046875 0.0328125 0.028125
2 0.3078125 0.659375 0.03125 0.025
2 0.284375 0.678125 0.0375 0.03125
2 0.27265625 0.65625 0.034375 0.0265625
2 0.24375 0.675 0.034375 0.0234375
2 0.2359375 0.653125 0.03125 0.0234375
2 0.20390625 0.653125 0.0421875 0.028125
2 0.22421875 0.63359375 0.034375 0.025
2 0.21484375 0.6140625 0.0375 0.0265625
2 0.2046875 0.59296875 0.0375 0.025
2 0.228125 0.57421875 0.034375 0.025
2 0.24921875 0.55703125 0.028125 0.01875
2 0.26484375 0.5375 0.034375 0.0265625
2 0.23671875 0.534375 0.0328125 0.028125
2 0.25546875 0.51484375 0.034375 0.028125
2 0.2265625 0.509375 0.0375 0.03125
2 0.28203125 0.51328125 0.034375 0.025
2 0.31640625 0.515625 0.0375 0.025
2 0.2921875 0.5390625 0.0328125 0.025
2 0.3234375 0.54140625 0.0328125 0.021875
2 0.340625 0.521875 0.034375 0.025
2 0.3671875 0.5234375 0.034375 0.0265625
2 0.3984375 0.52421875 0.0328125 0.0265625
2 0.42421875 0.5234375 0.034375 0.0234375
2 0.44921875 0.5140625 0.034375 0.028125
2 0.48046875 0.51328125 0.0328125 0.0265625
2 0.50703125 0.50625 0.0359375 0.0265625
2 0.53828125 0.50546875 0.03125 0.025
2 0.5875 0.5046875 0.03125 0.028125
2 0.61953125 0.50546875 0.0328125 0.0234375
2 0.68828125 0.51015625 0.03125 0.028125
2 0.659375 0.52265625 0.03125 0.0234375
2 0.5484375 0.52578125 0.0296875 0.025
2 0.5671875 0.50390625 0.040625 0.028125
2 0.54140625 0.6875 0.028125 0.0234375
0 0.8609375 0.57578125 0.0375 0.0234375
0 0.8796875 0.596875 0.0359375 0.0234375
0 0.89453125 0.61796875 0.034375 0.028125
0 0.871875 0.63125 0.0359375 0.025
0 0.865625 0.66015625 0.0359375 0.028125
0 0.83828125 0.67109375 0.034375 0.028125
0 0.84453125 0.5921875 0.034375 0.025
0 0.8390625 0.559375 0.034375 0.025
0 0.8078125 0.553125 0.0375 0.0234375
0 0.7796875 0.54453125 0.03125 0.0234375
0 0.81875 0.57578125 0.0359375 0.025
0 0.80546875 0.596875 0.0375 0.025
0 0.82578125 0.61484375 0.0375 0.025
0 0.85546875 0.61484375 0.0296875 0.025
0 0.8390625 0.634375 0.034375 0.0265625
0 0.8203125 0.65078125 0.034375 0.025
0 0.81015625 0.62890625 0.034375 0.025
0 0.78828125 0.61171875 0.0328125 0.0234375
0 0.7734375 0.63203125 0.0375 0.025
0 0.7921875 0.65078125 0.0375 0.0265625
0 0.8078125 0.67265625 0.0375 0.0265625
0 0.82265625 0.69375 0.0359375 0.028125
0 0.78671875 0.68984375 0.0375 0.028125
0 0.77109375 0.6703125 0.034375 0.025
0 0.7484375 0.6828125 0.0375 0.0265625
0 0.753125 0.653125 0.0328125 0.025
0 0.73984375 0.6296875 0.034375 0.021875
0 0.75625 0.61328125 0.0375 0.028125
0 0.771875 0.59453125 0.034375 0.0234375
0 0.78828125 0.575 0.034375 0.028125
0 0.759375 0.5703125 0.0375 0.028125
0 0.74765625 0.5453125 0.0359375 0.025
0 0.72265625 0.540625 0.0328125 0.025
0 0.69453125 0.5421875 0.0375 0.025
0 0.73359375 0.5640625 0.034375 0.025
0 0.7046875 0.56328125 0.03125 0.0265625
0 0.678125 0.559375 0.0375 0.025
0 0.74453125 0.5890625 0.0375 0.025
0 0.72890625 0.6078125 0.034375 0.025
0 0.7171875 0.584375 0.0375 0.025
0 0.6890625 0.58125 0.034375 0.025
0 0.6609375 0.5796875 0.034375 0.028125
0 0.6984375 0.60546875 0.0359375 0.025
0 0.69375 0.62734375 0.0359375 0.025
0 0.715625 0.64296875 0.0359375 0.025
0 0.728125 0.6640625 0.03125 0.021875
0 0.709375 0.68046875 0.034375 0.0234375
0 0.69609375 0.659375 0.03125 0.0234375
0 0.67578125 0.64765625 0.0359375 0.021875
0 0.6671875 0.625 0.0390625 0.025
0 0.67109375 0.60390625 0.034375 0.0265625
0 0.65078125 0.5578125 0.0390625 0.028125
0 0.61953125 0.565625 0.034375 0.028125
0 0.63359375 0.5828125 0.0390625 0.025
0 0.6453125 0.6046875 0.0328125 0.0234375
0 0.63359375 0.62421875 0.034375 0.0265625
0 0.64609375 0.64609375 0.0375 0.0234375
0 0.65859375 0.66640625 0.0375 0.028125
0 0.6796875 0.6796875 0.034375 0.0234375
0 0.66328125 0.6984375 0.0390625 0.0234375
0 0.640625 0.684375 0.0328125 0.028125
0 0.628125 0.66171875 0.028125 0.028125
0 0.61171875 0.67890625 0.0375 0.0265625
0 0.5953125 0.6625 0.0359375 0.0234375
0 0.6125 0.64453125 0.034375 0.0234375
0 0.60234375 0.62265625 0.034375 0.0265625
0 0.61796875 0.6046875 0.034375 0.0265625
0 0.603125 0.58359375 0.034375 0.025
0 0.6203125 0.54140625 0.0328125 0.0296875
0 0.59375 0.534375 0.0359375 0.028125
0 0.57109375 0.54765625 0.034375 0.028125
0 0.59375 0.5640625 0.0359375 0.025
0 0.57578125 0.5828125 0.034375 0.0265625
0 0.55234375 0.5734375 0.034375 0.0265625
0 0.525 0.5609375 0.034375 0.028125
0 0.51328125 0.53984375 0.03125 0.0234375
0 0.48515625 0.53984375 0.034375 0.025
0 0.49609375 0.559375 0.034375 0.025
0 0.5109375 0.5796875 0.040625 0.025
0 0.53359375 0.59296875 0.0359375 0.0234375
0 0.559375 0.60078125 0.0359375 0.021875
0 0.5875 0.60390625 0.034375 0.0234375
0 0.56953125 0.62109375 0.034375 0.025
0 0.53828125 0.6171875 0.034375 0.025
0 0.51484375 0.6109375 0.0375 0.025
0 0.58046875 0.64140625 0.0375 0.0265625
0 0.55078125 0.6390625 0.0359375 0.028125
0 0.56640625 0.6609375 0.034375 0.025
0 0.57734375 0.678125 0.040625 0.028125
0 0.5296875 0.65859375 0.0375 0.025
0 0.52265625 0.63359375 0.034375 0.025
0 0.4921875 0.63515625 0.0375 0.028125
0 0.48984375 0.59765625 0.03125 0.025
0 0.4765625 0.5765625 0.03125 0.0234375
0 0.46328125 0.55625 0.0328125 0.0234375
0 0.4484375 0.53515625 0.0359375 0.021875
0 0.43359375 0.5578125 0.03125 0.025
0 0.40703125 0.55390625 0.0375 0.028125
0 0.45078125 0.57578125 0.034375 0.021875
0 0.46015625 0.59609375 0.028125 0.021875
0 0.47265625 0.6171875 0.028125 0.025
0 0.4546875 0.634375 0.0375 0.028125
0 0.4734375 0.65390625 0.034375 0.028125
0 0.50703125 0.65546875 0.0328125 0.0234375
0 0.49140625 0.67109375 0.03125 0.021875
0 0.42734375 0.63671875 0.0328125 0.028125
0 0.4109375 0.659375 0.0375 0.0328125
0 0.39765625 0.6359375 0.03125 0.025
0 0.44609375 0.615625 0.034375 0.028125
0 0.43515625 0.59296875 0.03125 0.025
0 0.41875 0.575 0.0296875 0.0265625
0 0.39296875 0.57265625 0.034375 0.0234375
0 0.40390625 0.59453125 0.034375 0.0265625
0 0.41875 0.6140625 0.0359375 0.028125
0 0.38671875 0.6125 0.0359375 0.0265625
0 0.37265625 0.59375 0.034375 0.0234375
0 0.3671875 0.57265625 0.0375 0.025
0 0.36015625 0.54921875 0.0375 0.0234375
0 0.33984375 0.565625 0.03125 0.025
0 0.34609375 0.59140625 0.034375 0.021875
0 0.35234375 0.61171875 0.034375 0.0265625
0 0.36640625 0.63515625 0.0375 0.025
0 0.34140625 0.64921875 0.040625 0.025
0 0.3234375 0.628125 0.0375 0.0265625
0 0.31796875 0.60703125 0.040625 0.0265625
0 0.3125 0.58359375 0.0375 0.025
0 0.29453125 0.5671875 0.0375 0.028125
0 0.27578125 0.5828125 0.040625 0.0296875
0 0.29296875 0.6 0.0390625 0.0265625
0 0.253125 0.60078125 0.0375 0.0265625
0 0.26640625 0.61875 0.040625 0.028125
0 0.29375 0.621875 0.0375 0.028125