0 0.25 0.4875 0.0171875 0.025
0 0.2640625 0.50390625 0.01875 0.025
0 0.25859375 0.46328125 0.0203125 0.028125
0 0.26640625 0.48359375 0.015625 0.025
0 0.2765625 0.51796875 0.015625 0.025
0 0.29140625 0.50859375 0.0140625 0.025
0 0.27890625 0.49921875 0.01875 0.021875
0 0.2859375 0.4796875 0.015625 0.021875
0 0.27734375 0.47421875 0.015625 0.021875
0 0.2734375 0.46015625 0.01875 0.025
0 0.2890625 0.45703125 0.01875 0.028125
0 0.30390625 0.4671875 0.0140625 0.025
0 0.29609375 0.48984375 0.0140625 0.025
0 0.30078125 0.51953125 0.01875 0.028125
0 0.3078125 0.50390625 0.015625 0.021875
0 0.3125 0.4828125 0.0171875 0.025
0 0.31953125 0.46484375 0.015625 0.025
0 0.309375 0.4484375 0.01875 0.025
0 0.31640625 0.43125 0.015625 0.0234375
0 0.328125 0.4453125 0.015625 0.021875
0 0.33515625 0.428125 0.015625 0.021875
0 0.32890625 0.48125 0.01875 0.025
0 0.3375 0.46328125 0.01875 0.028125
0 0.31875 0.521875 0.01875 0.0234375
0 0.32421875 0.50078125 0.015625 0.021875
0 0.33671875 0.51640625 0.015625 0.025
0 0.340625 0.49375 0.01875 0.0234375
0 0.68359375 0.425 0.0171875 0.025
0 0.675 0.4390625 0.01875 0.0234375
0 0.67578125 0.4046875 0.01875 0.028125
0 0.665625 0.42109375 0.015625 0.0234375
0 0.65703125 0.4015625 0.01875 0.025
0 0.65625 0.4359375 0.01875 0.028125
0 0.64609375 0.41796875 0.01875 0.025
0 0.64765625 0.45703125 0.01875 0.025
0 0.63984375 0.4375 0.015625 0.0234375
0 0.63046875 0.45703125 0.01875 0.025
0 0.62265625 0.4390625 0.015625 0.025
0 0.63125 0.41953125 0.015625 0.0234375
0 0.6359375 0.4 0.01875 0.0234375
0 0.62421875 0.47890625 0.01875 0.0234375
0 0.61640625 0.459375 0.01875 0.0234375
0 0.60859375 0.47890625 0.0171875 0.025
0 0.59296875 0.47890625 0.01875 0.025
0 0.57890625 0.4796875 0.0171875 0.025
0 0.56171875 0.4796875 0.021875 0.0203125
0 0.603125 0.459375 0.021875 0.021875
0 0.58359375 0.4609375 0.01875 0.0234375
0 0.5671875 0.46171875 0.01875 0.021875
0 0.6078125 0.44140625 0.01875 0.0265625
0 0.590625 0.4421875 0.01875 0.021875
0 0.57578125 0.4421875 0.01875 0.025
0 0.6140625 0.42265625 0.015625 0.021875
0 0.6 0.425 0.01875 0.025
0 0.5828125 0.425 0.01875 0.0234375
0 0.56640625 0.4265625 0.01875 0.0234375
0 0.61953125 0.4 0.01875 0.0234375
0 0.60390625 0.40234375 0.01875 0.025
0 0.58828125 0.40234375 0.015625 0.0234375
0 0.5734375 0.403125 0.01875 0.025
0 0.5578125 0.4046875 0.01875 0.028125
0 0.55234375 0.49921875 0.01875 0.0234375
0 0.5359375 0.4984375 0.015625 0.025
0 0.54765625 0.47734375 0.0171875 0.021875
0 0.55234375 0.4609375 0.01875 0.021875
0 0.546875 0.43984375 0.01875 0.025
0 0.5625 0.44296875 0.015625 0.025
0 0.5515625 0.425 0.01875 0.021875
0 0.54375 0.40625 0.01875 0.025
0 0.528125 0.4421875 0.01875 0.021875
0 0.52421875 0.46171875 0.0203125 0.028125
0 0.5375 0.4609375 0.015625 0.0234375
0 0.52890625 0.48046875 0.0171875 0.021875
0 0.534375 0.42578125 0.01875 0.0234375
0 0.52578125 0.4046875 0.01875 0.025
0 0.51875 0.4265625 0.0171875 0.0234375
0 0.509375 0.40703125 0.01875 0.025
0 0.51484375 0.48671875 0.01875 0.0265625
0 0.50546875 0.46640625 0.0171875 0.0234375
0 0.5125 0.44375 0.01875 0.021875
0 0.496875 0.44609375 0.015625 0.0234375
0 0.50390625 0.4296875 0.0171875 0.025
0 0.5 0.48671875 0.01875 0.025
0 0.49140625 0.46796875 0.015625 0.0234375
0 0.48359375 0.48828125 0.0171875 0.0203125
0 0.49375 0.409375 0.0171875 0.0234375
0 0.4890625 0.4328125 0.015625 0.021875
0 0.4765625 0.46953125 0.0171875 0.0234375
0 0.4828125 0.44921875 0.01875 0.021875
0 0.4734375 0.43125 0.01875 0.021875
0 0.478125 0.4109375 0.015625 0.0265625
0 0.46875 0.48984375 0.015625 0.025
0 0.46171875 0.46953125 0.01875 0.0234375
0 0.4671875 0.45078125 0.01875 0.021875
0 0.4578125 0.43125 0.0171875 0.025
0 0.4640625 0.41171875 0.015625 0.021875
0 0.4515625 0.45234375 0.015625 0.0234375
0 0.45390625 0.4921875 0.0171875 0.025
0 0.4453125 0.47265625 0.015625 0.021875
0 0.4421875 0.43359375 0.015625 0.021875
0 0.44921875 0.41328125 0.015625 0.025
0 0.4328125 0.415625 0.0171875 0.025
0 0.4375 0.4546875 0.015625 0.021875
0 0.43828125 0.4921875 0.01875 0.025
0 0.43046875 0.4734375 0.01875 0.0234375
0 0.42109375 0.4546875 0.0171875 0.0203125
0 0.428125 0.43515625 0.015625 0.01875
0 0.42265625 0.49296875 0.01875 0.025
0 0.415625 0.475 0.015625 0.01875
0 0.41171875 0.43828125 0.01875 0.0203125
0 0.41796875 0.41875 0.01875 0.021875
0 0.4046875 0.459375 0.015625 0.0234375
0 0.40703125 0.49453125 0.015625 0.0234375
0 0.4 0.475 0.015625 0.0203125
0 0.39921875 0.50859375 0.0203125 0.03125
0 0.38984375 0.49453125 0.015625 0.01875
0 0.38125 0.47734375 0.01875 0.0234375
0 0.38984375 0.459375 0.01875 0.025
0 0.3984375 0.4390625 0.0171875 0.021875
0 0.403125 0.41953125 0.01875 0.021875
0 0.3859375 0.42265625 0.015625 0.025
0 0.3796875 0.440625 0.015625 0.021875
0 0.38203125 0.5140625 0.01875 0.025
0 0.37421875 0.49453125 0.015625 0.021875
0 0.3640625 0.4765625 0.0171875 0.025
0 0.375 0.459375 0.01875 0.021875
0 0.365625 0.44296875 0.0171875 0.025
0 0.3703125 0.421875 0.01875 0.025
0 0.35390625 0.42578125 0.015625 0.025
0 0.346875 0.44296875 0.0171875 0.025
0 0.35546875 0.46015625 0.01875 0.025
0 0.35625 0.49609375 0.015625 0.021875
0 0.34921875 0.47734375 0.0171875 0.025
0 0.365625 0.51171875 0.01875 0.0234375
0 0.34921875 0.51328125 0.015625 0.0234375
2 0.76640625 0.35546875 0.021875 0.025
2 0.76484375 0.3828125 0.0234375 0.025
2 0.7640625 0.403125 0.021875 0.025
2 0.76015625 0.425 0.021875 0.028125
2 0.75234375 0.44453125 0.01875 0.025
2 0.74375 0.46796875 0.021875 0.025
2 0.73515625 0.44609375 0.01875 0.0234375
2 0.740625 0.42734375 0.01875 0.025
2 0.746875 0.40859375 0.01875 0.021875
2 0.7484375 0.38828125 0.01875 0.025
2 0.75 0.36328125 0.01875 0.025
2 0.73515625 0.37109375 0.01875 0.025
2 0.73359375 0.3953125 0.015625 0.0265625
2 0.73046875 0.4140625 0.0171875 0.0234375
2 0.72421875 0.43203125 0.01875 0.025
2 0.72578125 0.465625 0.01875 0.028125
2 0.71640625 0.44765625 0.01875 0.025
2 0.70546875 0.4359375 0.01875 0.0234375
2 0.71328125 0.41796875 0.015625 0.021875
2 0.71875 0.39765625 0.01875 0.021875
2 0.7203125 0.3765625 0.01875 0.025
2 0.70625 0.38515625 0.0171875 0.028125
2 0.70234375 0.40234375 0.0203125 0.025
2 0.690625 0.3859375 0.015625 0.025
2 0.6953125 0.41953125 0.0171875 0.0234375
2 0.70546875 0.4671875 0.021875 0.025
2 0.6953125 0.4515625 0.01875 0.0234375
2 0.6953125 0.4828125 0.01875 0.025
2 0.684375 0.4671875 0.015625 0.028125
2 0.67734375 0.4875 0.01875 0.025
2 0.6703125 0.4703125 0.01875 0.025
2 0.66171875 0.48984375 0.0171875 0.025
2 0.6515625 0.4734375 0.0171875 0.0203125
2 0.64375 0.49296875 0.01875 0.025
2 0.67421875 0.38671875 0.01875 0.0234375
2 0.65546875 0.384375 0.021875 0.0234375
2 0.6265625 0.496875 0.0171875 0.0203125
2 0.61796875 0.515625 0.021875 0.028125
2 0.6109375 0.4953125 0.01875 0.021875
2 0.60078125 0.51328125 0.01875 0.025
2 0.59375 0.49609375 0.015625 0.021875
2 0.63828125 0.384375 0.021875 0.021875
2 0.61953125 0.384375 0.0203125 0.021875
2 0.60390625 0.3859375 0.021875 0.025
2 0.58828125 0.38671875 0.01875 0.021875
2 0.57265625 0.38671875 0.01875 0.021875
2 0.55703125 0.3890625 0.0203125 0.021875
2 0.584375 0.51328125 0.01875 0.025
2 0.56953125 0.5109375 0.0171875 0.021875
2 0.55546875 0.51875 0.01875 0.0234375
2 0.53984375 0.5203125 0.01875 0.021875
2 0.53984375 0.3890625 0.01875 0.021875
2 0.5234375 0.51953125 0.01875 0.021875
2 0.5234375 0.3875 0.0203125 0.01875
2 0.51796875 0.5015625 0.01875 0.021875
2 0.5078125 0.51796875 0.01875 0.0265625
2 0.4921875 0.521875 0.01875 0.025
2 0.5078125 0.3890625 0.0171875 0.021875
2 0.49296875 0.3890625 0.0203125 0.0234375
2 0.49140625 0.50390625 0.01875 0.021875
2 0.47734375 0.52265625 0.01875 0.0234375
2 0.4765625 0.38984375 0.021875 0.025
2 0.4609375 0.39140625 0.01875 0.0296875
2 0.4609375 0.5265625 0.01875 0.025
2 0.44609375 0.521875 0.01875 0.021875
2 0.44375 0.39140625 0.01875 0.025
2 0.43203125 0.52578125 0.01875 0.025
2 0.42734375 0.39296875 0.01875 0.025
2 0.4125 0.39609375 0.015625 0.0265625
2 0.41484375 0.52890625 0.021875 0.025
2 0.3984375 0.53125 0.01875 0.021875
2 0.396875 0.39765625 0.021875 0.025
2 0.3796875 0.39921875 0.01875 0.025
2 0.36328125 0.4 0.01875 0.028125
2 0.346875 0.4015625 0.01875 0.028125
2 0.33125 0.40625 0.021875 0.03125
2 0.31328125 0.4109375 0.021875 0.028125
2 0.3828125 0.53203125 0.015625 0.021875
2 0.3671875 0.534375 0.01875 0.025
2 0.35 0.53515625 0.01875 0.025
2 0.33359375 0.5375 0.01875 0.028125
2 0.31953125 0.5421875 0.015625 0.0265625
2 0.3046875 0.5453125 0.01875 0.028125
2 0.2890625 0.54765625 0.0203125 0.028125
2 0.30390625 0.43046875 0.015625 0.021875
2 0.28984375 0.43125 0.015625 0.0265625
2 0.275 0.43359375 0.0203125 0.025
2 0.2640625 0.53984375 0.01875 0.025
2 0.259375 0.43515625 0.01875 0.0265625
2 0.24140625 0.4375 0.0203125 0.0296875
2 0.2359375 0.459375 0.01875 0.028125
2 0.22265625 0.46953125 0.021875 0.0296875
2 0.2328125 0.48828125 0.01875 0.025
2 0.24296875 0.5046875 0.01875 0.028125
2 0.25078125 0.52109375 0.0203125 0.025