1 0.6984375 0.33515625 0.025 0.03125
1 0.7265625 0.32265625 0.025 0.034375
1 0.56953125 0.39765625 0.025 0.03125
0 0.5453125 0.421875 0.028125 0.0328125
0 0.54765625 0.3765625 0.025 0.034375
0 0.559375 0.35234375 0.025 0.03125
0 0.57578125 0.2875 0.025 0.0359375
0 0.58359375 0.3453125 0.025 0.03125
0 0.58359375 0.3734375 0.021875 0.03125
0 0.6015625 0.35859375 0.0234375 0.034375
0 0.61015625 0.3265625 0.025 0.034375
0 0.62265625 0.34140625 0.025 0.0296875
0 0.640625 0.35625 0.0234375 0.0265625
0 0.63671875 0.3828125 0.028125 0.034375
0 0.6203125 0.36875 0.021875 0.0296875
0 0.61640625 0.39296875 0.0203125 0.034375
0 0.63046875 0.40546875 0.025 0.034375
0 0.5984375 0.38828125 0.025 0.0375
0 0.64609375 0.33359375 0.0234375 0.0328125
0 0.6640625 0.3421875 0.025 0.034375
0 0.6796875 0.359375 0.025 0.03125
0 0.6640625 0.30703125 0.028125 0.0359375
0 0.6765625 0.3265625 0.021875 0.034375
0 0.68125 0.29140625 0.025 0.034375
0 0.7015625 0.2859375 0.025 0.034375
0 0.69375 0.31328125 0.025 0.028125
0 0.71484375 0.3078125 0.028125 0.03125
0 0.725 0.2765625 0.021875 0.0375
0 0.740625 0.29609375 0.025 0.0328125
0 0.71328125 0.359375 0.028125 0.03125
2 0.72421875 0.234375 0.0328125 0.034375
2 0.7375 0.25 0.025 0.03125
2 0.7578125 0.2484375 0.025 0.034375
2 0.7578125 0.27265625 0.025 0.0359375
2 0.77734375 0.26484375 0.025 0.034375
2 0.79609375 0.259375 0.025 0.0359375
2 0.790625 0.28671875 0.028125 0.0375
2 0.7734375 0.29921875 0.025 0.034375
2 0.69609375 0.24921875 0.03125 0.0359375
2 0.671875 0.2578125 0.028125 0.0359375
2 0.65546875 0.2671875 0.028125 0.0375
2 0.63515625 0.27421875 0.028125 0.04375
2 0.6140625 0.275 0.028125 0.0375
2 0.61171875 0.23984375 0.0265625 0.034375
2 0.59921875 0.21953125 0.028125 0.0359375
2 0.5828125 0.23359375 0.025 0.034375
2 0.596875 0.25703125 0.025 0.0359375
2 0.58125 0.26875 0.028125 0.03125
2 0.6046875 0.296875 0.025 0.0265625
2 0.6265625 0.30390625 0.025 0.0328125
2 0.68046875 0.38359375 0.025 0.03125
2 0.7015625 0.38828125 0.0265625 0.0375
2 0.653125 0.3859375 0.0265625 0.034375
2 0.65 0.4109375 0.028125 0.0375
2 0.64609375 0.4390625 0.028125 0.034375
2 0.61796875 0.428125 0.025 0.034375
2 0.60078125 0.4109375 0.021875 0.0359375
2 0.56953125 0.5046875 0.028125 0.0375
2 0.559375 0.4578125 0.028125 0.0375
2 0.5171875 0.3953125 0.0265625 0.0375
2 0.53671875 0.34609375 0.028125 0.0375
2 0.5296875 0.3734375 0.0234375 0.0328125
2 0.54609375 0.31796875 0.025 0.0296875
2 0.5640625 0.3125 0.025 0.0328125
2 0.57734375 0.3296875 0.0203125 0.034375
2 0.540625 0.28984375 0.025 0.034375
2 0.55703125 0.27265625 0.025 0.0375
2 0.54140625 0.2578125 0.025 0.0375
2 0.56484375 0.24765625 0.025 0.0375