2 0.54140625 0.72109375 0.0375 0.0421875
2 0.4140625 0.85078125 0.0328125 0.04375
2 0.5109375 0.30234375 0.03125 0.0421875
2 0.56640625 0.6140625 0.03125 0.04375
2 0.48046875 0.30859375 0.0296875 0.0421875
2 0.66484375 0.49921875 0.03125 0.04375
2 0.55078125 0.65234375 0.0296875 0.0421875
2 0.6453125 0.359375 0.034375 0.0390625
2 0.66484375 0.38984375 0.034375 0.04375
2 0.55859375 0.33828125 0.03125 0.0421875
2 0.5265625 0.68046875 0.0328125 0.046875
2 0.5984375 0.57265625 0.03125 0.040625
2 0.44765625 0.309375 0.0296875 0.0421875
2 0.4984375 0.75625 0.03125 0.0421875
2 0.65625 0.42734375 0.034375 0.040625
2 0.35625 0.890625 0.034375 0.0453125
2 0.465625 0.7578125 0.03125 0.0421875
2 0.68984375 0.421875 0.03125 0.04375
2 0.69921875 0.38359375 0.03125 0.040625
2 0.61171875 0.3640625 0.03125 0.040625
2 0.63203125 0.5 0.034375 0.040625
2 0.678125 0.45703125 0.028125 0.040625
2 0.41484375 0.3140625 0.028125 0.040625
2 0.57890625 0.3734375 0.03125 0.04375
2 0.4453125 0.7265625 0.03125 0.04375
2 0.50859375 0.71796875 0.034375 0.0453125
2 0.4765625 0.72109375 0.03125 0.0453125
2 0.3234375 0.90703125 0.034375 0.0453125
2 0.3625 0.84765625 0.034375 0.0453125
2 0.53359375 0.409375 0.03125 0.04375
2 0.38828125 0.878125 0.034375 0.04375
2 0.5078125 0.64375 0.034375 0.04375
2 0.29375 0.878125 0.034375 0.0453125
2 0.3875 0.82265625 0.034375 0.046875
2 0.6203125 0.43046875 0.0328125 0.0421875
2 0.3296875 0.8625 0.034375 0.046875
2 0.5 0.34453125 0.03125 0.04375
2 0.30546875 0.48984375 0.03125 0.04375
2 0.5875 0.43671875 0.0328125 0.0421875
2 0.53671875 0.58515625 0.034375 0.04375
2 0.6109375 0.47421875 0.034375 0.04375
2 0.34921875 0.74921875 0.03125 0.04375
2 0.503125 0.59921875 0.034375 0.046875
2 0.63359375 0.4 0.0359375 0.046875
2 0.31640625 0.8203125 0.034375 0.04375
2 0.3546875 0.44609375 0.0328125 0.040625
2 0.28671875 0.83515625 0.0328125 0.04375
2 0.2953125 0.7859375 0.03125 0.0421875
2 0.2921875 0.71171875 0.0328125 0.04375
2 0.31328125 0.74296875 0.0328125 0.04375
2 0.6015625 0.40390625 0.034375 0.046875
2 0.53359375 0.61953125 0.034375 0.04375
2 0.40234375 0.3484375 0.0296875 0.0375
2 0.5484375 0.53828125 0.034375 0.046875
2 0.3515625 0.54765625 0.034375 0.04375
2 0.44296875 0.61328125 0.03125 0.0421875
2 0.2875 0.66484375 0.03125 0.04375
2 0.4671875 0.3453125 0.03125 0.040625
2 0.43046875 0.57890625 0.0328125 0.04375
2 0.40390625 0.7703125 0.03125 0.046875
2 0.33828125 0.5921875 0.034375 0.04375
2 0.48203125 0.4828125 0.03125 0.040625
2 0.3328125 0.41328125 0.028125 0.040625
2 0.475 0.65078125 0.03125 0.040625
2 0.28203125 0.6234375 0.03125 0.0421875
2 0.43515625 0.34765625 0.03125 0.040625
2 0.3265625 0.51953125 0.03125 0.0421875
2 0.4234375 0.80859375 0.03125 0.0421875
2 0.42578125 0.38359375 0.03125 0.0421875
2 0.36796875 0.41328125 0.03125 0.0421875
2 0.31171875 0.640625 0.034375 0.0484375
2 0.5203125 0.4421875 0.0328125 0.04375
2 0.3453125 0.809375 0.0359375 0.046875
2 0.3515625 0.37890625 0.028125 0.0375
2 0.49375 0.684375 0.034375 0.046875
2 0.4765625 0.6109375 0.0328125 0.04375
2 0.32109375 0.4484375 0.028125 0.040625
2 0.428125 0.50859375 0.034375 0.04375
2 0.49296875 0.56484375 0.034375 0.0484375
2 0.4421875 0.41796875 0.03125 0.040625
2 0.3671875 0.7828125 0.034375 0.046875
2 0.38125 0.375 0.03125 0.0390625
2 0.44375 0.54375 0.034375 0.04375
2 0.5015625 0.4125 0.034375 0.046875
2 0.57734375 0.47265625 0.034375 0.046875
2 0.521875 0.54609375 0.03125 0.0421875
2 0.48515625 0.3828125 0.0328125 0.04375
2 0.396875 0.5109375 0.034375 0.04375
2 0.25390625 0.7625 0.03125 0.04375
2 0.37578125 0.48125 0.03125 0.040625
2 0.40078125 0.6953125 0.03125 0.0453125
2 0.56796875 0.57578125 0.03125 0.040625
2 0.38125 0.66171875 0.03125 0.04375
2 0.2578125 0.71875 0.0328125 0.04375
2 0.31875 0.5625 0.03125 0.04375
2 0.28984375 0.5328125 0.03125 0.04375
2 0.315625 0.68125 0.034375 0.0453125
2 0.415625 0.73671875 0.03125 0.0453125
2 0.5828125 0.54140625 0.034375 0.0453125
2 0.4625 0.57734375 0.0328125 0.046875
2 0.41171875 0.66015625 0.03125 0.046875
2 0.33671875 0.709375 0.03125 0.04375
2 0.55390625 0.4390625 0.0328125 0.046875
2 0.403125 0.409375 0.034375 0.04375
2 0.36796875 0.70078125 0.03125 0.04375
2 0.33984375 0.48203125 0.03125 0.040625
2 0.328125 0.77890625 0.034375 0.04375
2 0.50390625 0.51171875 0.0375 0.05
2 0.65 0.5328125 0.0328125 0.0375
2 0.52890625 0.5109375 0.034375 0.05
2 0.2671875 0.8015625 0.03125 0.0421875
2 0.35078125 0.6671875 0.034375 0.04375
2 0.30625 0.6015625 0.03125 0.046875
2 0.36953125 0.59609375 0.034375 0.046875
2 0.41171875 0.47734375 0.034375 0.04375
2 0.37890625 0.61875 0.0328125 0.046875
2 0.35 0.63359375 0.034375 0.046875
2 0.47109375 0.4125 0.03125 0.046875
2 0.41875 0.44140625 0.0359375 0.046875
2 0.56484375 0.5109375 0.040625 0.0546875
2 0.52734375 0.47734375 0.040625 0.0546875
2 0.49140625 0.453125 0.03125 0.04375
2 0.5296875 0.33984375 0.034375 0.046875
2 0.54296875 0.375 0.0328125 0.040625
2 0.56640625 0.40234375 0.0359375 0.0359375
2 0.51875 0.37578125 0.0234375 0.040625
2 0.46484375 0.453125 0.03125 0.046875
2 0.43984375 0.47109375 0.03125 0.04375
2 0.459375 0.503125 0.0328125 0.04375
2 0.47421875 0.53828125 0.034375 0.046875
2 0.3859375 0.740625 0.0359375 0.046875
2 0.43203125 0.76875 0.0390625 0.046875
2 0.43203125 0.68984375 0.0328125 0.0484375
2 0.44140625 0.6515625 0.03125 0.0484375
2 0.46796875 0.68359375 0.040625 0.04375
2 0.61796875 0.53984375 0.034375 0.04375
2 0.5984375 0.50703125 0.0375 0.034375
2 0.3921875 0.44375 0.034375 0.04375
2 0.64609375 0.45859375 0.0375 0.046875
2 0.45703125 0.378125 0.025 0.040625
2 0.41640625 0.5453125 0.03125 0.04375
2 0.403125 0.58125 0.028125 0.04375
2 0.38359375 0.5484375 0.025 0.0515625
2 0.3640625 0.51484375 0.03125 0.0359375
2 0.28515625 0.74921875 0.0296875 0.05
2 0.40625 0.6203125 0.03125 0.04375