2 0.36171875 0.5265625 0.01875 0.01875
2 0.37578125 0.51796875 0.0203125 0.01875
2 0.38984375 0.509375 0.0234375 0.0140625
2 0.39375 0.521875 0.0234375 0.015625
2 0.38203125 0.53125 0.021875 0.015625
2 0.4109375 0.51484375 0.01875 0.0171875
2 0.425 0.503125 0.01875 0.015625
2 0.44375 0.50625 0.021875 0.015625
2 0.37734375 0.54765625 0.0234375 0.015625
2 0.41015625 0.53671875 0.0171875 0.015625
2 0.39765625 0.54921875 0.01875 0.0125
2 0.38046875 0.559375 0.0234375 0.0140625
2 0.384375 0.57421875 0.01875 0.0171875
2 0.45546875 0.51171875 0.01875 0.0140625
2 0.4796875 0.52578125 0.0171875 0.0140625
2 0.4890625 0.53828125 0.01875 0.015625
2 0.4953125 0.55 0.021875 0.015625
2 0.5 0.56484375 0.021875 0.015625
2 0.50703125 0.58125 0.0234375 0.015625
2 0.4171875 0.6390625 0.01875 0.015625
2 0.41171875 0.6265625 0.01875 0.015625
2 0.40546875 0.61328125 0.021875 0.01875
2 0.41640625 0.603125 0.015625 0.0125
2 0.40703125 0.5921875 0.01875 0.0125
2 0.40390625 0.58359375 0.01875 0.0125
2 0.39921875 0.57109375 0.015625 0.0125
2 0.3953125 0.5609375 0.01875 0.0125
2 0.42890625 0.515625 0.015625 0.0125
2 0.525 0.59375 0.01875 0.015625
2 0.5125 0.60546875 0.01875 0.0140625
2 0.50234375 0.59375 0.021875 0.0140625
2 0.53203125 0.6078125 0.015625 0.0125
2 0.5421875 0.61640625 0.021875 0.015625
2 0.4484375 0.67265625 0.025 0.015625
2 0.434375 0.65703125 0.0234375 0.015625
2 0.434375 0.64453125 0.0171875 0.0125
0 0.43515625 0.60625 0.025 0.015625
0 0.42890625 0.59296875 0.0140625 0.0109375
0 0.44140625 0.58046875 0.01875 0.015625
0 0.425 0.58125 0.01875 0.0140625
0 0.41875 0.56875 0.0171875 0.015625
0 0.42265625 0.55078125 0.015625 0.0109375
0 0.43203125 0.54140625 0.0171875 0.0140625
0 0.42265625 0.528125 0.0140625 0.0125
0 0.43984375 0.53125 0.01875 0.015625
0 0.4546875 0.53671875 0.01875 0.0140625
0 0.44375 0.54765625 0.0203125 0.0125
0 0.4609375 0.546875 0.0203125 0.015625
0 0.43671875 0.5671875 0.01875 0.015625
0 0.45625 0.5703125 0.021875 0.0140625
0 0.471875 0.56171875 0.01875 0.0125
0 0.45234375 0.56015625 0.01875 0.015625
0 0.45859375 0.58359375 0.021875 0.0171875
0 0.478125 0.5890625 0.0171875 0.0125
0 0.48046875 0.57421875 0.015625 0.015625
0 0.44609375 0.5921875 0.021875 0.0109375
0 0.45078125 0.60703125 0.0171875 0.0125
0 0.44609375 0.62421875 0.021875 0.015625
0 0.45234375 0.640625 0.021875 0.015625
0 0.46484375 0.62421875 0.01875 0.015625
0 0.49296875 0.61640625 0.015625 0.015625
0 0.490625 0.6015625 0.01875 0.0140625
0 0.46796875 0.60390625 0.01875 0.0140625
0 0.49140625 0.63828125 0.01875 0.0125
0 0.471875 0.6375 0.01875 0.015625
0 0.4796875 0.65 0.021875 0.015625
0 0.49609375 0.65390625 0.01875 0.0125
0 0.49921875 0.62890625 0.0234375 0.01875
0 0.51015625 0.61875 0.021875 0.0140625
0 0.52265625 0.63046875 0.01875 0.0140625
0 0.50859375 0.640625 0.021875 0.0125
0 0.51328125 0.653125 0.01875 0.0140625
0 0.53359375 0.64140625 0.01875 0.0140625
0 0.5390625 0.65625 0.01875 0.015625
0 0.51953125 0.66640625 0.0234375 0.015625
0 0.5390625 0.66875 0.021875 0.015625
0 0.55546875 0.66015625 0.021875 0.0125
0 0.56171875 0.6734375 0.021875 0.015625
0 0.553125 0.69609375 0.0234375 0.0171875
0 0.5640625 0.68671875 0.025 0.015625
0 0.5796875 0.69375 0.021875 0.015625
0 0.571875 0.70390625 0.025 0.015625
0 0.55625 0.71328125 0.021875 0.0125
0 0.58984375 0.70234375 0.01875 0.0140625
0 0.578125 0.71328125 0.021875 0.015625
0 0.5671875 0.72265625 0.021875 0.009375
0 0.5875 0.72578125 0.025 0.01875
0 0.60078125 0.7171875 0.021875 0.015625
0 0.61640625 0.72265625 0.0203125 0.0125
0 0.68515625 0.82890625 0.0234375 0.0140625
0 0.6953125 0.815625 0.021875 0.0109375
0 0.68125 0.80234375 0.0265625 0.021875
0 0.6734375 0.8171875 0.028125 0.015625
0 0.665625 0.8296875 0.025 0.015625
0 0.67109375 0.84453125 0.028125 0.015625
0 0.6359375 0.82265625 0.028125 0.01875
0 0.6140625 0.8265625 0.028125 0.01875
0 0.61015625 0.81171875 0.03125 0.01875
0 0.6171875 0.7984375 0.025 0.021875
0 0.6359375 0.79375 0.01875 0.0203125
0 0.65234375 0.78359375 0.0234375 0.01875
0 0.63984375 0.76796875 0.021875 0.0125
0 0.62578125 0.7578125 0.025 0.015625
0 0.61484375 0.746875 0.025 0.015625
0 0.59375 0.74140625 0.01875 0.0140625
0 0.6078125 0.73203125 0.0234375 0.0125
0 0.575 0.73984375 0.021875 0.0171875
0 0.58515625 0.75546875 0.0234375 0.021875
0 0.59765625 0.76796875 0.0234375 0.01875
0 0.60390625 0.784375 0.0234375 0.01875
0 0.5796875 0.78203125 0.021875 0.015625
0 0.5484375 0.72734375 0.0234375 0.015625
0 0.540625 0.71484375 0.021875 0.01875
0 0.54921875 0.74921875 0.0234375 0.01875
0 0.540625 0.69453125 0.0234375 0.01875
0 0.54296875 0.68046875 0.021875 0.015625
0 0.525 0.678125 0.021875 0.01875
2 0.4828125 0.66484375 0.025 0.01875
2 0.4578125 0.65625 0.021875 0.015625
2 0.4875 0.678125 0.015625 0.015625
2 0.50703125 0.68046875 0.021875 0.015625
2 0.49609375 0.68984375 0.0234375 0.015625
2 0.51796875 0.69296875 0.01875 0.0125
2 0.5046875 0.70390625 0.025 0.015625
2 0.51484375 0.71640625 0.0234375 0.01875
2 0.51484375 0.73828125 0.0234375 0.0171875
2 0.52890625 0.728125 0.015625 0.0125
2 0.5265625 0.703125 0.015625 0.0140625
2 0.5203125 0.75 0.0265625 0.01875
2 0.53515625 0.76328125 0.0234375 0.01875
2 0.5484375 0.78359375 0.025 0.01875
2 0.55703125 0.7671875 0.01875 0.015625
2 0.575 0.76640625 0.0171875 0.0140625
2 0.5578125 0.8109375 0.025 0.0203125
2 0.57734375 0.80078125 0.0203125 0.015625
2 0.5875 0.8140625 0.01875 0.01875
2 0.609375 0.8421875 0.0265625 0.01875
2 0.62578125 0.85234375 0.025 0.01875
2 0.63125 0.8390625 0.015625 0.015625
2 0.64453125 0.85859375 0.021875 0.01875
2 0.66484375 0.8625 0.0265625 0.01875
2 0.65078125 0.840625 0.0171875 0.01875
2 0.69140625 0.86015625 0.0234375 0.015625
2 0.70703125 0.8671875 0.021875 0.015625
2 0.69921875 0.8453125 0.0203125 0.01875
2 0.721875 0.8578125 0.028125 0.021875
2 0.72578125 0.8453125 0.0265625 0.015625
2 0.7234375 0.8203125 0.025 0.0171875
2 0.71171875 0.8046875 0.0203125 0.01875
2 0.715625 0.78828125 0.021875 0.015625
2 0.72734375 0.80078125 0.025 0.01875
2 0.70078125 0.82734375 0.01875 0.0171875
2 0.68203125 0.78359375 0.025 0.015625
2 0.67578125 0.76640625 0.028125 0.01875
2 0.64765625 0.7546875 0.0203125 0.015625
2 0.6375 0.74296875 0.0234375 0.015625
2 0.6359375 0.71640625 0.025 0.01875
2 0.62421875 0.7078125 0.021875 0.021875
2 0.615625 0.69765625 0.028125 0.01875
2 0.60546875 0.6859375 0.028125 0.0140625
2 0.5953125 0.671875 0.01875 0.015625
2 0.575 0.67109375 0.01875 0.015625
2 0.59609375 0.65546875 0.0234375 0.0171875
2 0.5875 0.64453125 0.0203125 0.015625
2 0.57578125 0.6359375 0.025 0.015625
2 0.56015625 0.6453125 0.021875 0.015625