2 0.257975 0.717775 0.028608333333333333 0.021331250000000003
2 0.22721666666666668 0.72314375 0.029725 0.0224625
2 0.19173333333333334 0.7211937500000001 0.030758333333333332 0.0241375
2 0.28531666666666666 0.7192375 0.029158333333333335 0.022250000000000002
2 0.4668 0.69189375 0.027116666666666667 0.02174375
2 0.5205083333333334 0.6879875 0.026083333333333333 0.0217
2 0.5712916666666666 0.69189375 0.026791666666666665 0.021868750000000003
2 0.49511666666666665 0.69140625 0.027424999999999998 0.0222
2 0.31444999999999995 0.7163062499999999 0.029091666666666665 0.021087500000000002
2 0.37109166666666665 0.7045874999999999 0.027466666666666667 0.02069375
2 0.15169166666666667 0.74609375 0.029766666666666667 0.02258125
2 0.42382499999999995 0.6972687500000001 0.026391666666666667 0.021087500000000002
2 0.54525 0.69824375 0.02685833333333333 0.02250625
2 0.33203333333333335 0.73144375 0.027625 0.020525
2 0.106525 0.7661125 0.03181666666666667 0.022887499999999998
2 0.3974583333333333 0.7016625000000001 0.027525 0.0212875
2 0.22867500000000002 0.7524437500000001 0.030108333333333334 0.022793749999999998
2 0.5592416666666667 0.7133812500000001 0.027891666666666665 0.022537500000000002
2 0.13907499999999998 0.7661125 0.028158333333333334 0.02145625
2 0.4479166666666667 0.703125 0.02685833333333333 0.02203125
2 0.181475 0.7421875 0.03000833333333333 0.02271875
2 0.3499333333333334 0.71875 0.027691666666666663 0.02036875
2 0.21630833333333332 0.7719750000000001 0.028991666666666666 0.02276875
2 0.13191666666666668 0.788575 0.029949999999999997 0.022675
2 0.5472 0.7324250000000001 0.026449999999999998 0.02091875
2 0.27310833333333334 0.73730625 0.028991666666666666 0.021575
2 0.3678416666666667 0.7338875 0.027116666666666667 0.0212375
2 0.31787499999999996 0.749025 0.027424999999999998 0.02140625
2 0.2871083333333333 0.7568375 0.028541666666666667 0.0219875
2 0.3505833333333333 0.7485375000000001 0.027058333333333334 0.021775000000000003
2 0.233075 0.78564375 0.02565833333333333 0.01738125
2 0.16910833333333333 0.7636750000000001 0.028608333333333333 0.021775000000000003
2 0.20915 0.73779375 0.029541666666666667 0.0212125
2 0.29834166666666667 0.7368187500000001 0.027466666666666667 0.021868750000000003
2 0.19596666666666665 0.7597687500000001 0.028158333333333334 0.0219875
2 0.38248333333333334 0.75 0.02545 0.0191625
2 0.17415 0.7973625 0.02736666666666667 0.019837499999999997
2 0.41373333333333334 0.7207062500000001 0.027325 0.022537500000000002
2 0.24202500000000002 0.77050625 0.026958333333333334 0.0210125
2 0.2596 0.7578125 0.027424999999999998 0.022324999999999998
2 0.533525 0.7163062499999999 0.027691666666666663 0.02140625
2 0.187175 0.7797875000000001 0.02669166666666667 0.02111875
2 0.24635833333333332 0.73613125 0.025 0.021487500000000003
2 0.3859416666666667 0.71953125 0.029166666666666667 0.0234375
2 0.4007833333333333 0.73828125 0.025525 0.02265625
2 0.438025 0.7220687499999999 0.028125 0.02305
2 0.46379999999999993 0.7212875 0.026566666666666666 0.02226875
2 0.48125 0.7089875000000001 0.028125 0.021875
2 0.508075 0.70859375 0.027608333333333335 0.02265625
2 0.30833333333333335 0.767775 0.025 0.01758125
2 0.15703333333333333 0.7832062500000001 0.028650000000000002 0.021875