2 0.3759416666666667 0.5222875 0.029208333333333333 0.02190625
2 0.3146 0.52635625 0.035050000000000005 0.023781249999999997
2 0.29165833333333335 0.5351187500000001 0.029208333333333333 0.02253125
2 0.26411666666666667 0.5319875 0.035883333333333337 0.026287500000000002
2 0.24116666666666664 0.54606875 0.033383333333333334 0.020656249999999998
2 0.21279166666666666 0.5488875 0.030041666666666664 0.021281249999999998
2 0.13769166666666666 0.5876874999999999 0.03838333333333333 0.02253125
2 0.12016666666666666 0.60834375 0.033383333333333334 0.023781249999999997
2 0.11224166666666667 0.6299375 0.034216666666666666 0.02190625
2 0.10430833333333334 0.6559125 0.041725 0.026287500000000002
2 0.14102499999999998 0.6734375 0.033383333333333334 0.0250375
2 0.14686666666666667 0.69596875 0.030041666666666664 0.0250375
2 0.17065 0.6865749999999999 0.03254166666666666 0.018775
2 0.173575 0.7075437499999999 0.033383333333333334 0.02315625
2 0.19485 0.72663125 0.030874999999999996 0.027537500000000003
2 0.220725 0.71724375 0.03254166666666666 0.02253125
2 0.24033333333333332 0.7328937500000001 0.030041666666666664 0.023781249999999997
2 0.25493333333333335 0.71505625 0.030874999999999996 0.01815
2 0.2699583333333333 0.7353937500000001 0.034216666666666666 0.026287500000000002
2 0.31293333333333334 0.71536875 0.035050000000000005 0.023781249999999997
2 0.3396416666666667 0.7156812499999999 0.02503333333333333 0.02190625
2 0.3675916666666667 0.72381875 0.030874999999999996 0.02190625
2 0.39179166666666665 0.720375 0.034216666666666666 0.0250375
2 0.41599166666666665 0.710675 0.030874999999999996 0.0194
2 0.4381083333333333 0.7197499999999999 0.033383333333333334 0.023781249999999997
2 0.4502083333333333 0.7044125 0.035883333333333337 0.0194
2 0.4689833333333333 0.7206874999999999 0.03170833333333333 0.026912500000000002
2 0.49652500000000005 0.7134874999999999 0.03838333333333333 0.0250375
2 0.5077916666666666 0.6934625 0.030874999999999996 0.021281249999999998
2 0.5253083333333334 0.71005 0.03254166666666666 0.024406249999999997
2 0.5415833333333333 0.693775 0.030041666666666664 0.020656249999999998
2 0.569125 0.6915875 0.033383333333333334 0.023781249999999997
2 0.5937416666666667 0.69565 0.03254166666666666 0.024406249999999997
2 0.62295 0.695025 0.03254166666666666 0.024406249999999997
2 0.6358833333333332 0.67186875 0.028374999999999997 0.02315625
2 0.6554916666666667 0.6887687499999999 0.034216666666666666 0.0256625
2 0.6809416666666667 0.6865749999999999 0.030041666666666664 0.026287500000000002
2 0.6905416666666666 0.667175 0.029208333333333333 0.02253125
2 0.711825 0.6837624999999999 0.035050000000000005 0.0281625
2 0.7230833333333334 0.66373125 0.030874999999999996 0.024406249999999997
2 0.749375 0.68125625 0.03170833333333333 0.02190625
2 0.7568833333333334 0.66091875 0.028374999999999997 0.021281249999999998
2 0.7865083333333333 0.66091875 0.039225 0.026287500000000002
2 0.7673166666666666 0.64339375 0.030874999999999996 0.02253125
2 0.7764916666666667 0.6249312499999999 0.034216666666666666 0.024406249999999997
2 0.7856749999999999 0.60584375 0.034216666666666666 0.023781249999999997
2 0.763975 0.58831875 0.03254166666666666 0.02253125
2 0.7447833333333334 0.57235625 0.025866666666666666 0.01815
2 0.7297666666666667 0.55483125 0.03254166666666666 0.024406249999999997
2 0.75605 0.55201875 0.030041666666666664 0.0250375
2 0.7389416666666667 0.53355 0.030874999999999996 0.026912500000000002
2 0.7652249999999999 0.52854375 0.035050000000000005 0.0281625
2 0.7139083333333334 0.5323 0.030874999999999996 0.02315625
2 0.6822 0.53418125 0.034216666666666666 0.02315625
2 0.7051416666666667 0.55608125 0.030041666666666664 0.02315625
2 0.6759416666666667 0.5579625 0.030041666666666664 0.0194
2 0.6600833333333334 0.5398125 0.03170833333333333 0.02315625
2 0.6358833333333332 0.5416875 0.03170833333333333 0.024406249999999997
2 0.606675 0.5423125 0.030041666666666664 0.024406249999999997
2 0.5833083333333333 0.5416875 0.03170833333333333 0.02190625
2 0.5603583333333333 0.532925 0.030874999999999996 0.0256625
2 0.531575 0.5323 0.030041666666666664 0.024406249999999997
2 0.5065333333333334 0.5254187499999999 0.033383333333333334 0.024406249999999997
2 0.47816666666666663 0.52510625 0.028374999999999997 0.02253125
2 0.43268333333333336 0.524475 0.029208333333333333 0.026287500000000002
2 0.40305833333333335 0.52479375 0.030041666666666664 0.02190625
2 0.34005833333333335 0.5294875 0.029208333333333333 0.026287500000000002
2 0.36675833333333335 0.5410625 0.029208333333333333 0.02190625
2 0.46856666666666663 0.54356875 0.027541666666666666 0.02315625
2 0.45145833333333335 0.5235375 0.03671666666666667 0.0256625
2 0.4752416666666666 0.6928375 0.025866666666666666 0.021281249999999998
0 0.18066666666666667 0.58956875 0.034216666666666666 0.021281249999999998
0 0.16355833333333333 0.60928125 0.033383333333333334 0.02190625
0 0.149375 0.6286875 0.03170833333333333 0.0256625
0 0.17023333333333335 0.6408875 0.033383333333333334 0.02253125
0 0.17607499999999998 0.6674875 0.033383333333333334 0.026912500000000002
0 0.20153333333333334 0.6778125 0.030874999999999996 0.026287500000000002
0 0.19569166666666668 0.6049 0.03254166666666666 0.02315625
0 0.20069166666666668 0.5748624999999999 0.030874999999999996 0.02315625
0 0.2299 0.569225 0.034216666666666666 0.02190625
0 0.25535833333333335 0.56109375 0.028374999999999997 0.02190625
0 0.219475 0.58956875 0.033383333333333334 0.023781249999999997
0 0.23157499999999998 0.60928125 0.034216666666666666 0.02315625
0 0.21279166666666666 0.62555625 0.035050000000000005 0.02315625
0 0.185675 0.62586875 0.027541666666666666 0.023781249999999997
0 0.20069166666666668 0.64370625 0.03254166666666666 0.024406249999999997
0 0.21780000000000002 0.6590375 0.03170833333333333 0.02253125
0 0.2274 0.6390125 0.030874999999999996 0.023781249999999997
0 0.24784166666666668 0.62305 0.030041666666666664 0.02190625
0 0.26119166666666666 0.6418312500000001 0.035050000000000005 0.02315625
0 0.24409166666666668 0.658725 0.034216666666666666 0.024406249999999997
0 0.22948333333333332 0.67938125 0.035050000000000005 0.024406249999999997
0 0.21613333333333334 0.6981562499999999 0.033383333333333334 0.0256625
0 0.24909166666666668 0.6947125 0.034216666666666666 0.0250375
0 0.2632833333333333 0.6765625 0.030874999999999996 0.023781249999999997
0 0.28455833333333336 0.6887687499999999 0.035050000000000005 0.024406249999999997
0 0.2803916666666667 0.66091875 0.030041666666666664 0.02253125
0 0.29207500000000003 0.6393249999999999 0.03170833333333333 0.020656249999999998
0 0.27746666666666664 0.62461875 0.034216666666666666 0.0250375
0 0.26245 0.60678125 0.03254166666666666 0.02190625
0 0.24742500000000003 0.58894375 0.030874999999999996 0.0250375
0 0.27413333333333334 0.5845625 0.034216666666666666 0.0250375
0 0.28540000000000004 0.56171875 0.033383333333333334 0.02315625
0 0.307925 0.55765 0.030041666666666664 0.02253125
0 0.33421666666666666 0.5589 0.034216666666666666 0.02253125
0 0.29791666666666666 0.57893125 0.03170833333333333 0.023781249999999997
0 0.32503333333333334 0.5779875 0.029208333333333333 0.024406249999999997
0 0.34923333333333334 0.5748624999999999 0.034216666666666666 0.02315625
0 0.2879 0.6017750000000001 0.035050000000000005 0.02315625
0 0.3025 0.6193 0.03254166666666666 0.02315625
0 0.31334999999999996 0.59770625 0.034216666666666666 0.02253125
0 0.33921666666666667 0.5952000000000001 0.03254166666666666 0.02253125
0 0.3650916666666667 0.593325 0.03254166666666666 0.026287500000000002
0 0.33045833333333335 0.61710625 0.033383333333333334 0.023781249999999997
0 0.33463333333333334 0.6371312499999999 0.033383333333333334 0.023781249999999997
0 0.3146 0.65153125 0.033383333333333334 0.023781249999999997
0 0.3033416666666667 0.67093125 0.029208333333333333 0.020025
0 0.320025 0.6862625 0.03254166666666666 0.02190625
0 0.3325416666666667 0.66655 0.029208333333333333 0.021281249999999998
0 0.351325 0.6559125 0.033383333333333334 0.020025
0 0.35925 0.63494375 0.035883333333333337 0.02315625
0 0.3559083333333333 0.6155437500000001 0.03254166666666666 0.024406249999999997
0 0.3742666666666667 0.57360625 0.035883333333333337 0.026912500000000002
0 0.40305833333333335 0.58049375 0.03170833333333333 0.0256625
0 0.390125 0.59645 0.035883333333333337 0.023781249999999997
0 0.37969166666666665 0.61679375 0.030041666666666664 0.02190625
0 0.390125 0.6343187499999999 0.030874999999999996 0.024406249999999997
0 0.37885833333333335 0.65465625 0.035050000000000005 0.021281249999999998
0 0.36717500000000003 0.6734375 0.035050000000000005 0.0250375
0 0.3479833333333333 0.685325 0.03170833333333333 0.021281249999999998
0 0.36258333333333337 0.7031624999999999 0.035883333333333337 0.02190625
0 0.38386666666666663 0.69001875 0.030041666666666664 0.0256625
0 0.39555 0.66905625 0.026699999999999998 0.0250375
0 0.4105666666666667 0.6850125 0.035050000000000005 0.024406249999999997
0 0.42559166666666665 0.66999375 0.033383333333333334 0.02190625
0 0.40973333333333334 0.6534062500000001 0.03170833333333333 0.021281249999999998
0 0.41933333333333334 0.63306875 0.03254166666666666 0.024406249999999997
0 0.4043083333333333 0.61679375 0.03254166666666666 0.024406249999999997
0 0.4180833333333333 0.59708125 0.03170833333333333 0.023781249999999997
0 0.402225 0.558275 0.030041666666666664 0.027537500000000003
0 0.42725833333333335 0.5513875 0.033383333333333334 0.0250375
0 0.448125 0.56359375 0.03170833333333333 0.0256625
0 0.42725833333333335 0.57893125 0.033383333333333334 0.023781249999999997
0 0.44353333333333333 0.5961375 0.030874999999999996 0.024406249999999997
0 0.465225 0.58800625 0.030874999999999996 0.024406249999999997
0 0.4902666666666667 0.576425 0.03254166666666666 0.0250375
0 0.5011083333333334 0.5567125 0.029208333333333333 0.02190625
0 0.5269833333333334 0.5564 0.030874999999999996 0.02253125
0 0.5169666666666667 0.5748624999999999 0.030874999999999996 0.02315625
0 0.5032 0.593325 0.03671666666666667 0.023781249999999997
0 0.4823333333333333 0.60584375 0.033383333333333334 0.021281249999999998
0 0.45896666666666663 0.6130375 0.033383333333333334 0.0194
0 0.43268333333333336 0.6155437500000001 0.030874999999999996 0.02190625
0 0.449375 0.6315 0.03254166666666666 0.02253125
0 0.47774999999999995 0.62774375 0.03254166666666666 0.02253125
0 0.49944166666666673 0.622425 0.034216666666666666 0.02315625
0 0.43935833333333335 0.6499625 0.034216666666666666 0.024406249999999997
0 0.4664833333333333 0.6484000000000001 0.033383333333333334 0.0250375
0 0.451875 0.668425 0.03254166666666666 0.023781249999999997
0 0.44228333333333336 0.684075 0.03671666666666667 0.0250375
0 0.48567499999999997 0.665925 0.035050000000000005 0.02253125
0 0.49235000000000007 0.64339375 0.03170833333333333 0.02253125
0 0.5203083333333334 0.6446437500000001 0.034216666666666666 0.0250375
0 0.5223916666666667 0.61021875 0.028374999999999997 0.02253125
0 0.5349083333333333 0.59050625 0.028374999999999997 0.02190625
0 0.5474249999999999 0.57204375 0.030041666666666664 0.021281249999999998
0 0.5607749999999999 0.55233125 0.033383333333333334 0.020656249999999998
0 0.57455 0.57298125 0.029208333333333333 0.02315625
0 0.59875 0.56985625 0.034216666666666666 0.0256625
0 0.5586916666666666 0.58956875 0.030874999999999996 0.020025
0 0.5499333333333333 0.60865625 0.026699999999999998 0.020656249999999998
0 0.5386666666666666 0.62774375 0.025866666666666666 0.02253125
0 0.5549333333333333 0.64370625 0.035050000000000005 0.0256625
0 0.5378333333333333 0.66185625 0.03254166666666666 0.026912500000000002
0 0.5065333333333334 0.6634187500000001 0.030041666666666664 0.021281249999999998
0 0.5211416666666667 0.6778125 0.029208333333333333 0.020025
0 0.579975 0.64589375 0.030041666666666664 0.026287500000000002
0 0.5954083333333333 0.66655 0.034216666666666666 0.03004375
0 0.6075083333333333 0.6452687500000001 0.028374999999999997 0.023781249999999997
0 0.5628666666666667 0.62680625 0.030874999999999996 0.0256625
0 0.5732916666666668 0.60584375 0.028374999999999997 0.02253125
0 0.5879 0.5892562499999999 0.027541666666666666 0.024406249999999997
0 0.6121 0.58675 0.030874999999999996 0.02190625
0 0.6016666666666667 0.60678125 0.03170833333333333 0.024406249999999997
0 0.5883166666666667 0.62524375 0.033383333333333334 0.0250375
0 0.617525 0.623675 0.033383333333333334 0.024406249999999997
0 0.6304583333333333 0.6061562500000001 0.030874999999999996 0.02190625
0 0.6358833333333332 0.58675 0.035050000000000005 0.02315625
0 0.6421416666666667 0.565475 0.034216666666666666 0.02190625
0 0.6609166666666667 0.58080625 0.028374999999999997 0.02253125
0 0.6550750000000001 0.604275 0.03170833333333333 0.020656249999999998
0 0.6492333333333333 0.62305 0.03170833333333333 0.024406249999999997
0 0.6363 0.64433125 0.034216666666666666 0.02315625
0 0.65925 0.6571625 0.03838333333333333 0.023781249999999997
0 0.6759416666666667 0.638075 0.035050000000000005 0.024406249999999997
0 0.6809416666666667 0.61866875 0.03671666666666667 0.024406249999999997
0 0.6863666666666667 0.59708125 0.034216666666666666 0.02253125
0 0.7030583333333333 0.58174375 0.034216666666666666 0.0256625
0 0.71975 0.59645 0.03755 0.027537500000000003
0 0.7038916666666666 0.6117875 0.035883333333333337 0.024406249999999997
0 0.7406083333333333 0.6130375 0.034216666666666666 0.024406249999999997
0 0.7285083333333333 0.629625 0.03671666666666667 0.026287500000000002
0 0.703475 0.6321249999999999 0.035050000000000005 0.0250375