2 0.32206666666666667 0.42424999999999996 0.030675 0.021400000000000002
2 0.35345 0.43762500000000004 0.026391666666666667 0.021400000000000002
2 0.31065 0.4416375 0.02925 0.020862500000000003
2 0.333125 0.44244374999999997 0.025683333333333332 0.018187500000000002
2 0.3234916666666667 0.45661875 0.02781666666666667 0.020862500000000003
2 0.3470333333333333 0.45661875 0.024966666666666668 0.019793750000000002
2 0.3434666666666667 0.47053125 0.02781666666666667 0.020862500000000003
2 0.32064166666666666 0.47346875 0.02781666666666667 0.018187500000000002
2 0.3078 0.486575 0.032100000000000004 0.020862500000000003
2 0.32848333333333335 0.48738125 0.02781666666666667 0.019262500000000002
2 0.357375 0.48203125 0.027108333333333335 0.018187500000000002
2 0.3377583333333333 0.501825 0.024966666666666668 0.020331250000000002
2 0.3602333333333333 0.49941875 0.029958333333333337 0.021937500000000002
2 0.3816333333333333 0.5012875 0.025683333333333332 0.021400000000000002
2 0.36915000000000003 0.5152 0.032100000000000004 0.020331250000000002
2 0.39233333333333337 0.5165375 0.027108333333333335 0.018725000000000002
2 0.4033833333333333 0.5309812500000001 0.030675 0.021937500000000002
2 0.40945 0.54435625 0.03281666666666667 0.019793750000000002
2 0.3912583333333333 0.5566625 0.02781666666666667 0.020862500000000003
2 0.413375 0.5601375000000001 0.02925 0.021400000000000002
2 0.4354833333333334 0.57378125 0.030675 0.024075000000000003
2 0.41444166666666665 0.582875 0.028533333333333334 0.024075000000000003
2 0.44119166666666665 0.587425 0.02781666666666667 0.0235375
2 0.47008333333333335 0.5879625 0.03281666666666667 0.024612500000000002
2 0.42300000000000004 0.5975874999999999 0.03138333333333333 0.019262500000000002
2 0.40374166666666667 0.60801875 0.027108333333333335 0.020862500000000003
2 0.38983333333333337 0.62273125 0.02781666666666667 0.022468750000000003
2 0.40730833333333333 0.63209375 0.025683333333333332 0.021937500000000002
2 0.42478333333333335 0.6155125 0.02781666666666667 0.021937500000000002
2 0.44297500000000006 0.60374375 0.025683333333333332 0.018725000000000002
2 0.4747166666666666 0.60374375 0.026391666666666667 0.018725000000000002
2 0.49112500000000003 0.614975 0.030675 0.023006250000000002
2 0.4372666666666667 0.64814375 0.028533333333333334 0.0262125
0 0.43370000000000003 0.62460625 0.027108333333333335 0.023006250000000002
0 0.45260833333333333 0.6141749999999999 0.02781666666666667 0.017118750000000002
0 0.459025 0.6288875 0.026391666666666667 0.023006250000000002
0 0.477925 0.62005625 0.025683333333333332 0.019262500000000002
0 0.48327499999999995 0.63263125 0.032100000000000004 0.019793750000000002
0 0.47008333333333335 0.6460062499999999 0.022825 0.018725000000000002
0 0.5242916666666666 0.6652687500000001 0.027108333333333335 0.01765625
0 0.5282166666666667 0.6821187500000001 0.030675 0.020331250000000002
0 0.5303583333333333 0.6979000000000001 0.02781666666666667 0.019793750000000002
2 0.4600916666666667 0.67061875 0.03281666666666667 0.023006250000000002
2 0.48577499999999996 0.6599187499999999 0.029958333333333337 0.020862500000000003
2 0.5050333333333333 0.64520625 0.027108333333333335 0.022468750000000003
2 0.5217999999999999 0.6553687499999999 0.02781666666666667 0.017118750000000002
2 0.48435 0.6767687499999999 0.028533333333333334 0.019262500000000002
2 0.5039666666666667 0.66686875 0.022116666666666666 0.018725000000000002
2 0.46794166666666664 0.6880062499999999 0.027108333333333335 0.019262500000000002
2 0.4889833333333333 0.69361875 0.02925 0.01765625
2 0.47115 0.70565625 0.033525 0.018187500000000002
2 0.507175 0.6823874999999999 0.025683333333333332 0.019793750000000002
2 0.5093166666666666 0.6987062500000001 0.02425 0.020331250000000002
2 0.49112500000000003 0.710475 0.030675 0.019262500000000002
2 0.5114583333333333 0.71769375 0.027108333333333335 0.019793750000000002
2 0.48827499999999996 0.72625625 0.032100000000000004 0.021937500000000002
2 0.5510416666666667 0.6987062500000001 0.02781666666666667 0.021400000000000002
2 0.536425 0.7201062500000001 0.029958333333333337 0.0235375
2 0.5620999999999999 0.7128812499999999 0.028533333333333334 0.019793750000000002
2 0.5706583333333333 0.72625625 0.029958333333333337 0.019793750000000002
2 0.5788666666666666 0.73883125 0.034949999999999995 0.022468750000000003
2 0.5934916666666668 0.753275 0.029958333333333337 0.020331250000000002
2 0.603475 0.76851875 0.028533333333333334 0.020862500000000003
2 0.6138166666666667 0.78109375 0.02781666666666667 0.021400000000000002
2 0.6263 0.796875 0.028533333333333334 0.01765625
2 0.63165 0.8134625 0.032100000000000004 0.021937500000000002
2 0.547475 0.73455 0.02925 0.020331250000000002
2 0.5539 0.7492624999999999 0.02781666666666667 0.020862500000000003
2 0.5720916666666667 0.75781875 0.03281666666666667 0.019793750000000002
2 0.5802916666666667 0.77386875 0.033525 0.021937500000000002
2 0.5917083333333333 0.78911875 0.02781666666666667 0.020331250000000002
2 0.5942 0.8038312500000001 0.03138333333333333 0.019793750000000002
2 0.6020500000000001 0.8196125000000001 0.028533333333333334 0.021400000000000002
2 0.5143083333333333 0.73294375 0.029958333333333337 0.020331250000000002
2 0.5289333333333334 0.7455124999999999 0.030675 0.018725000000000002
2 0.5325 0.7629 0.024966666666666668 0.021400000000000002
2 0.5542583333333333 0.7701250000000001 0.03281666666666667 0.020862500000000003
2 0.5588916666666667 0.78376875 0.032100000000000004 0.021400000000000002
2 0.5695916666666666 0.80035 0.030675 0.021400000000000002
2 0.5749416666666666 0.8169375 0.03138333333333333 0.021400000000000002
2 0.58065 0.8329875 0.03138333333333333 0.020331250000000002
2 0.4957583333333333 0.7484562499999999 0.029958333333333337 0.020331250000000002
2 0.5103833333333334 0.7591562500000001 0.030675 0.022468750000000003
2 0.5143083333333333 0.7757437500000001 0.029958333333333337 0.019262500000000002
2 0.5342833333333333 0.7805562500000001 0.029958333333333337 0.021400000000000002
2 0.51645 0.7947375 0.029958333333333337 0.023006250000000002
2 0.5385583333333334 0.7990125 0.03424166666666667 0.021937500000000002
2 0.5503333333333333 0.8131937499999999 0.03780833333333333 0.0235375
2 0.5599583333333333 0.8303125 0.029958333333333337 0.020331250000000002
2 0.563175 0.8474312500000001 0.032100000000000004 0.022468750000000003
2 0.6038333333333333 0.83940625 0.02781666666666667 0.022468750000000003
2 0.622375 0.8255 0.030675 0.0235375
2 0.6462749999999999 0.822825 0.028533333333333334 0.022468750000000003
2 0.6541166666666667 0.8370000000000001 0.028533333333333334 0.019793750000000002
2 0.627725 0.8426187500000001 0.03138333333333333 0.022468750000000003
2 0.5870666666666667 0.85331875 0.03138333333333333 0.0235375
2 0.5735166666666667 0.86749375 0.03281666666666667 0.019793750000000002
2 0.5777916666666667 0.88515 0.03281666666666667 0.024075000000000003
2 0.5991916666666667 0.87204375 0.028533333333333334 0.022468750000000003
2 0.6120333333333334 0.85733125 0.025683333333333332 0.020862500000000003
2 0.6230916666666667 0.8709749999999999 0.030675 0.021400000000000002
2 0.6059749999999999 0.88889375 0.032100000000000004 0.021937500000000002
2 0.643775 0.85225 0.030675 0.019262500000000002
2 0.6701666666666667 0.85545625 0.033525 0.025681250000000003
2 0.6484166666666666 0.8691 0.03138333333333333 0.021937500000000002
2 0.6373583333333334 0.8902312499999999 0.03638333333333333 0.022468750000000003
2 0.62345 0.9060124999999999 0.03424166666666667 0.020862500000000003
2 0.6491250000000001 0.9022687500000001 0.03138333333333333 0.023006250000000002
2 0.6655333333333333 0.9199250000000001 0.03424166666666667 0.020862500000000003
2 0.66125 0.88621875 0.03424166666666667 0.018725000000000002
2 0.67445 0.9012 0.030675 0.024075000000000003
2 0.6894333333333333 0.91484375 0.034949999999999995 0.022468750000000003
2 0.6833666666666667 0.8765875 0.03138333333333333 0.020862500000000003
2 0.697275 0.8913 0.03780833333333333 0.020331250000000002
2 0.71475 0.90735 0.03138333333333333 0.021400000000000002