1 0.5617708333333333 0.567060546875 0.04016927083333333 0.030126953125
1 0.56828125 0.52431640625 0.037994791666666666 0.029306640625
1 0.6051822916666666 0.538974609375 0.042330729166666664 0.03419921875
0 0.40598958333333335 0.429873046875 0.039075520833333335 0.032568359375
0 0.39350260416666666 0.44982421875 0.042330729166666664 0.031748046875
0 0.44018229166666667 0.448193359375 0.042330729166666664 0.03337890625
0 0.47058593750000005 0.45755859375 0.037994791666666666 0.0260546875
0 0.5221484375 0.45185546875 0.039075520833333335 0.0309375
0 0.5633984375 0.479541015625 0.036914062500000004 0.0309375
0 0.44561197916666667 0.471396484375 0.042330729166666664 0.027685546875
0 0.4808984375 0.478720703125 0.039075520833333335 0.0260546875
0 0.5123697916666666 0.48482421875 0.039075520833333335 0.030126953125
0 0.41792968750000004 0.4823828125 0.036914062500000004 0.02849609375
0 0.39350260416666666 0.4978515625 0.04450520833333333 0.031748046875
0 0.40653645833333335 0.517392578125 0.0358203125 0.030126953125
0 0.42933593750000004 0.502333984375 0.042330729166666664 0.032568359375
0 0.4591796875 0.495009765625 0.04125 0.027685546875
0 0.48578125 0.499072265625 0.04016927083333333 0.029306640625
0 0.4640625 0.51576171875 0.04016927083333333 0.025234375
0 0.43692708333333335 0.5247265625 0.04450520833333333 0.02849609375
0 0.4429036458333333 0.54955078125 0.045598958333333335 0.0309375
0 0.4700390625 0.5365234375 0.04342447916666667 0.0260546875
0 0.4939192708333333 0.521875 0.039075520833333335 0.032568359375
0 0.515625 0.50396484375 0.039075520833333335 0.032568359375
0 0.5449348958333333 0.514541015625 0.03256510416666667 0.032568359375
0 0.5232291666666666 0.528388671875 0.039075520833333335 0.0309375
0 0.5357161458333334 0.551181640625 0.042330729166666664 0.032568359375
0 0.5015234375000001 0.548330078125 0.04342447916666667 0.030126953125
0 0.47329427083333336 0.561357421875 0.047760416666666666 0.02849609375
0 0.48578125 0.582119140625 0.04450520833333333 0.0309375
0 0.5118359375 0.56787109375 0.04016927083333333 0.02849609375
0 0.5281119791666666 0.5906640625 0.042330729166666664 0.03337890625
0 0.4982682291666667 0.60451171875 0.047760416666666666 0.02849609375
0 0.5405989583333334 0.6146875 0.04342447916666667 0.0309375
0 0.5623046875000001 0.59595703125 0.04342447916666667 0.032568359375
0 0.5916145833333334 0.6118359375 0.039075520833333335 0.030126953125
0 0.5628515625 0.626494140625 0.042330729166666664 0.031748046875
0 0.5416796875 0.639111328125 0.04125 0.0309375
0 0.5726171875 0.648876953125 0.046679687500000004 0.0309375
0 0.5975911458333333 0.634228515625 0.042330729166666664 0.0309375
0 0.63015625 0.633408203125 0.04016927083333333 0.032568359375
0 0.660546875 0.644404296875 0.042330729166666664 0.035009765625
0 0.6062760416666667 0.657021484375 0.04016927083333333 0.03419921875
0 0.639921875 0.65783203125 0.046679687500000004 0.0309375
0 0.6974609374999999 0.65294921875 0.037994791666666666 0.032568359375
0 0.7294791666666667 0.6562109375 0.039075520833333335 0.029306640625
0 0.7658463541666666 0.657021484375 0.042330729166666664 0.029306640625
2 0.35442708333333334 0.532861328125 0.04450520833333333 0.035009765625
2 0.3663671875 0.407890625 0.042330729166666664 0.029306640625
2 0.38971354166666666 0.38671875 0.039075520833333335 0.0309375
2 0.42118489583333335 0.399345703125 0.03256510416666667 0.031748046875
2 0.4526692708333333 0.409521484375 0.039075520833333335 0.03419921875
2 0.3685416666666667 0.427021484375 0.042330729166666664 0.02849609375
2 0.37450520833333334 0.47546875 0.04342447916666667 0.0309375
2 0.3674609375 0.4514453125 0.037994791666666666 0.031748046875
2 0.38861979166666666 0.548330078125 0.04342447916666667 0.03337890625
2 0.4526692708333333 0.5886328125 0.039075520833333335 0.032568359375
2 0.4808984375 0.633408203125 0.039075520833333335 0.037451171875
2 0.5248567708333333 0.668828125 0.037994791666666666 0.031748046875
2 0.5590494791666667 0.675341796875 0.04342447916666667 0.02849609375
2 0.6996354166666667 0.6195703125 0.037994791666666666 0.032568359375
2 0.7354557291666667 0.625673828125 0.042330729166666664 0.031748046875
2 0.6681510416666666 0.618759765625 0.04450520833333333 0.0309375
2 0.6600130208333334 0.597998046875 0.052109375000000006 0.02849609375
0 0.6187630208333333 0.58578125 0.04125 0.030126953125
0 0.6068098958333333 0.558505859375 0.04125 0.027685546875
2 0.6475260416666667 0.5654296875 0.04016927083333333 0.031748046875
2 0.6817187499999999 0.55728515625 0.039075520833333335 0.035009765625
2 0.650234375 0.54263671875 0.04342447916666667 0.02849609375
2 0.64046875 0.520654296875 0.036914062500000004 0.025234375
2 0.650234375 0.494189453125 0.04125 0.029306640625
2 0.6133333333333334 0.481162109375 0.039075520833333335 0.0309375
2 0.6138671875 0.504365234375 0.04450520833333333 0.03337890625
2 0.77453125 0.631787109375 0.037994791666666666 0.0358203125
2 0.8212109375000001 0.6407421875 0.046679687500000004 0.03419921875
2 0.8217578125 0.665166015625 0.04342447916666667 0.0358203125
2 0.857578125 0.661904296875 0.052109375000000006 0.037451171875