0 0.2791333333333333 0.5820562499999999 0.044225 0.0338
0 0.30709166666666665 0.56484375 0.045066666666666665 0.034425
0 0.3450583333333333 0.5564 0.044225 0.03880625
0 0.3776083333333333 0.5410625 0.045899999999999996 0.035675
0 0.38345 0.57079375 0.04756666666666667 0.03254375
0 0.33671666666666666 0.58236875 0.045899999999999996 0.03191875
0 0.3121 0.60020625 0.04339166666666667 0.03505
0 0.3421416666666667 0.61616875 0.040058333333333335 0.03066875
0 0.3701 0.5936375 0.040891666666666666 0.03066875
0 0.4139083333333333 0.5501375000000001 0.041725 0.0287875
0 0.42225 0.5754874999999999 0.045066666666666665 0.03191875
0 0.45145833333333335 0.557025 0.045066666666666665 0.03755
0 0.4631416666666667 0.5855 0.046733333333333335 0.034425
0 0.4877583333333333 0.5676625 0.04255833333333334 0.03254375
0 0.453125 0.60803125 0.045066666666666665 0.034425
0 0.40848333333333336 0.59833125 0.045899999999999996 0.03004375
0 0.38261666666666666 0.6193 0.04756666666666667 0.03191875
0 0.42225 0.62399375 0.045066666666666665 0.0338
0 0.35758333333333336 0.6402625000000001 0.044225 0.027537500000000003
0 0.3196083333333333 0.640575 0.045066666666666665 0.03316875
0 0.28455833333333336 0.629625 0.045066666666666665 0.0338
0 0.2808083333333334 0.6559125 0.052575000000000004 0.0287875
0 0.30291666666666667 0.67969375 0.04339166666666667 0.0338
0 0.3354666666666667 0.6681125 0.041725 0.02941875
0 0.3721833333333333 0.6662375 0.041725 0.03316875
0 0.402225 0.6493375 0.045066666666666665 0.036925
0 0.4877583333333333 0.61616875 0.044225 0.03066875
0 0.5040333333333333 0.59050625 0.03838333333333333 0.03191875
0 0.54325 0.59395 0.04339166666666667 0.03129375
0 0.5257333333333333 0.61866875 0.045066666666666665 0.02941875
0 0.5027833333333334 0.64214375 0.04923333333333333 0.03004375
0 0.5178 0.668425 0.04255833333333334 0.03254375
0 0.4819166666666666 0.6674875 0.04756666666666667 0.03316875
0 0.453125 0.6865749999999999 0.0484 0.03505
0 0.49068333333333336 0.6940875 0.045066666666666665 0.03254375
2 0.24742500000000003 0.48223125000000006 0.052575000000000004 0.034425
2 0.21989166666666668 0.5032 0.04756666666666667 0.03505
2 0.2599416666666667 0.51070625 0.039225 0.0287875
2 0.23365833333333333 0.5326124999999999 0.04339166666666667 0.03505
2 0.271625 0.53605625 0.040891666666666666 0.03191875
2 0.28665 0.48692500000000005 0.04255833333333334 0.0338
2 0.3020833333333333 0.46470625 0.041725 0.02941875
2 0.32711666666666667 0.48880625 0.041725 0.03004375
2 0.34964999999999996 0.47159375 0.0484 0.035675
2 0.33921666666666667 0.5150875 0.04255833333333334 0.03004375
2 0.29415833333333335 0.51101875 0.044225 0.0256625
2 0.307925 0.5351187500000001 0.041725 0.03129375
2 0.23741666666666664 0.56015 0.04255833333333334 0.03004375
2 0.25035 0.58800625 0.040058333333333335 0.03316875
2 0.2674583333333333 0.6136625 0.039225 0.0281625
2 0.22615 0.6193 0.03838333333333333 0.0281625
2 0.2507666666666667 0.6390125 0.045899999999999996 0.03505
2 0.23199166666666665 0.66091875 0.045066666666666665 0.03755
2 0.23199166666666665 0.6931499999999999 0.046733333333333335 0.034425
2 0.2687083333333333 0.68689375 0.03838333333333333 0.03191875
2 0.2657833333333333 0.7138 0.040891666666666666 0.03191875
2 0.3062583333333333 0.721 0.05174166666666667 0.03755
2 0.34089166666666665 0.70285 0.039225 0.03129375
2 0.37385 0.7119249999999999 0.04339166666666667 0.02941875
2 0.39763333333333334 0.6931499999999999 0.04255833333333334 0.03316875
2 0.4347666666666667 0.7044125 0.041725 0.0281625
2 0.4752416666666666 0.7109875 0.040891666666666666 0.03254375
2 0.5119583333333334 0.7291374999999999 0.039225 0.03004375
2 0.5532666666666667 0.7353937500000001 0.045066666666666665 0.03755
2 0.5574416666666666 0.7069187499999999 0.0484 0.03943125
2 0.579975 0.68125625 0.04339166666666667 0.035675
2 0.5695416666666667 0.65434375 0.040891666666666666 0.034425
2 0.6070916666666667 0.65935 0.040891666666666666 0.03943125
2 0.5720416666666667 0.6286875 0.04255833333333334 0.036925
2 0.6150166666666667 0.63275 0.045066666666666665 0.03505
2 0.5995833333333334 0.60646875 0.044225 0.03004375
2 0.5895666666666667 0.58018125 0.044225 0.0338
2 0.5507666666666666 0.54638125 0.041725 0.03129375
2 0.5182166666666667 0.53699375 0.03838333333333333 0.0338
2 0.557025 0.57391875 0.039225 0.03254375
2 0.52865 0.569225 0.035883333333333337 0.03316875
2 0.48024999999999995 0.5294875 0.044225 0.03254375
2 0.46981666666666666 0.50131875 0.045066666666666665 0.03254375
2 0.392625 0.48098125 0.044225 0.034425
2 0.42892500000000006 0.49068125 0.03838333333333333 0.03004375
2 0.4038916666666667 0.50851875 0.041725 0.03066875
2 0.4401916666666667 0.52009375 0.04255833333333334 0.03129375
2 0.36300000000000004 0.49850625 0.04339166666666667 0.03191875
2 0.43268333333333336 0.6474625 0.034216666666666666 0.03066875