2 0.5572916666666666 0.32395625 0.025691666666666665 0.015625
2 0.5934 0.34140625 0.021525 0.01614375
2 0.5753499999999999 0.34948124999999997 0.022916666666666665 0.01770625
2 0.5638916666666667 0.36223750000000005 0.023608333333333332 0.01614375
2 0.5850666666666667 0.36770625 0.02014166666666667 0.01666875
2 0.5951416666666667 0.3559875 0.016666666666666666 0.0171875
2 0.6079833333333333 0.3471375 0.024308333333333335 0.0203125
2 0.625 0.35651249999999995 0.022225 0.0140625
2 0.609375 0.3638 0.022916666666666665 0.0140625
2 0.6052083333333333 0.37864375 0.025691666666666665 0.01666875
2 0.62465 0.3737 0.022916666666666665 0.0171875
2 0.6416666666666667 0.3638 0.022225 0.019268749999999998
2 0.6635416666666667 0.35729374999999997 0.022916666666666665 0.015625
2 0.6607666666666666 0.37421875 0.025691666666666665 0.01614375
2 0.64375 0.3841125 0.023608333333333332 0.0171875
2 0.677775 0.38203125 0.023608333333333332 0.0171875
2 0.66215 0.39270625000000003 0.025691666666666665 0.01666875
2 0.6958333333333333 0.389325 0.023608333333333332 0.01823125
2 0.6784749999999999 0.420575 0.022225 0.01823125
2 0.7111083333333333 0.4028625 0.020833333333333332 0.015106250000000002
2 0.6829833333333334 0.4015625 0.022916666666666665 0.015625
2 0.6993083333333333 0.4125 0.023608333333333332 0.014581249999999999
2 0.702775 0.42708125 0.026391666666666667 0.01770625
2 0.5690999999999999 0.379425 0.025691666666666665 0.01823125
2 0.5888916666666666 0.38958125000000005 0.020833333333333332 0.015625
2 0.6107666666666667 0.3953125 0.022916666666666665 0.01875
2 0.628125 0.3921875 0.02014166666666667 0.015625
2 0.6430583333333333 0.401825 0.022225 0.0171875
2 0.6566 0.41354375 0.022916666666666665 0.01666875
2 0.625 0.40703125 0.019441666666666666 0.01614375
2 0.6048583333333334 0.40989375 0.022225 0.014581249999999999
2 0.5847249999999999 0.4046875 0.020833333333333332 0.015625
2 0.5652750000000001 0.39453125 0.022225 0.015106250000000002
2 0.5611083333333333 0.4078125 0.025 0.014581249999999999
2 0.5809000000000001 0.41901249999999995 0.022916666666666665 0.0140625
2 0.6149333333333333 0.423175 0.024308333333333335 0.015106250000000002
2 0.6364583333333333 0.41823125 0.02014166666666667 0.01354375
2 0.6305583333333333 0.43333125 0.019441666666666666 0.014581249999999999
2 0.6548583333333333 0.42916875 0.022225 0.014581249999999999
2 0.6489583333333333 0.44140625 0.021525 0.015106250000000002
2 0.672225 0.43567500000000003 0.023608333333333332 0.01614375
2 0.6784749999999999 0.421875 0.022225 0.01770625
2 0.55625 0.42291874999999995 0.026391666666666667 0.01666875
2 0.5760416666666667 0.434375 0.022916666666666665 0.015625
2 0.596875 0.428125 0.02014166666666667 0.014581249999999999
2 0.5930583333333334 0.4421875 0.019441666666666666 0.014581249999999999
2 0.6107666666666667 0.43932499999999997 0.022916666666666665 0.015106250000000002
2 0.6298583333333334 0.44895625 0.022225 0.014581249999999999
2 0.6079833333333333 0.45390625 0.022916666666666665 0.015106250000000002
2 0.5538166666666667 0.4372375 0.025691666666666665 0.01614375
2 0.5309 0.44323124999999997 0.022916666666666665 0.01875
2 0.5489583333333333 0.45104374999999997 0.021525 0.01666875
2 0.5715250000000001 0.44635624999999995 0.019441666666666666 0.014581249999999999
2 0.5868083333333333 0.45755 0.022225 0.0140625
2 0.565625 0.460675 0.022916666666666665 0.0171875
2 0.6027750000000001 0.46640625 0.022225 0.0171875
2 0.6260416666666667 0.460675 0.022916666666666665 0.01823125
2 0.6173583333333333 0.476825 0.027774999999999998 0.01614375
2 0.5819416666666667 0.473175 0.022225 0.01614375
2 0.5322916666666667 0.4596375 0.022916666666666665 0.01614375
2 0.547225 0.4690125 0.022225 0.015106250000000002
2 0.5614583333333333 0.4796875 0.022916666666666665 0.01666875
2 0.521525 0.47395625 0.022225 0.01666875
2 0.5392333333333333 0.48176875 0.021525 0.01666875
2 0.5493083333333333 0.49245 0.026391666666666667 0.019268749999999998
2 0.5767333333333333 0.48828125 0.022916666666666665 0.019268749999999998
2 0.5975666666666667 0.4809875 0.017358333333333333 0.015106250000000002
2 0.6142333333333334 0.49245 0.024308333333333335 0.0171875
2 0.59375 0.49817500000000003 0.025 0.0140625
2 0.56875 0.50234375 0.027774999999999998 0.0140625
2 0.5871500000000001 0.51171875 0.024308333333333335 0.015106250000000002
2 0.5142333333333333 0.48801875 0.027083333333333334 0.01770625
2 0.5316 0.49765625 0.022916666666666665 0.01614375
2 0.5055583333333333 0.50208125 0.025 0.01770625
2 0.5225666666666667 0.5119812499999999 0.022916666666666665 0.014581249999999999
2 0.5479166666666667 0.50833125 0.023608333333333332 0.01666875
2 0.5416666666666666 0.5208312500000001 0.025 0.01770625
2 0.5635416666666667 0.51640625 0.024308333333333335 0.0171875
2 0.584375 0.5283875 0.022916666666666665 0.015106250000000002
2 0.559375 0.53020625 0.025691666666666665 0.01770625
2 0.577775 0.54140625 0.023608333333333332 0.01614375
2 0.572225 0.5559875000000001 0.026391666666666667 0.01823125
2 0.5680583333333333 0.56979375 0.026391666666666667 0.015625
2 0.5645833333333333 0.584375 0.027774999999999998 0.01666875
2 0.5538166666666667 0.54583125 0.027083333333333334 0.015625
2 0.5486083333333334 0.5591125 0.025 0.0140625
2 0.5451416666666666 0.575 0.025 0.015625
2 0.5427083333333333 0.59140625 0.024308333333333335 0.0171875
2 0.5388916666666667 0.5364562500000001 0.023608333333333332 0.019793750000000002
2 0.521525 0.5260437499999999 0.022225 0.01666875
2 0.5024333333333333 0.51875 0.028475 0.014581249999999999
2 0.4819416666666667 0.5127625 0.026391666666666667 0.01614375
2 0.5316 0.54895625 0.024308333333333335 0.01770625
2 0.5142333333333333 0.54010625 0.024308333333333335 0.01666875
2 0.49652500000000005 0.53176875 0.030558333333333333 0.019793750000000002
2 0.4732666666666666 0.5270812500000001 0.025691666666666665 0.01770625
2 0.527775 0.5640625 0.025 0.019793750000000002
2 0.5118083333333333 0.55625 0.025 0.01770625
2 0.49375 0.54765625 0.025 0.015106250000000002
2 0.47465 0.54296875 0.025691666666666665 0.01614375
2 0.525 0.5822937499999999 0.022225 0.01875
2 0.5076416666666667 0.57239375 0.023608333333333332 0.01666875
2 0.4913166666666667 0.56354375 0.024308333333333335 0.015625
2 0.4732666666666666 0.558075 0.022916666666666665 0.01614375
2 0.4510416666666667 0.55078125 0.027083333333333334 0.0171875
2 0.43264166666666665 0.56301875 0.025 0.01770625
2 0.453125 0.5658875 0.022916666666666665 0.0171875
2 0.4743083333333333 0.571875 0.023608333333333332 0.01875
2 0.4913166666666667 0.5796875 0.021525 0.01666875
2 0.5069416666666667 0.5875 0.025 0.019793750000000002
2 0.521525 0.5987 0.023608333333333332 0.0171875
2 0.5395833333333333 0.61015625 0.022225 0.01614375
2 0.4399333333333333 0.57760625 0.021525 0.015625
2 0.459375 0.58255 0.021525 0.01614375
2 0.47639166666666666 0.5903625 0.020833333333333332 0.015106250000000002
2 0.49270833333333336 0.5997375 0.024308333333333335 0.0171875
2 0.5083333333333333 0.60989375 0.022225 0.01666875
2 0.5243083333333333 0.62109375 0.025 0.0203125
2 0.42569166666666663 0.5890625 0.025 0.01770625
2 0.44583333333333336 0.59270625 0.020833333333333332 0.01770625
2 0.4642333333333334 0.6018249999999999 0.021525 0.0171875
2 0.4816 0.6127625 0.024308333333333335 0.0171875
2 0.497225 0.62265625 0.023608333333333332 0.0171875
2 0.5107666666666666 0.6359375 0.02014166666666667 0.015625
2 0.427775 0.6046875 0.025 0.015625
2 0.4461833333333333 0.6122375 0.022916666666666665 0.01614375
2 0.4642333333333334 0.6197937499999999 0.021525 0.01875
2 0.4822916666666667 0.62995 0.025691666666666665 0.0171875
2 0.42604166666666665 0.62109375 0.025691666666666665 0.0171875
2 0.44514166666666666 0.628125 0.023608333333333332 0.01666875
2 0.4642333333333334 0.6375 0.021525 0.015625
2 0.42639166666666667 0.6359375 0.023608333333333332 0.01666875
2 0.4430583333333333 0.64426875 0.022225 0.015625
2 0.4635416666666667 0.65364375 0.02014166666666667 0.01666875
2 0.4829833333333334 0.6453125 0.022916666666666665 0.015625
2 0.5045166666666666 0.65104375 0.021525 0.015625
2 0.4850666666666667 0.66145625 0.024308333333333335 0.01666875
2 0.5069416666666667 0.666925 0.022225 0.01614375
2 0.4239583333333333 0.65260625 0.022916666666666665 0.01770625
2 0.4013916666666667 0.65729375 0.025 0.02083125
2 0.4420166666666666 0.6606749999999999 0.021525 0.0171875
2 0.4204833333333333 0.6674500000000001 0.024308333333333335 0.01614375
2 0.46041666666666664 0.66796875 0.022225 0.0171875
2 0.43923333333333336 0.67604375 0.024308333333333335 0.014581249999999999
2 0.4798583333333334 0.6747375 0.026391666666666667 0.0171875
2 0.47222499999999995 0.6875 0.027774999999999998 0.01666875
2 0.447225 0.69114375 0.026391666666666667 0.01770625
2 0.42083333333333334 0.68333125 0.023608333333333332 0.01666875
2 0.3993083333333333 0.6762999999999999 0.023608333333333332 0.01823125
2 0.4204833333333333 0.6984375 0.022916666666666665 0.01666875
2 0.396875 0.698175 0.022916666666666665 0.0171875
2 0.4388916666666666 0.7065125000000001 0.023608333333333332 0.0171875
2 0.4618083333333333 0.7010437500000001 0.023608333333333332 0.01666875
2 0.47222499999999995 0.71745 0.023608333333333332 0.019268749999999998
2 0.45139166666666664 0.71953125 0.023608333333333332 0.0171875
2 0.415625 0.7122375 0.022916666666666665 0.01823125
2 0.3923583333333333 0.715625 0.025 0.01770625
2 0.37083333333333335 0.72551875 0.027774999999999998 0.019793750000000002
2 0.39965 0.73046875 0.021525 0.01614375
2 0.4274333333333333 0.72578125 0.024308333333333335 0.015106250000000002
2 0.415275 0.73984375 0.020833333333333332 0.019268749999999998
2 0.43645833333333334 0.7403624999999999 0.024308333333333335 0.01823125
2 0.4600666666666667 0.7322937500000001 0.022916666666666665 0.01666875
2 0.45485833333333336 0.74921875 0.025 0.01823125
2 0.384375 0.7408875 0.027083333333333334 0.0171875
2 0.40035000000000004 0.7502625 0.02014166666666667 0.0171875
2 0.4232666666666667 0.7557312500000001 0.022916666666666665 0.01666875
2 0.4430583333333333 0.76198125 0.023608333333333332 0.01770625
2 0.365625 0.76458125 0.025691666666666665 0.019793750000000002
2 0.3892333333333333 0.76823125 0.01875 0.01770625
2 0.41214999999999996 0.76796875 0.022916666666666665 0.01823125
2 0.42916666666666664 0.7768250000000001 0.025 0.01614375
2 0.45139166666666664 0.7794249999999999 0.026391666666666667 0.019268749999999998
2 0.35347500000000004 0.78020625 0.026391666666666667 0.01666875
2 0.37535 0.7833312499999999 0.027083333333333334 0.01770625
2 0.40035000000000004 0.78359375 0.021525 0.0171875
2 0.4184 0.79166875 0.022916666666666665 0.01666875
2 0.44166666666666665 0.7953125 0.023608333333333332 0.01770625
2 0.35555833333333337 0.79583125 0.025 0.01770625
2 0.37951666666666667 0.7973937499999999 0.027083333333333334 0.01770625
2 0.4013916666666667 0.80104375 0.022225 0.01770625
2 0.42256666666666665 0.8067687499999999 0.021525 0.019793750000000002
2 0.4427083333333333 0.81328125 0.025691666666666665 0.01823125
2 0.346875 0.81171875 0.027083333333333334 0.0171875
2 0.36944166666666667 0.8140625 0.023608333333333332 0.01666875
2 0.39131666666666665 0.81666875 0.022916666666666665 0.01875
2 0.4111083333333333 0.8234375 0.020833333333333332 0.01770625
2 0.43090000000000006 0.82890625 0.022916666666666665 0.01614375
2 0.35347500000000004 0.83046875 0.023608333333333332 0.0171875
2 0.37604166666666666 0.83073125 0.022916666666666665 0.01770625
2 0.3993083333333333 0.8362 0.022225 0.0203125
2 0.4201416666666667 0.84245 0.022225 0.01614375
2 0.340275 0.8442687499999999 0.025 0.02083125
2 0.36285 0.84453125 0.022916666666666665 0.0171875
2 0.384025 0.8497374999999999 0.020833333333333332 0.019268749999999998
2 0.40208333333333335 0.85390625 0.027774999999999998 0.0171875
2 0.42985833333333334 0.854425 0.029166666666666667 0.02239375
2 0.33055833333333334 0.8627625000000001 0.022225 0.0171875
2 0.35694166666666666 0.8614562499999999 0.023608333333333332 0.01770625
2 0.3798583333333333 0.864325 0.019441666666666666 0.01823125
2 0.39895833333333336 0.87239375 0.024308333333333335 0.01770625
2 0.4204833333333333 0.871875 0.025691666666666665 0.01770625
2 0.334725 0.88203125 0.025 0.019268749999999998
2 0.35868333333333335 0.878125 0.022916666666666665 0.01875
2 0.3770833333333333 0.8833312499999999 0.025 0.019793750000000002
2 0.40243333333333337 0.88828125 0.025691666666666665 0.01823125
2 0.42535 0.88801875 0.024308333333333335 0.019793750000000002
2 0.35 0.89609375 0.020833333333333332 0.0171875
2 0.3701416666666667 0.8989562499999999 0.023608333333333332 0.01666875
2 0.39166666666666666 0.9028624999999999 0.026391666666666667 0.01823125
2 0.41597500000000004 0.90546875 0.026391666666666667 0.0171875
2 0.34444166666666665 0.914325 0.026391666666666667 0.01614375
2 0.3663166666666667 0.9161437499999999 0.022916666666666665 0.015625
2 0.38993333333333335 0.9197937500000001 0.024308333333333335 0.01770625
2 0.4170166666666667 0.9221375 0.028475 0.01614375
2 0.35035 0.9317687499999999 0.027083333333333334 0.01875
2 0.3736083333333333 0.9317687499999999 0.023608333333333332 0.019793750000000002
2 0.39895833333333336 0.9346375 0.025691666666666665 0.01823125
2 0.422225 0.9377625 0.026391666666666667 0.0203125
2 0.35660000000000003 0.9466125 0.028475 0.01823125
2 0.38264166666666666 0.94921875 0.020833333333333332 0.01614375
2 0.40347500000000003 0.9528625 0.022225 0.015106250000000002
2 0.42535 0.95625 0.03125 0.02083125
2 0.34305833333333335 0.96354375 0.025 0.019793750000000002
2 0.36944166666666667 0.9627625000000001 0.023608333333333332 0.0171875
2 0.3927083333333333 0.96770625 0.024308333333333335 0.019793750000000002
2 0.4149333333333333 0.9734375 0.027083333333333334 0.01875