0 0.307875 0.66155625 0.031158333333333333 0.02336875
0 0.3279 0.6718437500000001 0.023741666666666664 0.0228125
0 0.3549833333333334 0.67685625 0.02745 0.026150000000000003
0 0.3802 0.6810250000000001 0.030416666666666668 0.02781875
0 0.40505833333333335 0.6874250000000001 0.032641666666666666 0.026150000000000003
2 0.13279166666666667 0.5711375000000001 0.038575 0.0272625
2 0.16024166666666667 0.5772625 0.032641666666666666 0.0228125
2 0.13613333333333336 0.59450625 0.0319 0.0228125
2 0.16135833333333333 0.6003499999999999 0.030416666666666668 0.025593750000000002
2 0.15319166666666667 0.62038125 0.0319 0.026706249999999997
2 0.17545 0.630675 0.025966666666666666 0.0217
2 0.194 0.64653125 0.028933333333333332 0.025593750000000002
2 0.18138333333333334 0.60953125 0.028933333333333332 0.0217
2 0.18583333333333332 0.58755 0.030416666666666668 0.025593750000000002
2 0.209575 0.580875 0.033383333333333334 0.025593750000000002
2 0.23405833333333334 0.591725 0.03486666666666667 0.0217
2 0.20809166666666667 0.6003499999999999 0.033383333333333334 0.02114375
2 0.22775 0.61315 0.031158333333333333 0.02336875
2 0.2003 0.62371875 0.032641666666666666 0.02781875
2 0.2177333333333333 0.63985625 0.0319 0.022256249999999998
2 0.24333333333333335 0.6295625 0.029675 0.0250375
2 0.26521666666666666 0.6175999999999999 0.03635 0.026706249999999997
2 0.277825 0.6003499999999999 0.028933333333333332 0.02448125
2 0.291925 0.62566875 0.0319 0.0250375
2 0.3101 0.60925 0.032641666666666666 0.02336875
2 0.26966666666666667 0.63901875 0.0319 0.023925000000000002
2 0.2945166666666667 0.6470874999999999 0.02670833333333333 0.025593750000000002
2 0.2659583333333333 0.659325 0.0319 0.02336875
2 0.24666666666666667 0.64959375 0.0319 0.0272625
2 0.2199583333333333 0.66071875 0.03635 0.026150000000000003
2 0.19510833333333333 0.6671187500000001 0.034125 0.02448125
2 0.21514166666666668 0.6810250000000001 0.03560833333333333 0.02336875
2 0.244075 0.6718437500000001 0.034125 0.023925000000000002
2 0.24963333333333335 0.6899312500000001 0.03486666666666667 0.026706249999999997
2 0.27523333333333333 0.69883125 0.03560833333333333 0.03004375
2 0.27337500000000003 0.6788 0.0319 0.03115625
2 0.30008333333333337 0.6899312500000001 0.02745 0.026706249999999997
2 0.316775 0.635125 0.031158333333333333 0.026150000000000003
2 0.33569166666666667 0.62149375 0.030416666666666668 0.02114375
2 0.36017499999999997 0.6276125 0.030416666666666668 0.025593750000000002
2 0.3401416666666667 0.6434687499999999 0.033383333333333334 0.028374999999999997
2 0.36685 0.6470874999999999 0.0319 0.026706249999999997
2 0.3854 0.63456875 0.030416666666666668 0.023925000000000002
2 0.38650833333333334 0.6546 0.032641666666666666 0.026150000000000003
2 0.41099166666666664 0.6420812499999999 0.029675 0.025593750000000002
2 0.41209999999999997 0.66405625 0.0319 0.023925000000000002
2 0.43435833333333335 0.63679375 0.0319 0.026150000000000003
2 0.4365833333333333 0.65543125 0.03486666666666667 0.025593750000000002
2 0.4402916666666667 0.6751874999999999 0.033383333333333334 0.0250375
2 0.45846666666666663 0.64235625 0.029675 0.0272625
2 0.4606916666666667 0.6621125000000001 0.03709166666666666 0.02781875
2 0.4822083333333333 0.645975 0.029675 0.026706249999999997
2 0.503725 0.63261875 0.029675 0.02336875
2 0.5048333333333332 0.6543187500000001 0.0319 0.02336875
2 0.52635 0.645975 0.0319 0.025593750000000002
2 0.48925833333333335 0.6690625 0.0319 0.028374999999999997
2 0.4655166666666667 0.68464375 0.03635 0.0294875
2 0.44622500000000004 0.69576875 0.028933333333333332 0.0228125
2 0.4262 0.7041187499999999 0.033383333333333334 0.0250375
2 0.40690833333333337 0.7185812500000001 0.030416666666666668 0.023925000000000002
2 0.380575 0.71135 0.034125 0.0272625
2 0.35015833333333335 0.70523125 0.031158333333333333 0.0250375
2 0.3253083333333333 0.6977187499999999 0.0319 0.026706249999999997
2 0.33235 0.7219249999999999 0.032641666666666666 0.0272625
2 0.3590583333333333 0.72831875 0.038575 0.02893125
2 0.38502499999999995 0.73333125 0.03560833333333333 0.026706249999999997
2 0.430275 0.7311 0.028191666666666667 0.026706249999999997
2 0.4503083333333333 0.7183062499999999 0.03709166666666666 0.025593750000000002
2 0.45698333333333335 0.7380562500000001 0.034125 0.026150000000000003
2 0.4751583333333334 0.7222 0.030416666666666668 0.022256249999999998
2 0.47070833333333334 0.70328125 0.028933333333333332 0.025593750000000002
2 0.49445 0.6899312500000001 0.033383333333333334 0.026706249999999997
2 0.49853333333333333 0.70940625 0.034125 0.025593750000000002
2 0.5022416666666667 0.7299875 0.034125 0.025593750000000002
2 0.487775 0.7466812500000001 0.03635 0.025593750000000002
2 0.513 0.7497437499999999 0.033383333333333334 0.026150000000000003
2 0.5122583333333334 0.67685625 0.03486666666666667 0.026150000000000003
2 0.5300583333333334 0.6646125 0.028933333333333332 0.0217
2 0.5382166666666667 0.68464375 0.030416666666666668 0.0250375
2 0.56085 0.67463125 0.031158333333333333 0.023925000000000002
2 0.5619583333333333 0.69243125 0.03486666666666667 0.023925000000000002
2 0.5408166666666667 0.7038375000000001 0.034125 0.02114375
2 0.5189333333333334 0.69576875 0.030416666666666668 0.0228125
2 0.5219 0.71608125 0.0319 0.025593750000000002
2 0.531175 0.7358312499999999 0.034125 0.026150000000000003
2 0.551575 0.7222 0.0319 0.02448125
2 0.5716 0.7116312499999999 0.03486666666666667 0.025593750000000002
2 0.571975 0.7311 0.038575 0.026706249999999997
2 0.5552833333333334 0.74139375 0.025966666666666666 0.0250375
2 0.5371083333333333 0.7569750000000001 0.031158333333333333 0.0250375
2 0.5586166666666667 0.76726875 0.031158333333333333 0.02114375
2 0.57865 0.75308125 0.029675 0.023925000000000002
2 0.594975 0.7427875 0.02670833333333333 0.02448125
2 0.5964583333333333 0.7219249999999999 0.032641666666666666 0.023925000000000002
2 0.6201916666666667 0.7077312499999999 0.034125 0.026706249999999997
2 0.6209333333333333 0.7330500000000001 0.034125 0.0272625
2 0.619825 0.75224375 0.039316666666666666 0.026706249999999997
2 0.5983083333333333 0.76393125 0.0319 0.02336875
2 0.5801333333333333 0.77811875 0.032641666666666666 0.0250375
2 0.6035 0.78535 0.0319 0.026150000000000003
2 0.6224166666666666 0.7736687499999999 0.034125 0.026150000000000003
2 0.6454166666666666 0.763375 0.029675 0.022256249999999998
2 0.6387416666666667 0.7427875 0.03709166666666666 0.02781875