2 0.26495 0.5357437500000001 0.039225 0.026287500000000002
2 0.24617500000000003 0.55483125 0.033383333333333334 0.02190625
2 0.27621666666666667 0.5592125 0.03170833333333333 0.020656249999999998
2 0.23449166666666665 0.57455 0.033383333333333334 0.026287500000000002
2 0.26161666666666666 0.5748624999999999 0.035883333333333337 0.0256625
2 0.24409166666666668 0.5920687499999999 0.029208333333333333 0.023781249999999997
2 0.2662 0.5955125 0.030041666666666664 0.02190625
2 0.2904 0.5848749999999999 0.030041666666666664 0.024406249999999997
2 0.4940166666666667 0.6662375 0.030041666666666664 0.026912500000000002
2 0.5036166666666667 0.64433125 0.0242 0.02941875
0 0.5278166666666667 0.6540312500000001 0.03254166666666666 0.03004375