2 0.8056510416666667 0.701298828125 0.019739583333333335 0.01533203125
2 0.5992317708333333 0.38548828125 0.015156250000000001 0.01345703125
2 0.5728385416666667 0.426376953125 0.016015625000000002 0.012666015625
2 0.63296875 0.443388671875 0.020729166666666667 0.016015625
2 0.6193489583333334 0.4503515625 0.01640625 0.012763671875
2 0.6088281249999999 0.459404296875 0.018880208333333332 0.015087890625
2 0.6256901041666666 0.457783203125 0.017330729166666666 0.013232421875
2 0.6208984375000001 0.469150390625 0.017643229166666666 0.0118359375
2 0.6055729166666667 0.47205078125 0.01609375 0.0116015625
2 0.687890625 0.44048828125 0.0198046875 0.01625
2 0.7053776041666667 0.437705078125 0.01640625 0.012529296875
2 0.7171354166666667 0.428076171875 0.020117187499999998 0.013232421875
2 0.7226953125 0.43654296875 0.01825520833333333 0.012529296875
2 0.7126432291666666 0.449189453125 0.0191796875 0.016474609375
2 0.7278125000000001 0.45453125 0.021041666666666667 0.01416015625
2 0.7157421875000001 0.46451171875 0.016705729166666666 0.0123046875
2 0.7318229166666667 0.46822265625 0.017330729166666666 0.015087890625
2 0.7127994791666666 0.479248046875 0.020729166666666667 0.014384765625
2 0.72765625 0.480986328125 0.017018229166666666 0.015546875
2 0.71125 0.4902734375 0.01640625 0.013232421875
2 0.69546875 0.494453125 0.021354166666666664 0.01369140625
2 0.7284244791666666 0.49607421875 0.0191796875 0.012763671875
2 0.7104817708333333 0.502685546875 0.01609375 0.01345703125
2 0.7228515624999999 0.51 0.01609375 0.0113671875
2 0.7008854166666666 0.514521484375 0.022278645833333333 0.012998046875
2 0.6736588541666667 0.51556640625 0.022903645833333333 0.01416015625
2 0.6238281250000001 0.49583984375 0.0191796875 0.0123046875
2 0.6106770833333334 0.501181640625 0.0194921875 0.015546875
2 0.7237890625 0.522646484375 0.021666666666666667 0.014384765625
2 0.7056770833333333 0.52798828125 0.01825520833333333 0.014853515625
2 0.6908333333333333 0.529033203125 0.0194921875 0.016015625
2 0.6721093749999999 0.528798828125 0.024752604166666668 0.015087890625
2 0.6648307291666666 0.53935546875 0.017643229166666666 0.01392578125
2 0.68015625 0.54318359375 0.016705729166666666 0.01416015625
2 0.6974869791666666 0.541328125 0.018567708333333332 0.0123046875
2 0.6623567708333333 0.55142578125 0.0194921875 0.01345703125
2 0.687109375 0.55560546875 0.021966145833333336 0.012998046875
2 0.6632812499999999 0.5653515625 0.026302083333333334 0.014384765625
2 0.6872656250000001 0.566513671875 0.020416666666666666 0.012529296875
2 0.6629817708333333 0.577529296875 0.021966145833333336 0.01369140625
2 0.68 0.578232421875 0.01578125 0.0123046875
2 0.69578125 0.57916015625 0.01578125 0.0123046875
2 0.6690104166666666 0.590185546875 0.018567708333333332 0.01345703125
2 0.688046875 0.591455078125 0.018880208333333332 0.013232421875
2 0.6453385416666667 0.600625 0.01825520833333333 0.0116015625
2 0.6772135416666667 0.60294921875 0.023828125000000002 0.012529296875
2 0.7104817708333333 0.587392578125 0.018567708333333332 0.014384765625
2 0.7279557291666667 0.586123046875 0.01825520833333333 0.015087890625
2 0.7364713541666666 0.574052734375 0.020416666666666666 0.016474609375
2 0.7022786458333333 0.598076171875 0.01640625 0.01392578125
2 0.7134114583333333 0.605146484375 0.018880208333333332 0.016943359375
2 0.7395703125 0.5930859375 0.0198046875 0.01416015625
2 0.7312109375000001 0.60642578125 0.01794270833333333 0.014384765625
2 0.7466796875 0.60875 0.0198046875 0.01392578125
2 0.7425 0.62 0.021354166666666664 0.014619140625
2 0.726875 0.619541015625 0.0198046875 0.01416015625
2 0.7061458333333334 0.619189453125 0.018567708333333332 0.0120703125
2 0.6936067708333334 0.61060546875 0.020729166666666667 0.012998046875
2 0.6753515625 0.6162890625 0.020729166666666667 0.015087890625
2 0.6902083333333334 0.62673828125 0.021966145833333336 0.014619140625
2 0.6979427083333333 0.637177734375 0.020729166666666667 0.01369140625
2 0.7155859375000001 0.62998046875 0.020117187499999998 0.012763671875
2 0.7169791666666666 0.641708984375 0.018567708333333332 0.012998046875
2 0.7335286458333333 0.63451171875 0.018880208333333332 0.014384765625
2 0.7483854166666667 0.635087890625 0.01825520833333333 0.01416015625
2 0.703984375 0.651337890625 0.021666666666666667 0.015087890625
2 0.7318229166666667 0.64982421875 0.0191796875 0.01578125
2 0.7486979166666666 0.650751953125 0.020729166666666667 0.014853515625
2 0.5876302083333333 0.3955859375 0.0191796875 0.01369140625