0 0.46981666666666666 0.397425 0.045066666666666665 0.03004375
0 0.4756583333333333 0.42215 0.04339166666666667 0.026912500000000002
0 0.5065333333333334 0.40963125 0.041725 0.03066875
0 0.5265666666666666 0.42871875000000004 0.04339166666666667 0.03254375
0 0.5657833333333334 0.42903125000000003 0.041725 0.03316875
0 0.5006916666666666 0.442175 0.03838333333333333 0.0281625
0 0.436025 0.43028750000000004 0.04255833333333334 0.0281625
0 0.4038916666666667 0.43779375000000004 0.033383333333333334 0.0281625
0 0.43143333333333334 0.45313125 0.04339166666666667 0.03129375
0 0.4623083333333333 0.44749375 0.041725 0.03129375
0 0.42183333333333334 0.47503124999999996 0.040891666666666666 0.03129375
0 0.45605 0.47033749999999996 0.045899999999999996 0.03191875
0 0.4952666666666667 0.46345624999999996 0.039225 0.03191875
0 0.5319916666666666 0.45313125 0.04255833333333334 0.03129375
0 0.5278166666666667 0.4787875 0.045899999999999996 0.0338
0 0.5687083333333334 0.47534999999999994 0.039225 0.03191875
0 0.46814999999999996 0.4963125 0.041725 0.027537500000000003
0 0.5032 0.48755000000000004 0.045066666666666665 0.026287500000000002
0 0.43518333333333337 0.50163125 0.039225 0.02941875
0 0.43518333333333337 0.52729375 0.044225 0.026912500000000002
0 0.46814999999999996 0.5188437499999999 0.046733333333333335 0.03129375
0 0.5198916666666666 0.50726875 0.04339166666666667 0.02941875
0 0.5549333333333333 0.49881875000000003 0.045066666666666665 0.03254375
0 0.5899833333333333 0.49881875000000003 0.045066666666666665 0.03004375
0 0.605425 0.521975 0.045899999999999996 0.03254375
0 0.5632833333333334 0.5235375 0.045066666666666665 0.0281625
0 0.5048666666666667 0.52791875 0.045066666666666665 0.026912500000000002
0 0.5344916666666667 0.5404375 0.04255833333333334 0.02941875
0 0.5649500000000001 0.5545187500000001 0.04339166666666667 0.03004375
0 0.5899833333333333 0.5429437500000001 0.046733333333333335 0.026912500000000002
0 0.61335 0.56515625 0.04339166666666667 0.0338
0 0.4055666666666667 0.557025 0.03671666666666667 0.03129375
0 0.43518333333333337 0.55233125 0.040891666666666666 0.03191875
0 0.4293416666666667 0.5758 0.035883333333333337 0.03129375
0 0.47106666666666663 0.542625 0.039225 0.0287875
0 0.4731583333333333 0.566725 0.03838333333333333 0.03066875
0 0.5065333333333334 0.55358125 0.040058333333333335 0.02941875
0 0.5036166666666667 0.5761125 0.040891666666666666 0.03191875
0 0.5344916666666667 0.5664125 0.035883333333333337 0.03004375
0 0.54075 0.5914437499999999 0.035050000000000005 0.03129375
0 0.5695416666666667 0.5786125 0.040891666666666666 0.02941875
0 0.5724583333333334 0.6045875 0.040058333333333335 0.0287875
0 0.6025 0.59081875 0.040058333333333335 0.03254375
0 0.6342166666666667 0.60646875 0.040058333333333335 0.03004375
0 0.6025 0.61835625 0.04339166666666667 0.0287875
0 0.5749666666666667 0.63025 0.045066666666666665 0.027537500000000003
0 0.5369916666666666 0.61648125 0.044225 0.0287875
0 0.5052833333333333 0.6049 0.044225 0.026912500000000002
0 0.465225 0.59081875 0.04255833333333334 0.03129375
0 0.43935833333333335 0.6124125 0.03755 0.03066875
0 0.472325 0.6142875 0.040058333333333335 0.0281625
0 0.4356083333333334 0.6377625 0.045066666666666665 0.03004375
0 0.4689833333333333 0.63619375 0.04339166666666667 0.03066875
0 0.4610583333333333 0.6581 0.04255833333333334 0.03066875
0 0.5082083333333334 0.6311875 0.04339166666666667 0.02941875
0 0.50195 0.65465625 0.04255833333333334 0.026287500000000002
0 0.5411666666666667 0.6402625000000001 0.03755 0.03129375
0 0.5319916666666666 0.665925 0.045899999999999996 0.0287875
0 0.5023666666666667 0.6765625 0.041725 0.0287875
0 0.5290666666666667 0.68783125 0.046733333333333335 0.03004375
0 0.5645333333333333 0.68000625 0.044225 0.02941875
0 0.5712083333333333 0.6571625 0.039225 0.03129375
0 0.5962416666666667 0.6446437500000001 0.039225 0.027537500000000003
0 0.629625 0.63463125 0.045899999999999996 0.0338
0 0.594575 0.67093125 0.045899999999999996 0.0338
0 0.628375 0.6634187500000001 0.040058333333333335 0.03004375
2 0.41015 0.37426875000000004 0.04255833333333334 0.03129375
2 0.44311666666666666 0.36550625 0.040058333333333335 0.03004375
2 0.411825 0.40274375 0.04923333333333333 0.03316875
2 0.380525 0.41119374999999997 0.040058333333333335 0.026287500000000002
2 0.34255833333333335 0.4127625 0.04255833333333334 0.03316875
2 0.34673333333333334 0.43748125000000004 0.039225 0.03004375
2 0.3776083333333333 0.43560625000000003 0.03755 0.03254375
2 0.3717666666666667 0.4597 0.045899999999999996 0.0281625
2 0.368425 0.48004375000000005 0.040891666666666666 0.0287875
2 0.35758333333333336 0.50726875 0.034216666666666666 0.03316875
2 0.39179166666666665 0.502575 0.039225 0.03004375
2 0.3897083333333333 0.5235375 0.03838333333333333 0.0281625
2 0.3459 0.5304249999999999 0.045899999999999996 0.02941875
2 0.34715 0.5598375 0.040058333333333335 0.034425
2 0.3759416666666667 0.575175 0.040891666666666666 0.0287875
2 0.379275 0.55045 0.03755 0.0256625
2 0.36169166666666663 0.5992875 0.041975 0.02855625
2 0.39781666666666665 0.596725 0.038075 0.030750000000000003
2 0.385125 0.619425 0.041975 0.030750000000000003
2 0.3822 0.6461437499999999 0.049791666666666665 0.0344125
2 0.4066 0.6618875 0.038075 0.027825000000000003
2 0.40318333333333334 0.6856812499999999 0.04685833333333333 0.0344125
2 0.43735 0.6790937499999999 0.03514166666666667 0.031481249999999995
2 0.46273333333333333 0.6941062499999999 0.044908333333333335 0.030750000000000003
2 0.6340666666666667 0.68531875 0.040025 0.030750000000000003
2 0.6672583333333334 0.6805562500000001 0.038075 0.03001875
2 0.660425 0.703625 0.038075 0.0292875
2 0.6970333333333334 0.7116750000000001 0.05271666666666666 0.03221875
2 0.6770166666666666 0.65969375 0.04588333333333334 0.03221875
2 0.6823916666666666 0.62528125 0.04295833333333333 0.03368125
2 0.6516416666666667 0.5879375 0.040025 0.0292875
2 0.6721416666666667 0.5663374999999999 0.041975 0.03295
2 0.6457833333333334 0.55133125 0.041975 0.030750000000000003
2 0.55255 0.396475 0.03905 0.03001875
2 0.590625 0.41295000000000004 0.03514166666666667 0.03368125
2 0.6067333333333333 0.457975 0.038075 0.025625
2 0.629675 0.47481875 0.05076666666666667 0.03001875
2 0.6208833333333333 0.49531875 0.041 0.02855625
2 0.6345500000000001 0.51948125 0.04295833333333333 0.03001875
2 0.5193583333333334 0.3950125 0.03905 0.0344125