2 0.08511666666666667 0.5473187500000001 0.027383333333333332 0.02143125
2 0.4504166666666667 0.6278125 0.0275 0.021875
2 0.43066666666666664 0.63818125 0.026958333333333334 0.02091875
2 0.4313166666666667 0.5527375 0.026141666666666667 0.02044375
2 0.4182916666666667 0.53613125 0.025491666666666666 0.018799999999999997
2 0.4261083333333333 0.5859375 0.027525 0.020337499999999998
2 0.41861666666666664 0.6547875000000001 0.026591666666666666 0.02091875
2 0.4020166666666667 0.671875 0.027525 0.0221125
2 0.18555 0.63476875 0.030291666666666668 0.0224625
2 0.12117499999999999 0.5849625 0.03181666666666667 0.0235625
2 0.2587916666666667 0.6557625 0.029766666666666667 0.0208875
2 0.42025 0.615725 0.02921666666666667 0.020643750000000002
2 0.10204999999999999 0.52880625 0.029766666666666667 0.02145625
2 0.41536666666666666 0.56738125 0.027466666666666667 0.02025
2 0.22981666666666664 0.6630875 0.032 0.02250625
2 0.2849916666666667 0.65918125 0.029825 0.0213625
2 0.149575 0.60595625 0.030108333333333334 0.0235125
2 0.408525 0.59911875 0.027466666666666667 0.02021875
2 0.3302416666666667 0.6806625 0.029483333333333337 0.021531250000000002
2 0.358075 0.6787125 0.027466666666666667 0.02145625
2 0.29736666666666667 0.67626875 0.028708333333333336 0.022631250000000002
2 0.1062 0.56055 0.03294166666666667 0.022250000000000002
2 0.31754166666666667 0.51318125 0.02828333333333333 0.0212375
2 0.36946666666666667 0.52685625 0.02795 0.021331250000000003
2 0.26530000000000004 0.500975 0.028991666666666666 0.0219875
2 0.3929 0.5307625 0.027424999999999998 0.0208875
2 0.2924833333333334 0.5083 0.029033333333333335 0.02258125
2 0.376625 0.6650375 0.028541666666666667 0.02111875
2 0.12646666666666667 0.5151375 0.03428333333333333 0.02229375
2 0.23925833333333335 0.49829375 0.029483333333333337 0.02258125
2 0.125325 0.54296875 0.032308333333333335 0.02104375
2 0.17984999999999998 0.49463124999999997 0.03175833333333333 0.021487500000000003
2 0.40430000000000005 0.55175625 0.027258333333333332 0.020525
2 0.31705833333333333 0.6621125000000001 0.02876666666666667 0.02203125
2 0.16056666666666666 0.51074375 0.03188333333333333 0.0232375
2 0.3149416666666667 0.57421875 0.026591666666666666 0.02140625
2 0.39355833333333334 0.6494125 0.02921666666666667 0.02140625
2 0.146 0.530275 0.030574999999999998 0.021618750000000003
2 0.1779 0.61328125 0.031049999999999998 0.022675
2 0.27636666666666665 0.52539375 0.0296 0.02203125
2 0.16861666666666666 0.56786875 0.0296 0.022537500000000002
2 0.21159166666666665 0.49658125 0.0308 0.0224625
2 0.17415 0.59130625 0.029541666666666667 0.02276875
2 0.17643333333333333 0.5307625 0.030516666666666664 0.021943749999999998
2 0.13379166666666667 0.5639625 0.03225 0.023775
2 0.2594416666666666 0.54199375 0.028866666666666665 0.0212375
2 0.193525 0.513675 0.030233333333333334 0.0222
2 0.28531666666666666 0.54785 0.02779166666666667 0.02250625
2 0.342775 0.6621125000000001 0.028825000000000003 0.020568749999999997
2 0.391275 0.61474375 0.027891666666666665 0.020643750000000002
2 0.36132499999999995 0.6464875000000001 0.028316666666666664 0.02111875
2 0.21370833333333333 0.63769375 0.0296 0.020568749999999997
2 0.25016666666666665 0.51904375 0.030108333333333334 0.02298125
2 0.328775 0.53466875 0.028541666666666667 0.0224125
2 0.23193333333333332 0.5380875 0.02876666666666667 0.021818749999999998
2 0.158125 0.55029375 0.03098333333333333 0.022537500000000002
2 0.375975 0.546875 0.028383333333333337 0.021575
2 0.31233333333333335 0.55078125 0.02795 0.022675
2 0.358725 0.561525 0.02785 0.02208125
2 0.341475 0.5776375 0.027591666666666667 0.021331250000000003
2 0.21386666666666665 0.5556625 0.029825 0.022156250000000002
2 0.3030583333333334 0.6430687500000001 0.030641666666666668 0.021531250000000002
2 0.20165833333333333 0.59375 0.029091666666666665 0.02258125
2 0.20638333333333334 0.615725 0.030758333333333332 0.02315
2 0.2960583333333333 0.58935625 0.028441666666666667 0.02174375
2 0.3678416666666667 0.61425625 0.02811666666666667 0.02029375
2 0.3974583333333333 0.58251875 0.02665 0.0208875
2 0.24137499999999998 0.55810625 0.029316666666666668 0.0219125
2 0.37955833333333333 0.6318375 0.02876666666666667 0.0213625
2 0.3505833333333333 0.62890625 0.028383333333333337 0.020643750000000002
2 0.26513333333333333 0.5625 0.029483333333333337 0.023424999999999998
2 0.22184166666666666 0.5166 0.029258333333333334 0.0224625
2 0.18652500000000002 0.55078125 0.029825 0.022675
2 0.24202500000000002 0.63720625 0.029541666666666667 0.021531250000000002
2 0.38671666666666665 0.56591875 0.027058333333333334 0.02084375
2 0.30973333333333336 0.60693125 0.027891666666666665 0.020643750000000002
2 0.33365833333333333 0.64404375 0.028016666666666665 0.0212125
2 0.21875 0.57568125 0.0308 0.023375
2 0.14933333333333332 0.58203125 0.028708333333333336 0.02306875
2 0.37011666666666665 0.58105625 0.02736666666666667 0.02084375
2 0.24593333333333334 0.5791 0.030291666666666668 0.0232875
2 0.235675 0.61914375 0.029725 0.02236875
2 0.274575 0.63818125 0.029825 0.02091875
2 0.20524166666666666 0.53418125 0.028866666666666665 0.0222
2 0.33594166666666664 0.61279375 0.03129166666666666 0.02405
2 0.27018333333333333 0.584475 0.029316666666666668 0.022631250000000002
2 0.25325833333333336 0.6015625 0.030175 0.02203125
2 0.2806 0.60546875 0.029033333333333335 0.02084375
2 0.34407499999999996 0.5166 0.028650000000000002 0.0212875
2 0.3040333333333333 0.53125 0.029541666666666667 0.021531250000000002
2 0.35384166666666667 0.53955 0.027158333333333336 0.02236875
2 0.2947583333333333 0.624025 0.029258333333333334 0.020493749999999998
2 0.22704999999999997 0.59716875 0.029541666666666667 0.022675
2 0.32031666666666664 0.6254875 0.029725 0.02174375
2 0.38281666666666664 0.59765625 0.02665 0.020643750000000002
2 0.4069 0.6318375 0.026183333333333336 0.0211625
2 0.19465833333333335 0.5712875 0.028383333333333337 0.02276875
2 0.29150000000000004 0.569825 0.029441666666666665 0.022675
2 0.3333333333333333 0.55713125 0.028441666666666667 0.023468749999999997
2 0.33203333333333335 0.594725 0.025025000000000002 0.019606250000000002
2 0.2613916666666667 0.62109375 0.030925 0.02111875
2 0.35286666666666666 0.59716875 0.029825 0.021775000000000003
2 0.49511666666666665 0.64355625 0.022116666666666666 0.0195625
2 0.421875 0.6792 0.017233333333333333 0.014450000000000001