1 0.41636666666666666 0.55535625 0.040025 0.025625
0 0.3802416666666667 0.52753125 0.038075 0.0270875
0 0.405625 0.511425 0.03611666666666667 0.025625
0 0.442725 0.5161875 0.040025 0.030750000000000003
0 0.48469999999999996 0.5235062500000001 0.034166666666666665 0.030750000000000003
0 0.4134333333333333 0.531925 0.03611666666666667 0.02855625
0 0.44370000000000004 0.54144375 0.038075 0.02855625
0 0.39000833333333335 0.55133125 0.03611666666666667 0.02635625
0 0.4002583333333333 0.57293125 0.03905 0.025625
2 0.35242500000000004 0.5304625000000001 0.0371 0.03001875
2 0.33045833333333335 0.55023125 0.038075 0.03001875
2 0.3353333333333333 0.57549375 0.040025 0.0292875
2 0.37878333333333336 0.61539375 0.04685833333333333 0.031481249999999995
2 0.3739 0.5952625 0.03905 0.02489375
2 0.36999166666666666 0.57073125 0.03514166666666667 0.03001875
2 0.4149 0.59453125 0.03514166666666667 0.02635625
2 0.4554166666666667 0.59379375 0.038075 0.0292875
2 0.47884166666666667 0.57695625 0.040025 0.027825000000000003
2 0.4720083333333333 0.5531625 0.040025 0.03001875
2 0.5066666666666667 0.555725 0.0371 0.030750000000000003
2 0.5276583333333333 0.5366875 0.041975 0.030750000000000003
2 0.5149666666666667 0.5165500000000001 0.040025 0.03001875
2 0.4993416666666667 0.49385625 0.038075 0.0270875
2 0.4393083333333333 0.48506875 0.0371 0.0270875
2 0.465175 0.49531875 0.034166666666666665 0.025625