2 0.2841333333333333 0.78924375 0.040058333333333335 0.033937499999999995
2 0.33383333333333337 0.79564375 0.034125 0.03004375
2 0.36462500000000003 0.8056625 0.033383333333333334 0.02781875
2 0.3368083333333333 0.81985 0.03560833333333333 0.0272625
2 0.37834999999999996 0.78563125 0.03709166666666666 0.02781875
2 0.39281666666666665 0.80649375 0.03486666666666667 0.0294875
2 0.41025 0.78590625 0.038575 0.032825
2 0.403575 0.76309375 0.03560833333333333 0.0294875
2 0.37649166666666667 0.75864375 0.03486666666666667 0.0272625
2 0.3535 0.7733875 0.0408 0.026706249999999997
2 0.32010833333333333 0.77645 0.03783333333333333 0.0294875
2 0.31603333333333333 0.7511312499999999 0.034125 0.02893125
2 0.2897 0.7580875 0.03635 0.030600000000000002
2 0.2793083333333333 0.735 0.03486666666666667 0.02893125
2 0.3071333333333333 0.72943125 0.032641666666666666 0.025593750000000002
2 0.33865833333333334 0.72943125 0.03635 0.02448125
2 0.3490416666666667 0.7508562499999999 0.033383333333333334 0.0294875
2 0.369075 0.735 0.03783333333333333 0.026706249999999997
2 0.40023333333333333 0.74250625 0.0319 0.030600000000000002
2 0.42990833333333334 0.7503 0.03635 0.030600000000000002
2 0.41915 0.72665 0.034125 0.02781875
2 0.44956666666666667 0.73471875 0.03560833333333333 0.030600000000000002
2 0.39059166666666667 0.71941875 0.03783333333333333 0.02781875
2 0.36388333333333334 0.7130187499999999 0.03635 0.023925000000000002
2 0.3334666666666667 0.7069 0.03486666666666667 0.0272625
2 0.30416666666666664 0.7088500000000001 0.032641666666666666 0.02448125
2 0.27375 0.7099625 0.038575 0.02781875
2 0.27003333333333335 0.68659375 0.03560833333333333 0.03004375
2 0.3011916666666667 0.6860375000000001 0.031158333333333333 0.026706249999999997
2 0.330125 0.68158125 0.032641666666666666 0.03004375
2 0.357575 0.6907625000000001 0.031158333333333333 0.0272625
2 0.3857666666666667 0.6963312500000001 0.032641666666666666 0.026150000000000003
2 0.4147 0.7049500000000001 0.032641666666666666 0.02448125
2 0.444375 0.711075 0.031158333333333333 0.025593750000000002
2 0.47479166666666667 0.71969375 0.03560833333333333 0.028374999999999997
2 0.464775 0.6960500000000001 0.030416666666666668 0.03004375
2 0.49333333333333335 0.700225 0.032641666666666666 0.0272625
2 0.4380666666666666 0.689375 0.039316666666666666 0.02781875
2 0.41173333333333334 0.6840875 0.03560833333333333 0.0272625
2 0.353125 0.66516875 0.029675 0.026150000000000003
2 0.32753333333333334 0.65960625 0.0319 0.0294875
2 0.2997083333333333 0.6632250000000001 0.034125 0.02781875
2 0.31455 0.6362375 0.043025 0.031712500000000005
2 0.3293833333333333 0.6178750000000001 0.03709166666666666 0.028374999999999997
2 0.3475583333333333 0.6420812499999999 0.0319 0.02893125
2 0.353125 0.60174375 0.03709166666666666 0.028374999999999997
2 0.3742666666666667 0.58560625 0.03486666666666667 0.028374999999999997
2 0.400975 0.5725312499999999 0.030416666666666668 0.02448125
2 0.42805 0.5800437500000001 0.029675 0.0272625
2 0.43695833333333334 0.56335 0.03560833333333333 0.026150000000000003
2 0.42768333333333336 0.54304375 0.03783333333333333 0.02781875
2 0.48814166666666664 0.678525 0.029675 0.0272625
2 0.5152249999999999 0.68909375 0.0319 0.023925000000000002
2 0.5063166666666667 0.66516875 0.03635 0.031712500000000005
2 0.4796083333333333 0.65849375 0.0319 0.028374999999999997
2 0.53525 0.66961875 0.03486666666666667 0.0272625
2 0.52375 0.6481999999999999 0.034125 0.025593750000000002
2 0.49593333333333334 0.64235625 0.033383333333333334 0.0250375
2 0.5552833333333334 0.65626875 0.033383333333333334 0.026150000000000003
2 0.547125 0.6340125 0.0319 0.023925000000000002
2 0.5801333333333333 0.6393 0.031158333333333333 0.026706249999999997
2 0.599425 0.62371875 0.034125 0.026706249999999997
2 0.567525 0.6175999999999999 0.034125 0.026706249999999997
2 0.5775416666666666 0.6014625 0.0319 0.02893125
2 0.596825 0.58699375 0.033383333333333334 0.02448125
2 0.56715 0.58031875 0.03635 0.025593750000000002
2 0.5519416666666667 0.59395 0.038575 0.0294875
2 0.541925 0.56946875 0.0319 0.0294875
2 0.5589916666666667 0.55500625 0.0408 0.0272625
2 0.5315416666666667 0.5469375 0.0319 0.02448125
2 0.43695833333333334 0.52134375 0.03560833333333333 0.025593750000000002
2 0.4618083333333333 0.49964374999999994 0.0319 0.026706249999999997
2 0.49074166666666663 0.50938125 0.03783333333333333 0.028374999999999997
2 0.5219 0.5210625 0.033383333333333334 0.0294875
2 0.49630833333333335 0.53135625 0.03560833333333333 0.022256249999999998
0 0.476275 0.5360875 0.04154166666666667 0.0228125
0 0.4688583333333333 0.5569500000000001 0.032641666666666666 0.026706249999999997
0 0.494075 0.5636249999999999 0.031158333333333333 0.026706249999999997
0 0.5185583333333333 0.5733625 0.031158333333333333 0.0228125
0 0.4799833333333334 0.582825 0.031158333333333333 0.023925000000000002
0 0.5044666666666667 0.5906125 0.02670833333333333 0.0228125
0 0.5293166666666667 0.5992375 0.03486666666666667 0.025593750000000002
0 0.5170750000000001 0.6198250000000001 0.032641666666666666 0.026706249999999997
0 0.49185 0.6112 0.032641666666666666 0.023925000000000002
0 0.4688583333333333 0.60090625 0.029675 0.025593750000000002
0 0.43770000000000003 0.59228125 0.040058333333333335 0.023925000000000002
0 0.41878333333333334 0.60953125 0.0319 0.0250375
2 0.4032 0.59561875 0.030416666666666668 0.023925000000000002
2 0.37871666666666665 0.6078625 0.033383333333333334 0.020587499999999998
2 0.3624 0.6212125000000001 0.024483333333333333 0.0217
0 0.38725 0.62205 0.031158333333333333 0.02336875
0 0.371675 0.63985625 0.031158333333333333 0.022256249999999998
0 0.38390833333333335 0.6621125000000001 0.0319 0.025593750000000002
0 0.403575 0.64569375 0.032641666666666666 0.026150000000000003
0 0.421375 0.63123125 0.032641666666666666 0.0217
0 0.4295333333333334 0.6532062500000001 0.034125 0.026706249999999997
0 0.45290833333333336 0.6665625 0.03635 0.02781875
0 0.4503083333333333 0.63985625 0.032641666666666666 0.02336875
0 0.44548333333333334 0.61565 0.030416666666666668 0.0250375
0 0.47367499999999996 0.62399375 0.033383333333333334 0.0250375