0 0.5539713541666667 0.549794921875 0.05196614583333333 0.03619140625
0 0.5613932291666667 0.58076171875 0.05196614583333333 0.03548828125
0 0.5423697916666667 0.603037109375 0.04731770833333334 0.03828125
2 0.5020052083333334 0.583203125 0.05381510416666666 0.0417578125
2 0.5089713541666666 0.617646484375 0.043606770833333336 0.03828125
2 0.5442317708333334 0.653486328125 0.05475260416666666 0.0417578125
2 0.5581510416666667 0.623916015625 0.0566015625 0.03548828125
2 0.5799479166666667 0.598505859375 0.050104166666666665 0.03619140625
2 0.6017578124999999 0.51673828125 0.0566015625 0.03548828125
2 0.5317057291666667 0.528916015625 0.057526041666666666 0.037578125
2 0.6166015625 0.547705078125 0.05475260416666666 0.034794921875