0 0.25860833333333333 0.56884375 0.042241666666666663 0.02956875
0 0.284425 0.578 0.033791666666666664 0.0281625
0 0.3097666666666667 0.5611 0.039425 0.0281625
0 0.323375 0.5804625 0.03660833333333333 0.02745625
0 0.34262499999999996 0.5635625000000001 0.0413 0.02745625
0 0.3459083333333333 0.6061562500000001 0.042241666666666663 0.02675
0 0.3703166666666667 0.5963 0.03473333333333333 0.02675
0 0.3797 0.61918125 0.03660833333333333 0.02745625
0 0.2703416666666667 0.60158125 0.046933333333333334 0.0330875
0 0.3022583333333333 0.6051 0.03755 0.02605
0 0.32055833333333333 0.62165 0.04036666666666666 0.023937499999999997
2 0.20088333333333333 0.54490625 0.039425 0.030975000000000003
2 0.17694166666666666 0.5677875 0.044116666666666665 0.030275
2 0.21214166666666667 0.5692 0.035666666666666666 0.0246375
2 0.18633333333333332 0.591725 0.038483333333333335 0.0288625
2 0.21730833333333333 0.591375 0.03473333333333333 0.023937499999999997
2 0.217775 0.61425625 0.039425 0.02605
2 0.25860833333333333 0.6371375 0.04599166666666667 0.0281625
2 0.284425 0.5371625 0.03755 0.0281625
2 0.28770833333333334 0.6251687499999999 0.0291 0.0281625
2 0.34309166666666663 0.69310625 0.042241666666666663 0.03168125
2 0.3703166666666667 0.6814875 0.042241666666666663 0.0281625
2 0.39800833333333335 0.70190625 0.039425 0.0281625
2 0.4838916666666666 0.66459375 0.04975 0.0323875
2 0.5979416666666666 0.617425 0.046933333333333334 0.0352
2 0.6692833333333333 0.57764375 0.039425 0.0373125
2 0.7016666666666667 0.5878562500000001 0.03660833333333333 0.030975000000000003
2 0.5129916666666667 0.57518125 0.042241666666666663 0.02956875
2 0.5007916666666667 0.55793125 0.04036666666666666 0.0246375
2 0.4726333333333333 0.54878125 0.038483333333333335 0.0288625
2 0.4407166666666667 0.5516 0.04036666666666666 0.030275
2 0.41818333333333335 0.59278125 0.04036666666666666 0.02956875
2 0.39940833333333337 0.5808125 0.03660833333333333 0.025343749999999998
2 0.38064166666666666 0.56180625 0.03473333333333333 0.023937499999999997
2 0.36186666666666667 0.5801124999999999 0.03660833333333333 0.02956875
2 0.34309166666666663 0.5273062500000001 0.03660833333333333 0.0281625
2 0.3599833333333333 0.50759375 0.038483333333333335 0.0281625
2 0.3966 0.5093562500000001 0.03473333333333333 0.02605
2 0.38439166666666663 0.53329375 0.03473333333333333 0.0330875
2 0.406925 0.54843125 0.03473333333333333 0.0281625
2 0.4177166666666667 0.53329375 0.035666666666666666 0.02605
2 0.4393083333333333 0.520975 0.035666666666666666 0.02956875
2 0.4238166666666667 0.50443125 0.038483333333333335 0.0246375
2 0.40645000000000003 0.486475 0.03755 0.0281625
2 0.4411833333333333 0.48295625000000003 0.035666666666666666 0.02956875
2 0.460425 0.50055625 0.044116666666666665 0.02675
2 0.4759166666666667 0.5188625 0.039425 0.0281625
2 0.3534166666666667 0.6304500000000001 0.032850000000000004 0.02605
2 0.37172499999999997 0.80116875 0.04505833333333333 0.03660625