2 0.45370000000000005 0.61145625 0.031483333333333335 0.02291875
2 0.46581666666666666 0.63135 0.030516666666666664 0.024093749999999997
2 0.42025 0.64404375 0.02921666666666667 0.024612500000000002
2 0.4303416666666666 0.6713875 0.030108333333333334 0.0258625
2 0.5224583333333334 0.7109375 0.0317 0.02465625
2 0.4472666666666667 0.6543000000000001 0.027625 0.02381875
2 0.47298333333333337 0.655275 0.030758333333333332 0.024337499999999998
2 0.5351583333333334 0.7319312499999999 0.029158333333333335 0.02470625
2 0.5068333333333334 0.6894562500000001 0.030175 0.0231
2 0.43847499999999995 0.62890625 0.030358333333333334 0.023375
2 0.48730833333333334 0.6743187500000001 0.03110833333333333 0.024474999999999997
2 0.4466166666666667 0.6928687499999999 0.028016666666666665 0.0235125
2 0.45344999999999996 0.7368187500000001 0.027625 0.024931250000000002
2 0.4628916666666667 0.7094750000000001 0.029483333333333337 0.02484375
2 0.48014166666666663 0.7280249999999999 0.02988333333333333 0.02465625
2 0.4934916666666667 0.70703125 0.028991666666666666 0.02208125
2 0.46342500000000003 0.67708125 0.0287 0.01805625
2 0.475925 0.6902750000000001 0.027774999999999998 0.02083125