2 0.34810833333333335 0.56335 0.034091666666666666 0.0323875
2 0.3715916666666667 0.56278125 0.029541666666666667 0.028975
2 0.39426666666666665 0.56953125 0.027083333333333334 0.01796875
2 0.37005 0.57793125 0.031766666666666665 0.0191375
2 0.396875 0.55273125 0.030208333333333334 0.01875
2 0.39765833333333334 0.5347625 0.02969166666666667 0.0203125
2 0.411975 0.519725 0.025 0.02226875
2 0.43385833333333335 0.51054375 0.026041666666666668 0.0171875
2 0.43620000000000003 0.5275375 0.028650000000000002 0.01914375
2 0.4190083333333333 0.542575 0.024483333333333333 0.015625
2 0.438025 0.54785 0.022916666666666665 0.021487500000000003
2 0.4557333333333333 0.53418125 0.026041666666666668 0.021487500000000003
2 0.45625 0.5140625 0.028125 0.01875
2 0.4557333333333333 0.49980625 0.023958333333333335 0.020706250000000002
2 0.4742166666666666 0.4880875 0.023441666666666666 0.0183625
2 0.4966166666666667 0.4921875 0.024483333333333333 0.01953125
2 0.47656666666666664 0.50390625 0.022916666666666665 0.015625
2 0.51615 0.49902500000000005 0.027083333333333334 0.019925
2 0.538025 0.5056625 0.022916666666666665 0.019925
2 0.49400833333333327 0.51210625 0.024483333333333333 0.0203125
2 0.47629999999999995 0.52480625 0.020316666666666667 0.01914375
2 0.5158833333333332 0.5171875 0.026566666666666666 0.01953125
2 0.5414083333333334 0.5244125 0.028650000000000002 0.021487500000000003
2 0.49765833333333337 0.53125 0.024483333333333333 0.0203125
2 0.5210916666666666 0.5375 0.025525 0.01953125
2 0.546875 0.5431625 0.029166666666666667 0.0183625
2 0.5242166666666667 0.55449375 0.023433333333333334 0.0191375
2 0.49948333333333333 0.54980625 0.022916666666666665 0.019925
2 0.47865 0.5459 0.020833333333333332 0.01914375
2 0.45911666666666673 0.55488125 0.025525 0.021487500000000003
2 0.41796666666666665 0.55956875 0.02969166666666667 0.021487500000000003
2 0.440625 0.56640625 0.022916666666666665 0.015625
2 0.46145833333333336 0.573825 0.026041666666666668 0.0203125
2 0.48150833333333326 0.5625 0.021358333333333333 0.01875
2 0.5039083333333334 0.5662125 0.023441666666666666 0.020706250000000002
2 0.5270833333333333 0.57148125 0.025 0.01953125
2 0.5497416666666667 0.56074375 0.024483333333333333 0.01758125
2 0.550525 0.5791 0.026041666666666668 0.01991875
2 0.41745 0.57831875 0.025525 0.01914375
2 0.395575 0.58671875 0.023441666666666666 0.01953125
2 0.3723916666666667 0.5959 0.025 0.02305
2 0.44115 0.58398125 0.026041666666666668 0.02109375
2 0.41823333333333335 0.594725 0.023958333333333335 0.020706250000000002
2 0.39505 0.6035125 0.024483333333333333 0.0203125
2 0.4648416666666666 0.59081875 0.027608333333333335 0.01758125
2 0.4869833333333333 0.5791 0.025 0.0191375
2 0.510675 0.58398125 0.0224 0.0203125
2 0.5330750000000001 0.59023125 0.023441666666666666 0.01953125
2 0.4411083333333334 0.60208125 0.025558333333333336 0.01833125
2 0.4633333333333333 0.60666875 0.02666666666666667 0.02166875
2 0.4875 0.59520625 0.02610833333333333 0.019581249999999998
2 0.5116666666666667 0.60229375 0.02666666666666667 0.01875
2 0.5336083333333334 0.60979375 0.030558333333333333 0.019581249999999998
2 0.514725 0.62041875 0.02389166666666667 0.02083125
2 0.487775 0.61229375 0.03444166666666666 0.019581249999999998
2 0.46860833333333335 0.62541875 0.02610833333333333 0.02083125
2 0.44333333333333336 0.61854375 0.03 0.01875
2 0.42 0.6135437499999999 0.03 0.01791875
2 0.37277499999999997 0.61541875 0.02889166666666667 0.019168750000000002
2 0.395 0.62229375 0.02889166666666667 0.01791875
2 0.375 0.63291875 0.02666666666666667 0.02
2 0.39610833333333334 0.64 0.025558333333333336 0.01666875
2 0.420275 0.63104375 0.025 0.019581249999999998
2 0.4419416666666667 0.6364562500000001 0.02610833333333333 0.01875
2 0.49 0.6302062500000001 0.025558333333333336 0.019581249999999998
2 0.5155583333333333 0.64 0.025558333333333336 0.019168750000000002
2 0.5352750000000001 0.62708125 0.02389166666666667 0.01833125
2 0.37472500000000003 0.65166875 0.02610833333333333 0.019168750000000002
2 0.39805833333333335 0.65958125 0.027225000000000003 0.019168750000000002
2 0.420275 0.64875 0.02389166666666667 0.02
2 0.44333333333333336 0.654375 0.02666666666666667 0.01875
2 0.4691666666666667 0.643125 0.025 0.019581249999999998
2 0.492775 0.6485437500000001 0.024441666666666664 0.019581249999999998
2 0.5161083333333334 0.65708125 0.023333333333333334 0.01833125
2 0.5355583333333332 0.64479375 0.022225 0.02125
2 0.5369416666666667 0.66604375 0.02610833333333333 0.02291875
2 0.5163916666666666 0.6775 0.02610833333333333 0.0225
2 0.4955583333333333 0.6683312499999999 0.02666666666666667 0.0175
2 0.4708333333333333 0.66104375 0.025 0.01708125
2 0.4455583333333333 0.67229375 0.025558333333333336 0.01875
2 0.46972499999999995 0.68 0.025 0.019168750000000002
2 0.4938916666666666 0.68791875 0.023333333333333334 0.02
2 0.4236083333333333 0.665 0.02389166666666667 0.019168750000000002
2 0.402775 0.67666875 0.023333333333333334 0.01666875
2 0.4241666666666667 0.6839562499999999 0.02610833333333333 0.019581249999999998
2 0.3786083333333333 0.6695812499999999 0.02610833333333333 0.019168750000000002
2 0.3788916666666667 0.68645625 0.027774999999999998 0.019581249999999998
2 0.38 0.70479375 0.02666666666666667 0.02208125
2 0.402775 0.69354375 0.022225 0.019581249999999998
2 0.45139166666666664 0.6910437500000001 0.02389166666666667 0.01875
2 0.42860833333333337 0.70291875 0.02610833333333333 0.02083125
2 0.4755583333333333 0.69979375 0.02666666666666667 0.02208125
2 0.45027500000000004 0.70979375 0.02610833333333333 0.02041875
2 0.407775 0.713125 0.02666666666666667 0.019581249999999998
2 0.43083333333333335 0.72354375 0.021666666666666667 0.01875
2 0.452225 0.728125 0.03 0.02208125
2 0.4780583333333333 0.71833125 0.027225000000000003 0.01833125
2 0.38416666666666666 0.7258312499999999 0.03166666666666667 0.0225
2 0.404725 0.73333125 0.028333333333333332 0.02
2 0.4288916666666666 0.7420812499999999 0.027774999999999998 0.02083125
2 0.45277500000000004 0.74958125 0.03110833333333333 0.02166875
2 0.4791666666666667 0.7364562499999999 0.030558333333333333 0.02291875
2 0.47972499999999996 0.76 0.03166666666666667 0.02
2 0.4583333333333333 0.76958125 0.022225 0.01833125
2 0.4813916666666666 0.78083125 0.029441666666666665 0.02083125
2 0.387775 0.7475 0.02666666666666667 0.0175
2 0.4083333333333333 0.755 0.02666666666666667 0.02083125
2 0.4344416666666667 0.7625 0.027774999999999998 0.02166875
2 0.36194166666666666 0.73770625 0.025 0.01708125
2 0.3383333333333333 0.74875 0.02666666666666667 0.01833125
2 0.3616666666666667 0.7564562499999999 0.03 0.02041875
2 0.38860833333333333 0.76645625 0.025 0.02041875
2 0.4111083333333333 0.775 0.02666666666666667 0.02
2 0.43833333333333335 0.78208125 0.025558333333333336 0.019168750000000002
2 0.4580583333333333 0.78875 0.028333333333333332 0.02166875
2 0.439725 0.804375 0.03389166666666667 0.02291875
2 0.4161083333333333 0.79791875 0.02889166666666667 0.0225
2 0.4461083333333334 0.82645625 0.03110833333333333 0.02541875
2 0.4161083333333333 0.8216687500000001 0.032225000000000004 0.023331249999999998
2 0.4280583333333333 0.838125 0.029441666666666665 0.02291875
2 0.3938916666666667 0.788125 0.02666666666666667 0.02375
2 0.3688916666666667 0.77875 0.02666666666666667 0.023331249999999998
2 0.344725 0.77145625 0.027225000000000003 0.02208125
2 0.31527499999999997 0.7641687500000001 0.030558333333333333 0.024168750000000003
2 0.31666666666666665 0.784375 0.02889166666666667 0.01791875
2 0.344725 0.79270625 0.028333333333333332 0.02041875
2 0.369725 0.7991687500000001 0.027225000000000003 0.02166875
2 0.39194166666666663 0.80916875 0.028333333333333332 0.02083125
2 0.36777499999999996 0.82 0.03333333333333333 0.023331249999999998
2 0.342775 0.81416875 0.032225000000000004 0.0225
2 0.3161083333333333 0.8045812499999999 0.032225000000000004 0.02
2 0.31 0.82729375 0.027774999999999998 0.02291875
2 0.3358333333333333 0.8345812499999999 0.028333333333333332 0.023331249999999998
2 0.36139166666666667 0.83895625 0.027225000000000003 0.01875
2 0.39 0.82979375 0.03 0.02375
2 0.4 0.851875 0.032225000000000004 0.02125
2 0.41944166666666666 0.8614562499999999 0.03333333333333333 0.02875
2 0.3744416666666667 0.85916875 0.03333333333333333 0.0225
2 0.3436083333333333 0.85895625 0.035 0.02375
2 0.31416666666666665 0.85458125 0.032775 0.0275
2 0.33916666666666667 0.88458125 0.035 0.03
2 0.37 0.88395625 0.02889166666666667 0.02041875
2 0.39444166666666663 0.8764562499999999 0.03 0.02291875
2 0.38222500000000004 0.904375 0.03333333333333333 0.02375
2 0.347775 0.9147937500000001 0.04 0.02958125