2 0.37399166666666667 0.6730750000000001 0.043225 0.03420625
2 0.44498333333333334 0.6709 0.03784166666666666 0.027693750000000003
2 0.5706416666666666 0.7285187500000001 0.03983333333333333 0.03198125
2 0.5774750000000001 0.81640625 0.04075 0.03265625
2 0.46745000000000003 0.7495125 0.038775000000000004 0.029925
2 0.5901666666666667 0.8496125000000001 0.04160833333333333 0.0354
2 0.5026083333333333 0.8183625000000001 0.04066666666666666 0.0305
2 0.41275833333333334 0.7944312499999999 0.03784166666666666 0.03073125
2 0.5332 0.73828125 0.04280833333333333 0.03155625
2 0.4869833333333333 0.773925 0.03820833333333334 0.0287
2 0.4479166666666667 0.72363125 0.03415833333333333 0.0269625
2 0.5559916666666667 0.7890625 0.040508333333333334 0.031081249999999998
2 0.43879999999999997 0.81591875 0.04231666666666667 0.032162500000000004
2 0.4739583333333333 0.8461937500000001 0.038941666666666666 0.032712500000000005
2 0.485025 0.717775 0.033325 0.02865625
2 0.3977833333333333 0.69921875 0.035399999999999994 0.0287
2 0.41178333333333333 0.67480625 0.03428333333333333 0.029756249999999998
2 0.3958333333333333 0.76171875 0.03615 0.03010625
2 0.4134083333333333 0.72314375 0.03501666666666667 0.0274375
2 0.5094416666666667 0.85498125 0.04066666666666666 0.03515625
2 0.4654916666666667 0.6953125 0.032575 0.028275
2 0.5237666666666666 0.76465 0.03863333333333333 0.029875
2 0.42740833333333333 0.7480500000000001 0.03493333333333334 0.02748125
2 0.43066666666666664 0.69921875 0.033508333333333334 0.027525
2 0.5498083333333333 0.85546875 0.039675 0.035825
2 0.44856666666666667 0.7748999999999999 0.03589166666666667 0.0305
2 0.5413416666666667 0.8217749999999999 0.037274999999999996 0.03010625
2 0.51725 0.7944312499999999 0.03835 0.02948125
2 0.49870000000000003 0.7446312500000001 0.029375 0.0283375