0 0.40595 0.57665 0.04625 0.02986875
0 0.45155833333333334 0.6180812499999999 0.04496666666666667 0.031793749999999996
0 0.43485833333333335 0.6450625 0.039825 0.031793749999999996
0 0.4656916666666667 0.665775 0.04239166666666667 0.0366125
2 0.41815833333333335 0.53715 0.04239166666666667 0.033725
2 0.383475 0.5520812500000001 0.04753333333333333 0.03275625
2 0.3404333333333333 0.57086875 0.05138333333333333 0.03565
2 0.3475 0.60363125 0.04496666666666667 0.03565
2 0.32694999999999996 0.63156875 0.04753333333333333 0.03565
2 0.38154166666666667 0.61278125 0.04625 0.03275625
2 0.4644083333333333 0.5525625000000001 0.039825 0.033725
2 0.4644083333333333 0.58484375 0.04496666666666667 0.03275625
2 0.4245833333333333 0.5920687499999999 0.03468333333333333 0.02986875
2 0.5035833333333333 0.5911062499999999 0.03854166666666667 0.031793749999999996
2 0.500375 0.62049375 0.04753333333333333 0.0366125
2 0.5273500000000001 0.6441 0.04496666666666667 0.04143125
2 0.5023 0.6590312500000001 0.043675 0.03275625
2 0.42971666666666664 0.6773375 0.04239166666666667 0.03275625
2 0.3847583333333333 0.66915 0.0501 0.02794375
2 0.36998333333333333 0.64795 0.04625 0.031793749999999996
2 0.40402499999999997 0.62434375 0.04496666666666667 0.04046875