2 0.3050083333333333 0.6293124999999999 0.03755 0.0281625
2 0.3016666666666667 0.6484000000000001 0.03254166666666666 0.026287500000000002
2 0.32420000000000004 0.6396375 0.025866666666666666 0.021281249999999998
2 0.3504833333333333 0.63681875 0.035050000000000005 0.0256625
2 0.380525 0.6343187499999999 0.03170833333333333 0.0281625
2 0.40973333333333334 0.628375 0.035050000000000005 0.026287500000000002
2 0.4051416666666667 0.6474625 0.035883333333333337 0.024406249999999997
2 0.42892500000000006 0.6584125000000001 0.033383333333333334 0.027537500000000003
2 0.44854166666666667 0.67186875 0.03254166666666666 0.0256625
2 0.29540833333333333 0.66936875 0.03671666666666667 0.02315625
2 0.2753833333333333 0.68000625 0.03170833333333333 0.02315625
2 0.29457500000000003 0.6944 0.033383333333333334 0.026912500000000002
2 0.27079166666666665 0.7019124999999999 0.035883333333333337 0.0281625
2 0.2879 0.71443125 0.03838333333333333 0.0281625
2 0.31376666666666664 0.7062937499999999 0.03170833333333333 0.03066875
2 0.3383833333333333 0.7197499999999999 0.03755 0.026287500000000002
2 0.38553333333333334 0.7256937499999999 0.033383333333333334 0.026912500000000002
2 0.43393333333333334 0.7306999999999999 0.035050000000000005 0.0281625
2 0.44311666666666666 0.68783125 0.03838333333333333 0.026287500000000002
2 0.44395 0.7109875 0.03671666666666667 0.0250375
0 0.32378333333333337 0.665925 0.03671666666666667 0.02253125
0 0.32128333333333337 0.6843875 0.033383333333333334 0.024406249999999997
0 0.35257499999999997 0.65935 0.03755 0.0256625
0 0.38261666666666666 0.6606062500000001 0.029208333333333333 0.0281625
0 0.4089 0.6681125 0.033383333333333334 0.0256625
0 0.4235083333333333 0.68345 0.034216666666666666 0.02253125
0 0.4235083333333333 0.70504375 0.035883333333333337 0.0281625
0 0.4018083333333333 0.6922125 0.030874999999999996 0.0250375
0 0.37719166666666665 0.68094375 0.033383333333333334 0.021281249999999998
0 0.3504833333333333 0.67938125 0.035050000000000005 0.020656249999999998
0 0.342975 0.69721875 0.035050000000000005 0.0250375
0 0.36968333333333336 0.70003125 0.035050000000000005 0.026912500000000002