2 0.5462239583333334 0.46435546875 0.028763020833333333 0.021162109375
2 0.5706380208333334 0.471435546875 0.026757812500000002 0.02037109375
2 0.5859375 0.4912109375 0.027591145833333334 0.021572265625
2 0.5390625 0.480712890625 0.029544270833333334 0.022373046875
2 0.6015625 0.58203125 0.029726562499999998 0.02314453125
2 0.6002604166666666 0.51220703125 0.0274609375 0.022158203125
2 0.5872395833333334 0.60107421875 0.027630208333333333 0.02169921875
2 0.5891927083333334 0.56396484375 0.0269921875 0.021455078125
2 0.576171875 0.5068359375 0.027786458333333333 0.022509765625
2 0.5473697916666667 0.503857421875 0.030013020833333334 0.0250390625
2 0.57375 0.579619140625 0.024023437499999998 0.018935546875
2 0.5609244791666667 0.48673828125 0.02809895833333333 0.0226171875