0 0.20032552083333333 0.6421484375 0.021445312499999997 0.016728515625
0 0.19131510416666667 0.657919921875 0.0257421875 0.018662109375
0 0.17587239583333333 0.672392578125 0.020585937500000002 0.018017578125
0 0.1973177083333333 0.673681640625 0.024023437499999998 0.018017578125
0 0.21062499999999998 0.658876953125 0.0231640625 0.0205859375
0 0.21791666666666668 0.64279296875 0.0257421875 0.018017578125
0 0.23979166666666665 0.644404296875 0.028307291666666665 0.018662109375
0 0.2303515625 0.658232421875 0.021445312499999997 0.019306640625
0 0.23850260416666666 0.669814453125 0.0223046875 0.0205859375
0 0.21447916666666667 0.67560546875 0.0257421875 0.016728515625
0 0.25136718750000003 0.6585546875 0.020585937500000002 0.017373046875
0 0.26252604166666665 0.643759765625 0.024023437499999998 0.018662109375
0 0.273671875 0.658232421875 0.020585937500000002 0.018017578125
0 0.26723958333333336 0.67142578125 0.0266015625 0.018662109375
0 0.29083333333333333 0.6476171875 0.027447916666666666 0.018662109375
0 0.3105598958333333 0.6447265625 0.024023437499999998 0.016728515625
0 0.2856901041666667 0.66466796875 0.0223046875 0.0205859375
0 0.30670572916666666 0.6691796875 0.0248828125 0.018017578125
0 0.2925520833333333 0.681396484375 0.030885416666666665 0.018017578125
0 0.3144270833333333 0.683330078125 0.0248828125 0.018017578125
0 0.3315885416666667 0.673359375 0.0231640625 0.019951171875
0 0.3204296875 0.659521484375 0.021445312499999997 0.019306640625
0 0.3393098958333333 0.65984375 0.021445312499999997 0.017373046875
0 0.33587239583333334 0.64408203125 0.0231640625 0.016728515625
0 0.3521744791666667 0.645693359375 0.021445312499999997 0.018662109375
0 0.344453125 0.62896484375 0.0231640625 0.019951171875
0 0.3611848958333333 0.630888671875 0.024023437499999998 0.018662109375
0 0.3864973958333333 0.631533203125 0.0248828125 0.02380859375
0 0.40450520833333337 0.63314453125 0.0231640625 0.018017578125
0 0.4246744791666666 0.6366796875 0.027447916666666666 0.017373046875
0 0.3925 0.645693359375 0.0231640625 0.017373046875
0 0.413515625 0.64955078125 0.0223046875 0.017373046875
0 0.37233072916666665 0.654052734375 0.030885416666666665 0.018662109375
0 0.3598958333333333 0.6691796875 0.033463541666666666 0.018017578125
0 0.38263020833333333 0.66853515625 0.024023437499999998 0.019306640625
0 0.39893229166666666 0.660810546875 0.020585937500000002 0.019306640625
0 0.3521744791666667 0.682041015625 0.0248828125 0.01158203125
0 0.37105468750000004 0.684619140625 0.0231640625 0.015439453125
0 0.341015625 0.700703125 0.021445312499999997 0.018017578125
0 0.3594661458333333 0.699091796875 0.027447916666666666 0.016083984375
0 0.3766276041666667 0.70681640625 0.030885416666666665 0.018662109375
0 0.3894921875 0.69265625 0.029166666666666664 0.019951171875
0 0.39721354166666667 0.67625 0.0223046875 0.0205859375
0 0.41738281250000003 0.673359375 0.0231640625 0.02123046875
0 0.42938802083333333 0.6556640625 0.0231640625 0.0205859375
0 0.4409635416666667 0.642470703125 0.0223046875 0.019951171875
0 0.460703125 0.64150390625 0.020585937500000002 0.019306640625
0 0.4705729166666666 0.62703125 0.0248828125 0.018662109375
0 0.49115885416666666 0.627353515625 0.0231640625 0.0205859375
0 0.5104557291666666 0.626064453125 0.027447916666666666 0.018017578125
0 0.529765625 0.62896484375 0.0266015625 0.019951171875
0 0.5460677083333333 0.627353515625 0.0231640625 0.019306640625
0 0.5692317708333333 0.62896484375 0.028307291666666665 0.016083984375
0 0.6035416666666666 0.626708984375 0.0231640625 0.018017578125
0 0.624140625 0.626708984375 0.030026041666666666 0.021875
0 0.6485807291666666 0.631533203125 0.024023437499999998 0.014794921875
0 0.6747526041666667 0.618017578125 0.0231640625 0.018662109375
0 0.6979166666666666 0.620595703125 0.028307291666666665 0.018662109375
0 0.6691796874999999 0.63185546875 0.020585937500000002 0.016728515625
0 0.6846223958333333 0.636357421875 0.020585937500000002 0.016728515625
0 0.7034895833333333 0.6366796875 0.024023437499999998 0.017373046875
0 0.7257942708333333 0.63732421875 0.027447916666666666 0.018662109375
0 0.7425260416666667 0.638935546875 0.0197265625 0.016728515625
0 0.7575390624999999 0.62927734375 0.027447916666666666 0.018017578125
0 0.4778645833333333 0.642470703125 0.0257421875 0.018662109375
0 0.49845052083333335 0.641826171875 0.0257421875 0.018662109375
0 0.5160416666666666 0.64150390625 0.0248828125 0.016728515625
0 0.5357682291666667 0.64408203125 0.0197265625 0.019306640625
0 0.5529296874999999 0.6434375 0.021445312499999997 0.0205859375
0 0.574375 0.643115234375 0.0266015625 0.019951171875
0 0.5936848958333333 0.64537109375 0.020585937500000002 0.019306640625
0 0.6151302083333333 0.643759765625 0.0257421875 0.02123046875
0 0.6361458333333333 0.6447265625 0.0248828125 0.018017578125
0 0.6524479166666667 0.647939453125 0.021445312499999997 0.019306640625
0 0.6700390625 0.64955078125 0.020585937500000002 0.014794921875
0 0.45083333333333336 0.6556640625 0.0248828125 0.021875
0 0.47100260416666667 0.657919921875 0.0223046875 0.017373046875
0 0.4898697916666667 0.658876953125 0.0223046875 0.019306640625
0 0.5121744791666667 0.6585546875 0.027447916666666666 0.018662109375
0 0.5453125 0.65787109375 0.018776041666666667 0.0151171875
0 0.5647786458333334 0.65873046875 0.022903645833333333 0.01751953125
0 0.5830989583333334 0.6594140625 0.022903645833333333 0.01751953125
0 0.6037109374999999 0.659765625 0.023815104166666667 0.018896484375
0 0.6224869791666666 0.6602734375 0.024739583333333332 0.021298828125
0 0.6417317708333333 0.658388671875 0.024739583333333332 0.018896484375
0 0.6639453125 0.665771484375 0.022447916666666665 0.021982421875
0 0.6854687500000001 0.664052734375 0.019700520833333336 0.016494140625
0 0.7030989583333334 0.66474609375 0.022903645833333333 0.021298828125
0 0.6893619791666666 0.647392578125 0.0265625 0.022333984375
0 0.7301302083333333 0.649453125 0.022903645833333333 0.021640625
0 0.7102083333333334 0.650654296875 0.024270833333333335 0.020615234375
0 0.7500520833333333 0.65220703125 0.022447916666666665 0.02095703125
0 0.7640234375 0.64138671875 0.022903645833333333 0.017861328125
0 0.7880729166666667 0.64138671875 0.028854166666666667 0.01923828125
0 0.7754817708333334 0.657353515625 0.022903645833333333 0.019580078125
0 0.7972395833333333 0.65615234375 0.026106770833333334 0.0185546875
0 0.7974609375 0.67126953125 0.0265625 0.01923828125
0 0.7779947916666666 0.67642578125 0.020611979166666666 0.017177734375
0 0.7624218749999999 0.66560546875 0.022447916666666665 0.01751953125
0 0.7436458333333333 0.666630859375 0.020611979166666666 0.016142578125
0 0.7230338541666667 0.66388671875 0.023359375 0.015458984375
0 0.819453125 0.67041015625 0.022903645833333333 0.016142578125
0 0.8274609375 0.68724609375 0.022447916666666665 0.018203125
0 0.8118880208333333 0.68810546875 0.024270833333333335 0.01923828125
0 0.7903645833333334 0.689130859375 0.022447916666666665 0.0185546875
0 0.7697526041666666 0.690849609375 0.0251953125 0.017177734375
0 0.7541796875000001 0.681748046875 0.023359375 0.01751953125
0 0.7344791666666667 0.680205078125 0.027031250000000003 0.017177734375
0 0.7141015624999999 0.680888671875 0.0219921875 0.0185546875
0 0.6953125 0.682607421875 0.024739583333333332 0.01923828125
0 0.6767708333333333 0.68638671875 0.021523437500000003 0.01923828125
0 0.661875 0.686904296875 0.022903645833333333 0.018203125
0 0.6472265625 0.67453125 0.02015625 0.018203125
0 0.6305078125 0.680888671875 0.023359375 0.0185546875
0 0.615390625 0.676083984375 0.024270833333333335 0.017861328125
0 0.5966145833333333 0.675732421875 0.021523437500000003 0.016494140625
0 0.5755338541666667 0.674189453125 0.021523437500000003 0.016142578125
0 0.8437239583333334 0.69892578125 0.022903645833333333 0.019580078125
0 0.8217447916666667 0.705625 0.0265625 0.01923828125
0 0.8446484375000001 0.71712890625 0.029309895833333335 0.018896484375
0 0.8391406250000001 0.732763671875 0.027486979166666665 0.017861328125
0 0.816015625 0.721767578125 0.029778645833333336 0.017177734375
0 0.8180729166666666 0.738603515625 0.0265625 0.0185546875
0 0.7988411458333333 0.7315625 0.0219921875 0.014775390625
0 0.792421875 0.71884765625 0.02015625 0.016142578125
0 0.8034114583333333 0.705107421875 0.02015625 0.0168359375
0 0.7809765624999999 0.703046875 0.023815104166666667 0.015458984375
0 0.7741015625 0.71490234375 0.024739583333333332 0.01580078125
0 0.7805208333333334 0.73001953125 0.024739583333333332 0.017861328125
0 0.7610546875 0.730361328125 0.020611979166666666 0.01580078125
0 0.7502864583333334 0.7173046875 0.023815104166666667 0.016494140625
0 0.7564713541666667 0.702705078125 0.023359375 0.019580078125
0 0.7425 0.695830078125 0.0265625 0.01751953125
0 0.71203125 0.69978515625 0.0251953125 0.0185546875
0 0.7310416666666667 0.70802734375 0.0283984375 0.017177734375
0 0.7147916666666667 0.7190234375 0.022447916666666665 0.017861328125
0 0.7340234375 0.725380859375 0.027942708333333333 0.01751953125
0 0.7129557291666666 0.733798828125 0.027031250000000003 0.0151171875
0 0.6921093749999999 0.717646484375 0.0219921875 0.0185546875
0 0.6905078124999999 0.700302734375 0.020611979166666666 0.018896484375
0 0.6737890625 0.7021875 0.022903645833333333 0.016494140625
0 0.6557031249999999 0.706650390625 0.027031250000000003 0.016494140625
0 0.6449348958333333 0.6939453125 0.023815104166666667 0.01923828125
0 0.6678385416666667 0.719541015625 0.027486979166666665 0.01751953125
0 0.6747005208333333 0.734482421875 0.0283984375 0.017861328125
0 0.6545572916666667 0.731904296875 0.0219921875 0.012021484375
0 0.6430989583333333 0.722109375 0.025651041666666666 0.01923828125
0 0.6332552083333333 0.70630859375 0.026106770833333334 0.017177734375
0 0.6222656249999999 0.692568359375 0.023359375 0.0185546875
0 0.6037109374999999 0.6913671875 0.0219921875 0.018896484375
0 0.5844661458333333 0.690849609375 0.025651041666666666 0.019921875
0 0.5636328125 0.691884765625 0.027031250000000003 0.020615234375
0 0.5542447916666667 0.673330078125 0.024739583333333332 0.016494140625
0 0.535234375 0.67298828125 0.021523437500000003 0.017861328125
0 0.5150781249999999 0.672646484375 0.018776041666666667 0.0185546875
0 0.49904947916666664 0.674189453125 0.023359375 0.018896484375
0 0.4788932291666667 0.6740234375 0.024270833333333335 0.017861328125
0 0.46171875 0.674365234375 0.024739583333333332 0.016494140625
0 0.4404166666666667 0.673505859375 0.023359375 0.01751953125
0 0.41109375000000004 0.689482421875 0.023359375 0.0185546875
0 0.4303385416666667 0.68982421875 0.024270833333333335 0.0185546875
0 0.45278645833333336 0.689990234375 0.021523437500000003 0.021640625
0 0.46835937499999997 0.6905078125 0.022447916666666665 0.01923828125
0 0.48553385416666667 0.689990234375 0.023815104166666667 0.0202734375
0 0.5072916666666667 0.690341796875 0.0251953125 0.0202734375
0 0.5256119791666667 0.690849609375 0.019700520833333336 0.01923828125
0 0.5432421875 0.689482421875 0.023815104166666667 0.01580078125
0 0.40010416666666665 0.705625 0.021523437500000003 0.016494140625
0 0.42049479166666665 0.705625 0.0219921875 0.016494140625
0 0.4390364583333333 0.704248046875 0.021523437500000003 0.0185546875
0 0.4603385416666667 0.70734375 0.0265625 0.017861328125
0 0.48071614583333333 0.706142578125 0.023359375 0.016142578125
0 0.4979036458333333 0.70630859375 0.0219921875 0.017861328125
0 0.5166796875 0.706650390625 0.0219921875 0.019921875
0 0.5354557291666667 0.706142578125 0.021067708333333334 0.021640625
0 0.5540104166666667 0.706142578125 0.022447916666666665 0.019580078125
0 0.5753125 0.70716796875 0.022903645833333333 0.018896484375
0 0.5945442708333334 0.707685546875 0.0219921875 0.017861328125
0 0.6133333333333334 0.70888671875 0.021067708333333334 0.018203125
0 0.3852213541666667 0.7207421875 0.024739583333333332 0.016494140625
0 0.4094921875 0.7207421875 0.025651041666666666 0.01923828125
0 0.3955208333333333 0.733798828125 0.019700520833333336 0.017177734375
0 0.41636718749999996 0.73826171875 0.025651041666666666 0.020615234375
0 0.4278125 0.721083984375 0.021067708333333334 0.021298828125
0 0.44980468749999997 0.721767578125 0.023815104166666667 0.021298828125
0 0.43537760416666665 0.7398046875 0.022447916666666665 0.018896484375
0 0.4573567708333333 0.740146484375 0.023359375 0.018896484375
0 0.4676692708333334 0.722626953125 0.01923177083333333 0.018203125
0 0.48759114583333335 0.72228515625 0.027031250000000003 0.019580078125
0 0.48049479166666664 0.738427734375 0.025651041666666666 0.01751953125
0 0.5079817708333333 0.723486328125 0.022903645833333333 0.017177734375
0 0.521953125 0.7380859375 0.0251953125 0.018203125
0 0.5290494791666667 0.72296875 0.024739583333333332 0.0202734375
0 0.5489713541666666 0.724521484375 0.020611979166666666 0.020615234375
0 0.5679817708333333 0.72228515625 0.021067708333333334 0.018896484375
0 0.5668359374999999 0.74083984375 0.021523437500000003 0.0202734375
0 0.5840104166666666 0.740146484375 0.021067708333333334 0.019580078125
0 0.595 0.756640625 0.023815104166666667 0.018203125
0 0.5849348958333334 0.722109375 0.023815104166666667 0.021298828125
0 0.6066796875 0.7246875 0.022447916666666665 0.018896484375
0 0.6060026041666667 0.740322265625 0.025651041666666666 0.020615234375
0 0.6233984375 0.741181640625 0.0219921875 0.019580078125
0 0.6433333333333333 0.742041015625 0.024270833333333335 0.0185546875
0 0.6243229166666667 0.723662109375 0.022903645833333333 0.02095703125
2 0.7347135416666667 0.74736328125 0.023815104166666667 0.022333984375
2 0.7557812500000001 0.74890625 0.023815104166666667 0.021982421875
2 0.7775390624999999 0.752177734375 0.022447916666666665 0.023701171875
2 0.7979166666666666 0.75560546875 0.023815104166666667 0.019580078125
2 0.6946354166666667 0.7475390625 0.021523437500000003 0.01923828125
2 0.7141015624999999 0.74736328125 0.0219921875 0.018896484375
2 0.6698958333333334 0.761103515625 0.0251953125 0.02439453125
2 0.64515625 0.7640234375 0.0251953125 0.019921875
2 0.6243229166666667 0.764365234375 0.0219921875 0.020615234375
2 0.8670833333333333 0.72916015625 0.024739583333333332 0.018896484375
2 0.8542578125000001 0.742724609375 0.023815104166666667 0.017861328125
2 0.8705208333333333 0.71146484375 0.027031250000000003 0.021982421875
2 0.8680078125 0.692568359375 0.027486979166666665 0.021982421875
2 0.849453125 0.67642578125 0.026106770833333334 0.02267578125
2 0.8441796875 0.660625 0.0283984375 0.020615234375
2 0.82265625 0.658212890625 0.0265625 0.021982421875
2 0.8114322916666666 0.64396484375 0.023359375 0.018896484375
2 0.78234375 0.622314453125 0.023815104166666667 0.018896484375
2 0.7390625000000001 0.61509765625 0.024270833333333335 0.018896484375
2 0.7205078125000001 0.6144140625 0.022903645833333333 0.018203125
2 0.6602734375 0.609775390625 0.020611979166666666 0.017177734375
2 0.6444791666666666 0.61046875 0.021067708333333334 0.017177734375
2 0.6233984375 0.611328125 0.022903645833333333 0.018203125
2 0.6030208333333333 0.61029296875 0.018776041666666667 0.0168359375
2 0.5842447916666667 0.61046875 0.023359375 0.0185546875
2 0.5645442708333334 0.6092578125 0.021523437500000003 0.018203125
2 0.545078125 0.607548828125 0.01923177083333333 0.0168359375
2 0.5267578125 0.60771484375 0.021067708333333334 0.020615234375
2 0.5084375 0.607890625 0.0219921875 0.0202734375
2 0.48919270833333334 0.608056640625 0.021067708333333334 0.019921875
2 0.47065104166666666 0.607373046875 0.023359375 0.01923828125
2 0.45140625 0.606689453125 0.020611979166666666 0.020615234375
2 0.4422526041666666 0.623515625 0.022447916666666665 0.0185546875
2 0.43377604166666667 0.606689453125 0.025651041666666666 0.01923828125
2 0.4117838541666667 0.608232421875 0.021067708333333334 0.01751953125
2 0.42324218750000003 0.622314453125 0.02015625 0.015458984375
2 0.39208333333333334 0.607548828125 0.022903645833333333 0.018896484375
2 0.36919270833333334 0.607197265625 0.021067708333333334 0.01751953125
2 0.350859375 0.607373046875 0.02015625 0.019921875
2 0.33186197916666665 0.608056640625 0.019700520833333336 0.0185546875
2 0.31352864583333334 0.604111328125 0.018776041666666667 0.018896484375
2 0.29291666666666666 0.602734375 0.024270833333333335 0.0202734375
2 0.2713932291666667 0.603076171875 0.023359375 0.019580078125
2 0.28009114583333333 0.619228515625 0.019700520833333336 0.018203125
2 0.2993359375 0.619912109375 0.024270833333333335 0.01751953125
2 0.3213151041666667 0.6204296875 0.021523437500000003 0.01923828125
2 0.29223958333333333 0.63279296875 0.023815104166666667 0.0151171875
2 0.3094140625 0.63296875 0.020611979166666666 0.0133984375
2 0.25971354166666666 0.61767578125 0.025651041666666666 0.017177734375
2 0.25123697916666665 0.602392578125 0.024270833333333335 0.018896484375
2 0.22902343749999998 0.60255859375 0.025651041666666666 0.0185546875
2 0.20817708333333332 0.601708984375 0.021523437500000003 0.018896484375
2 0.18779947916666664 0.601875 0.023815104166666667 0.017177734375
2 0.166953125 0.600673828125 0.026106770833333334 0.0202734375
2 0.14222656250000001 0.600849609375 0.026106770833333334 0.017861328125
2 0.15276041666666665 0.6152734375 0.024270833333333335 0.0151171875
2 0.1747395833333333 0.61767578125 0.023359375 0.01580078125
2 0.19649739583333334 0.61767578125 0.022903645833333333 0.01580078125
2 0.21665364583333332 0.6178515625 0.022903645833333333 0.016142578125
2 0.23819010416666667 0.618876953125 0.021067708333333334 0.014775390625
2 0.24619791666666668 0.631416015625 0.023359375 0.017177734375
2 0.2670442708333333 0.633310546875 0.024739583333333332 0.015458984375
2 0.223984375 0.630732421875 0.022903645833333333 0.017177734375
2 0.20520833333333333 0.632626953125 0.02015625 0.016142578125
2 0.18436197916666666 0.631416015625 0.023359375 0.01580078125
2 0.16329427083333334 0.63021484375 0.023359375 0.018203125
2 0.14222656250000001 0.630048828125 0.026106770833333334 0.017177734375
2 0.13009114583333334 0.616650390625 0.0265625 0.01923828125
2 0.10740885416666666 0.614072265625 0.0251953125 0.018896484375
2 0.097109375 0.62935546875 0.0219921875 0.017177734375
2 0.11794270833333333 0.63056640625 0.024270833333333335 0.018203125
2 0.10786458333333333 0.643955078125 0.024270833333333335 0.0168359375
2 0.13076822916666667 0.644814453125 0.023359375 0.017177734375
2 0.150234375 0.644130859375 0.0219921875 0.014423828125
2 0.17153645833333334 0.64361328125 0.020611979166666666 0.016142578125
2 0.1589453125 0.656494140625 0.0219921875 0.017861328125
2 0.13970052083333334 0.656328125 0.021067708333333334 0.016142578125
2 0.11748697916666667 0.658212890625 0.020611979166666666 0.01580078125
2 0.08450520833333335 0.644130859375 0.027942708333333333 0.019921875
2 0.07329427083333333 0.659931640625 0.022903645833333333 0.017177734375
2 0.09596354166666667 0.659765625 0.019700520833333336 0.0168359375
2 0.063671875 0.67625 0.0265625 0.018896484375
2 0.08450520833333335 0.67384765625 0.0251953125 0.018203125
2 0.106953125 0.67298828125 0.020611979166666666 0.01580078125
2 0.1289453125 0.673671875 0.021523437500000003 0.0185546875
2 0.14473958333333334 0.671103515625 0.024739583333333332 0.0202734375
2 0.113828125 0.686904296875 0.027942708333333333 0.018896484375
2 0.1371875 0.68810546875 0.024270833333333335 0.017861328125
2 0.15756510416666666 0.68810546875 0.025651041666666666 0.017861328125
2 0.17955729166666667 0.688271484375 0.025651041666666666 0.018896484375
2 0.197421875 0.6896484375 0.021067708333333334 0.018203125
2 0.21872395833333333 0.6913671875 0.023359375 0.018203125
2 0.23658854166666665 0.691025390625 0.026106770833333334 0.019580078125
2 0.26109375 0.690166015625 0.025651041666666666 0.01580078125
2 0.27643229166666666 0.6905078125 0.018776041666666667 0.014423828125
2 0.2688802083333333 0.70373046875 0.01923177083333333 0.012021484375
2 0.2890234375 0.705283203125 0.022903645833333333 0.0185546875
2 0.30735677083333335 0.70373046875 0.025651041666666666 0.02095703125
2 0.3165104166666667 0.719365234375 0.024739583333333332 0.0185546875
2 0.3394140625 0.720048828125 0.02015625 0.017177734375
2 0.35522135416666667 0.72056640625 0.023359375 0.018896484375
2 0.3623177083333333 0.7372265625 0.023815104166666667 0.019921875
2 0.3705598958333333 0.75251953125 0.022903645833333333 0.021640625
2 0.3939192708333333 0.75423828125 0.022903645833333333 0.018896484375
2 0.41613281249999995 0.75646484375 0.026106770833333334 0.01923828125
2 0.38384114583333334 0.737744140625 0.0219921875 0.01751953125
2 0.43468749999999995 0.756806640625 0.025651041666666666 0.021298828125
2 0.4571354166666666 0.7575 0.0265625 0.020615234375
2 0.4798046875 0.75990234375 0.0251953125 0.020615234375
2 0.5024739583333333 0.76162109375 0.024739583333333332 0.021298828125
2 0.494921875 0.746845703125 0.021523437500000003 0.017861328125
2 0.5196614583333333 0.760244140625 0.0251953125 0.021982421875
2 0.5423307291666667 0.7614453125 0.024739583333333332 0.022333984375
2 0.5672916666666666 0.761103515625 0.022447916666666665 0.0202734375