0 0.453125 0.8293375000000001 0.041575 0.03385
0 0.42520833333333335 0.80974375 0.040383333333333334 0.03206875
0 0.4834083333333334 0.8204312500000001 0.040383333333333334 0.03385
0 0.46203333333333335 0.796825 0.03563333333333333 0.0329625
0 0.43471666666666664 0.777675 0.03800833333333333 0.03385
0 0.43827499999999997 0.7545125 0.03325833333333333 0.03919375
0 0.47094166666666665 0.7647562499999999 0.036816666666666664 0.0329625
0 0.4982583333333333 0.78435625 0.041575 0.036525
0 0.5006333333333334 0.7558499999999999 0.041575 0.036525
0 0.4745 0.743375 0.04395 0.0329625
0 0.4424333333333333 0.7255625000000001 0.036816666666666664 0.027612499999999998
0 0.4400583333333334 0.69571875 0.03444166666666666 0.035631249999999996
0 0.46975000000000006 0.71175625 0.041575 0.035631249999999996
0 0.501225 0.72823125 0.040383333333333334 0.036525
0 0.5261666666666667 0.71264375 0.03800833333333333 0.03206875
0 0.49469166666666664 0.6988375000000001 0.039191666666666666 0.0329625
0 0.4655916666666667 0.67879375 0.03563333333333333 0.030287500000000002
0 0.49113333333333337 0.6658750000000001 0.036816666666666664 0.02939375
0 0.5232 0.68503125 0.03444166666666666 0.03206875
0 0.525575 0.65919375 0.036816666666666664 0.03206875
0 0.5042 0.6396000000000001 0.04395 0.030287500000000002
0 0.46975000000000006 0.6494 0.04395 0.03206875
0 0.45787500000000003 0.6262375 0.046325000000000005 0.03385
0 0.4549083333333333 0.5972875 0.042758333333333336 0.036525
0 0.4881583333333333 0.61465625 0.042758333333333336 0.03385
0 0.5237916666666667 0.60351875 0.042758333333333336 0.034743750000000004
0 0.5327000000000001 0.6266812500000001 0.039191666666666666 0.036525
0 0.4881583333333333 0.59283125 0.04750833333333333 0.03830625
0 0.47153333333333336 0.56878125 0.04513333333333333 0.034743750000000004
0 0.49706666666666666 0.5558625 0.039191666666666666 0.024943749999999997
0 0.5178583333333333 0.5776875 0.03563333333333333 0.0329625
0 0.5481416666666666 0.583925 0.039191666666666666 0.0329625
0 0.5392333333333333 0.5572 0.042758333333333336 0.0329625
0 0.516075 0.5389375 0.039191666666666666 0.030287500000000002
0 0.5511083333333334 0.535375 0.03563333333333333 0.030287500000000002
0 0.4952916666666667 0.5171125 0.05225833333333334 0.034743750000000004
0 0.5261666666666667 0.51399375 0.040383333333333334 0.030287500000000002
0 0.5439833333333333 0.49528750000000005 0.030883333333333336 0.024943749999999997
0 0.5659583333333333 0.51176875 0.04395 0.02939375
0 0.49885 0.48771875000000003 0.05463333333333333 0.034743750000000004
0 0.5249833333333334 0.47309375000000004 0.042758333333333336 0.03191875
2 0.33138333333333336 0.48786875 0.040383333333333334 0.0329625
2 0.31890833333333335 0.6678125 0.0487 0.047212500000000004
2 0.3592916666666666 0.67939375 0.036816666666666664 0.027612499999999998
2 0.3676083333333333 0.65266875 0.039191666666666666 0.02939375
2 0.3646333333333333 0.62505625 0.042758333333333336 0.027612499999999998
2 0.380075 0.6001124999999999 0.040383333333333334 0.02939375
2 0.4026416666666667 0.62015625 0.04750833333333333 0.030287500000000002
2 0.399675 0.64554375 0.039191666666666666 0.03118125
2 0.3860166666666667 0.671375 0.04513333333333333 0.0329625
2 0.42283333333333334 0.6629125 0.03325833333333333 0.030287500000000002
2 0.413925 0.59921875 0.04395 0.0329625
2 0.42343333333333333 0.57516875 0.036816666666666664 0.03118125
2 0.413925 0.54131875 0.041575 0.02226875
2 0.4400583333333334 0.56225 0.02969166666666667 0.03385
2 0.45965833333333334 0.53730625 0.04513333333333333 0.026725
2 0.43530833333333335 0.51415 0.039191666666666666 0.03919375
2 0.4489666666666667 0.48965000000000003 0.03800833333333333 0.02939375
2 0.47212499999999996 0.51325625 0.041575 0.03206875
2 0.4560916666666666 0.4669375 0.042758333333333336 0.03206875
2 0.4655916666666667 0.44645 0.042758333333333336 0.02850625
2 0.49469166666666664 0.4664875 0.036816666666666664 0.02405
2 0.49944166666666673 0.44333125 0.036816666666666664 0.02583125
2 0.5018166666666666 0.42239375 0.046325000000000005 0.023162500000000003
2 0.540425 0.41705 0.03563333333333333 0.024943749999999997
2 0.5374500000000001 0.4411 0.03444166666666666 0.03206875
0 0.5730833333333334 0.433975 0.046325000000000005 0.03206875
2 0.6146583333333333 0.41526874999999996 0.041575 0.02850625
2 0.6158416666666666 0.44689375 0.04395 0.036525
2 0.6396 0.42951875 0.03444166666666666 0.03206875
2 0.6586000000000001 0.45268125 0.0487 0.030287500000000002
2 0.6455333333333333 0.4740625 0.039191666666666666 0.030287500000000002
2 0.6158416666666666 0.482525 0.039191666666666666 0.027612499999999998
2 0.5819916666666667 0.4834125 0.04513333333333333 0.02939375
2 0.5914916666666666 0.4642625 0.042758333333333336 0.024943749999999997
2 0.5606166666666667 0.4620375 0.042758333333333336 0.02939375
2 0.6063416666666667 0.5021249999999999 0.039191666666666666 0.03118125
2 0.5968416666666667 0.52573125 0.041575 0.02850625
2 0.58615 0.545325 0.041575 0.026725
2 0.5784333333333334 0.56893125 0.042758333333333336 0.027612499999999998
2 0.568925 0.61124375 0.04513333333333333 0.024943749999999997
2 0.5748666666666667 0.5903125 0.04513333333333333 0.02939375
2 0.5558666666666666 0.63351875 0.03800833333333333 0.026725
2 0.38958333333333334 0.7086374999999999 0.042758333333333336 0.03118125
2 0.3788916666666667 0.73358125 0.040383333333333334 0.036525
2 0.37116666666666664 0.7567375 0.051075 0.034743750000000004
2 0.3693916666666667 0.7861374999999999 0.03800833333333333 0.03830625
2 0.36285833333333334 0.81375 0.0487 0.0329625
2 0.35335 0.8355750000000001 0.046325000000000005 0.02850625
2 0.39848333333333336 0.831125 0.041575 0.030287500000000002
2 0.40204999999999996 0.8587375 0.04395 0.035631249999999996
2 0.4655916666666667 0.86319375 0.04750833333333333 0.03385
2 0.5095416666666667 0.8560625000000001 0.042758333333333336 0.0374125
2 0.5137 0.82533125 0.046325000000000005 0.036525
2 0.5279499999999999 0.7888062499999999 0.041575 0.036525
2 0.5321083333333333 0.7652 0.040383333333333334 0.03206875
2 0.5392333333333333 0.7380312499999999 0.040383333333333334 0.036525
2 0.5564583333333334 0.6872562499999999 0.041575 0.03118125