2 0.4578666666666667 0.46770625000000005 0.03796666666666667 0.0326375
2 0.4902333333333333 0.47314375 0.03194166666666667 0.0274375
2 0.38411666666666666 0.500975 0.03401666666666667 0.02575625
2 0.5107416666666666 0.5078125 0.0344 0.026549999999999997
2 0.42285 0.49463124999999997 0.03281666666666667 0.0259125
2 0.5042333333333334 0.59619375 0.03401666666666667 0.02650625
2 0.38411666666666666 0.53320625 0.03448333333333334 0.025618750000000003
2 0.45442499999999997 0.49145625000000004 0.032875 0.026612499999999997
2 0.482425 0.49731250000000005 0.03110833333333333 0.02395625
2 0.5253916666666667 0.62109375 0.033125 0.027331249999999998
2 0.5273416666666666 0.5483375 0.03395833333333333 0.0257125
2 0.38053333333333333 0.56591875 0.0316 0.0259125
2 0.5029333333333333 0.53466875 0.032508333333333334 0.024612500000000002
2 0.4928416666666666 0.6264625 0.03389166666666667 0.0271125
2 0.47689166666666666 0.52295 0.03129166666666666 0.0239125
2 0.5123666666666667 0.6508812500000001 0.03389166666666667 0.027374999999999997
2 0.4713583333333333 0.60546875 0.03206666666666667 0.024931250000000002
2 0.4150416666666667 0.60449375 0.032633333333333334 0.025618750000000003
2 0.48534999999999995 0.55761875 0.03383333333333333 0.027525
2 0.4446583333333334 0.62011875 0.03188333333333333 0.0274375
2 0.45735833333333337 0.54199375 0.033383333333333334 0.02610625
2 0.4785166666666667 0.6655249999999999 0.03383333333333333 0.02865625
2 0.41113333333333335 0.634275 0.03493333333333334 0.0241375
2 0.3818333333333333 0.5932625 0.0317 0.027068750000000003
2 0.4114583333333333 0.54931875 0.033183333333333336 0.02456875
2 0.388025 0.61865 0.0307 0.0262625
2 0.41178333333333333 0.578125 0.034075 0.0256625
2 0.4335916666666666 0.52831875 0.02988333333333333 0.024
2 0.4114583333333333 0.51465 0.03206666666666667 0.0239125
2 0.43782499999999996 0.56543125 0.0308 0.02475
2 0.44173333333333337 0.59130625 0.029949999999999997 0.023775
2 0.47037500000000004 0.63818125 0.03194166666666667 0.02456875
2 0.450925 0.5138875 0.03333333333333333 0.022225