2 0.3803916666666667 0.609675 0.031075 0.02480625
2 0.374375 0.62790625 0.033075 0.02293125
2 0.375125 0.6470812499999999 0.031575 0.02293125
2 0.39918333333333333 0.6299750000000001 0.032575 0.02105
2 0.40695 0.6134375 0.027066666666666662 0.0218
0 0.4327666666666667 0.6235875 0.030574999999999998 0.0203
2 0.43301666666666666 0.6091125000000001 0.030066666666666665 0.020675
2 0.4209833333333333 0.63824375 0.027066666666666662 0.01879375
2 0.40094166666666664 0.6497062499999999 0.034083333333333334 0.021425
2 0.4342666666666667 0.65421875 0.027566666666666666 0.01991875
2 0.44830000000000003 0.6418187500000001 0.026558333333333333 0.021425
2 0.46985000000000005 0.6406875 0.028566666666666667 0.020675
2 0.46534166666666665 0.65685 0.028566666666666667 0.021425
2 0.4538166666666667 0.671325 0.030574999999999998 0.0218
0 0.4894 0.671325 0.032575 0.02330625
2 0.49165000000000003 0.65309375 0.030066666666666665 0.02293125