1 0.5959114583333334 0.564189453125 0.051145833333333335 0.032568359375
1 0.5823958333333333 0.5927734375 0.04149739583333333 0.030400390625
1 0.6099088541666667 0.618466796875 0.0424609375 0.03546875
1 0.6137630208333333 0.6434375 0.052109375000000006 0.03619140625
1 0.6272786458333334 0.671669921875 0.048255208333333334 0.033291015625
0 0.6374088541666666 0.579384765625 0.04149739583333333 0.029677734375
0 0.626796875 0.55224609375 0.04342447916666667 0.03474609375
0 0.6475390625 0.530166015625 0.04053385416666667 0.029677734375
0 0.6277604166666667 0.50302734375 0.04149739583333333 0.033291015625
0 0.610390625 0.52546875 0.0453515625 0.031845703125
0 0.5558593749999999 0.50158203125 0.05018229166666666 0.03474609375
0 0.52015625 0.50591796875 0.03860677083333333 0.033291015625
0 0.5298046875 0.53306640625 0.0424609375 0.029677734375
0 0.5669661458333334 0.528720703125 0.04342447916666667 0.029677734375
0 0.4593619791666667 0.5337890625 0.046328125 0.034013671875
0 0.49313802083333336 0.543916015625 0.04438802083333334 0.031123046875
0 0.44199218749999997 0.56201171875 0.03473958333333333 0.03546875
0 0.47914062500000004 0.56744140625 0.04149739583333333 0.031845703125
0 0.5023046875 0.58916015625 0.04342447916666667 0.033291015625
0 0.5158203124999999 0.559482421875 0.0395703125 0.033291015625
0 0.5370442708333333 0.580107421875 0.0395703125 0.034013671875
0 0.550078125 0.54970703125 0.04438802083333334 0.034013671875
0 0.5298046875 0.61123046875 0.04053385416666667 0.03546875
0 0.561171875 0.622451171875 0.0395703125 0.03474609375
0 0.5327083333333333 0.641630859375 0.046328125 0.03546875
0 0.5630989583333333 0.65646484375 0.04921875 0.033291015625
0 0.5592447916666666 0.683974609375 0.04342447916666667 0.03908203125
0 0.5963932291666666 0.691572265625 0.04438802083333334 0.032568359375
0 0.5886718750000001 0.72125 0.0559765625 0.034013671875
0 0.6287239583333334 0.715458984375 0.053072916666666664 0.038359375
0 0.6610546875 0.696279296875 0.048255208333333334 0.031845703125
0 0.6697395833333334 0.727763671875 0.0424609375 0.038359375
0 0.6668489583333334 0.6734765625 0.04053385416666667 0.034013671875
0 0.6625 0.6434375 0.0453515625 0.03619140625
2 0.38697916666666665 0.576494140625 0.048255208333333334 0.031123046875
2 0.4222005208333333 0.5269140625 0.04149739583333333 0.033291015625
2 0.4067578125 0.555498046875 0.04342447916666667 0.031123046875
2 0.42654947916666663 0.580830078125 0.04438802083333334 0.032568359375
2 0.435234375 0.497236328125 0.0424609375 0.03474609375
2 0.4617708333333333 0.514248046875 0.0395703125 0.02677734375
2 0.4748046875 0.488193359375 0.04053385416666667 0.031123046875
2 0.5288411458333333 0.4599609375 0.04438802083333334 0.032568359375
2 0.5143619791666666 0.481318359375 0.03860677083333333 0.0260546875
2 0.55296875 0.477333984375 0.04438802083333334 0.031123046875
2 0.6856640625 0.52908203125 0.035703125 0.031845703125
2 0.6538151041666667 0.550068359375 0.04149739583333333 0.028955078125
2 0.6678125 0.571064453125 0.04053385416666667 0.031845703125
2 0.4482552083333333 0.605078125 0.04921875 0.03763671875
2 0.47576822916666667 0.621728515625 0.04438802083333334 0.03619140625
2 0.5095442708333333 0.656826171875 0.046328125 0.034013671875
2 0.5114713541666667 0.6872265625 0.05018229166666666 0.0398046875
2 0.7232942708333333 0.6803515625 0.051145833333333335 0.043427734375
2 0.5365624999999999 0.73427734375 0.048255208333333334 0.038359375
2 0.5713020833333333 0.767568359375 0.05018229166666666 0.0398046875
2 0.5713020833333333 0.738974609375 0.0424609375 0.033291015625
2 0.6123177083333333 0.755986328125 0.051145833333333335 0.038359375
2 0.6084635416666667 0.79037109375 0.056940104166666665 0.03763671875
2 0.6422395833333333 0.77263671875 0.04729166666666667 0.044150390625
2 0.6793880208333333 0.757431640625 0.048255208333333334 0.03546875
2 0.6813151041666666 0.7954296875 0.05790364583333333 0.03763671875
2 0.7126822916666667 0.779150390625 0.055013020833333336 0.034013671875
2 0.7204036458333333 0.747666015625 0.055013020833333336 0.03763671875
2 0.7218489583333333 0.716181640625 0.052109375000000006 0.0369140625