2 0.41064999999999996 0.540975 0.019441666666666666 0.01805625
2 0.4 0.5545125 0.018516666666666667 0.014581249999999999
2 0.288425 0.47395625 0.015741666666666668 0.013193749999999999
2 0.480275 0.5875 0.020558333333333335 0.015
2 0.3725 0.33208125000000005 0.018333333333333333 0.01666875
2 0.38610833333333333 0.37354374999999995 0.021108333333333333 0.015418750000000002
2 0.3275 0.35833125000000005 0.018333333333333333 0.01416875
2 0.29805833333333337 0.33395625 0.021666666666666667 0.01375
2 0.28305833333333336 0.339375 0.015 0.010418750000000001
2 0.2966666666666667 0.34666874999999997 0.017775 0.010831249999999999
2 0.3111083333333333 0.35083125000000004 0.016666666666666666 0.01166875
2 0.29389166666666666 0.356875 0.017775 0.012918750000000001
2 0.31027499999999997 0.36208125 0.019441666666666666 0.010831249999999999
2 0.29194166666666665 0.36770625 0.017225 0.012918750000000001
2 0.3088916666666667 0.37229375 0.016666666666666666 0.01125
2 0.3086083333333333 0.38291875 0.017225 0.01166875
2 0.28833333333333333 0.38479375 0.022225 0.012918750000000001
2 0.300275 0.39166874999999995 0.017225 0.01333125
2 0.3163916666666667 0.39270625000000003 0.019441666666666666 0.01375
2 0.33805833333333335 0.40333125000000003 0.017225 0.0125
2 0.27666666666666667 0.48083125000000004 0.015558333333333335 0.01166875
2 0.272225 0.490625 0.017775 0.01375
2 0.25472500000000003 0.49458125000000003 0.020558333333333335 0.01333125
2 0.26944166666666663 0.503125 0.017775 0.012081249999999998
2 0.25222500000000003 0.506875 0.018891666666666668 0.012918750000000001
2 0.23889166666666667 0.5104187499999999 0.017775 0.01166875
2 0.26666666666666666 0.513125 0.016666666666666666 0.01125
2 0.2825 0.51833125 0.017225 0.010831249999999999
2 0.2505583333333333 0.51625 0.016666666666666666 0.010831249999999999
2 0.265 0.525 0.017775 0.01333125
2 0.23472500000000002 0.52270625 0.015 0.012918750000000001
2 0.24944166666666664 0.52875 0.016666666666666666 0.01333125
2 0.26444166666666663 0.53583125 0.016666666666666666 0.01166875
2 0.28 0.53 0.014441666666666665 0.01166875
2 0.247775 0.54020625 0.017775 0.012081249999999998
2 0.26360833333333333 0.5475 0.017225 0.010831249999999999
2 0.24805833333333335 0.55375 0.017225 0.010831249999999999
2 0.2625 0.55916875 0.015 0.01166875
2 0.27805833333333335 0.55479375 0.016108333333333332 0.012918750000000001
2 0.23166666666666666 0.5583312500000001 0.018891666666666668 0.01333125
2 0.24610833333333332 0.56354375 0.016666666666666666 0.010418750000000001
2 0.24389166666666667 0.57479375 0.016666666666666666 0.012081249999999998
2 0.26166666666666666 0.56979375 0.014441666666666665 0.01375
2 0.2758333333333333 0.56645625 0.016108333333333332 0.012918750000000001
2 0.27416666666666667 0.57708125 0.019441666666666666 0.0125
2 0.25666666666666665 0.583125 0.018891666666666668 0.01125
2 0.24222500000000002 0.5879187499999999 0.015558333333333335 0.01166875
2 0.25722500000000004 0.5945812500000001 0.016666666666666666 0.01166875
2 0.27360833333333334 0.58916875 0.013891666666666668 0.0125
2 0.24053333333333332 0.6007125 0.015908333333333333 0.01619375
2 0.2553 0.6053999999999999 0.017425 0.0136375
2 0.2717833333333333 0.60170625 0.017041666666666667 0.0125
2 0.26818333333333333 0.61391875 0.015908333333333333 0.01306875
2 0.24772499999999997 0.616475 0.017425 0.0136375
2 0.25984999999999997 0.62528125 0.016666666666666666 0.01420625
2 0.25833333333333336 0.637925 0.017425 0.01391875
2 0.275 0.6328125 0.01515 0.013349999999999999
2 0.29034166666666666 0.627275 0.017041666666666667 0.01306875
2 0.3060583333333333 0.63253125 0.017425 0.0144875
2 0.29109999999999997 0.63891875 0.019316666666666666 0.01193125
2 0.2748083333333333 0.6457375000000001 0.019316666666666666 0.0125
2 0.25814166666666666 0.65056875 0.017041666666666667 0.01193125
2 0.2717833333333333 0.6569625000000001 0.017041666666666667 0.01221875
2 0.2909083333333333 0.649575 0.0197 0.013349999999999999
2 0.28901666666666664 0.66193125 0.015908333333333333 0.0125
2 0.30644166666666667 0.65753125 0.018941666666666666 0.01278125
2 0.2717833333333333 0.66974375 0.016291666666666666 0.01278125
2 0.29034166666666666 0.6748562499999999 0.016291666666666666 0.01278125
2 0.30473333333333336 0.6691750000000001 0.015533333333333333 0.01221875
2 0.2725416666666667 0.68125 0.0178 0.01193125
2 0.28636666666666666 0.687925 0.013633333333333332 0.01165
2 0.30245833333333333 0.6823874999999999 0.014016666666666667 0.01306875
2 0.3178 0.6774125 0.015908333333333333 0.01391875
2 0.3126916666666667 0.6890625 0.017041666666666667 0.01165
2 0.29735 0.6960250000000001 0.017425 0.0136375
2 0.3143916666666666 0.7002812500000001 0.01515 0.0136375
2 0.30170833333333336 0.7083812500000001 0.018558333333333333 0.01391875
2 0.333525 0.71818125 0.018558333333333333 0.01306875
2 0.3342833333333333 0.7301125 0.0178 0.0136375
2 0.3532166666666667 0.73423125 0.0178 0.013349999999999999
2 0.33560833333333334 0.74246875 0.0197 0.0144875
2 0.35454166666666664 0.746875 0.018941666666666666 0.01306875
2 0.33958333333333335 0.75653125 0.018558333333333333 0.01420625
2 0.35852500000000004 0.75994375 0.018558333333333333 0.01306875
2 0.34791666666666665 0.7698875 0.016291666666666666 0.0136375
2 0.3439416666666667 0.7842312499999999 0.017425 0.013349999999999999
2 0.3625 0.77983125 0.017425 0.01420625
2 0.35568333333333335 0.7921875 0.014391666666666665 0.01278125
2 0.3712083333333333 0.79503125 0.020458333333333335 0.01619375
2 0.39015 0.8163375 0.016666666666666666 0.015625
2 0.3784083333333333 0.82784375 0.0197 0.01590625