2 0.5677083333333334 0.50234375 0.03125 0.0265625
2 0.5451416666666666 0.51484375 0.030558333333333333 0.02239375
2 0.5760416666666667 0.5231750000000001 0.032641666666666666 0.02135625
2 0.5170166666666667 0.510675 0.03125 0.02448125
2 0.525 0.53176875 0.030558333333333333 0.02291875
2 0.552775 0.53515625 0.034725 0.02448125
2 0.5743083333333333 0.55234375 0.03194166666666667 0.02551875
2 0.5357666666666666 0.5533874999999999 0.03125 0.0234375
2 0.5559000000000001 0.5705749999999999 0.02985833333333333 0.0234375
2 0.4930583333333333 0.52395625 0.03194166666666667 0.02395625
2 0.5027750000000001 0.5442687500000001 0.029166666666666667 0.02395625
2 0.5135416666666667 0.56458125 0.027083333333333334 0.021875
2 0.5302083333333333 0.58125 0.028475 0.02083125
2 0.5496500000000001 0.5971375 0.03125 0.02239375
2 0.48854166666666665 0.57421875 0.03125 0.02239375
2 0.47708333333333336 0.5546875 0.03194166666666667 0.02395625
2 0.47048333333333336 0.5348937500000001 0.02985833333333333 0.02395625
2 0.5079833333333333 0.589325 0.027083333333333334 0.02239375
2 0.5236083333333333 0.60729375 0.029166666666666667 0.02083125
2 0.44652500000000006 0.5434875 0.029166666666666667 0.02239375
2 0.45347499999999996 0.5651062499999999 0.027774999999999998 0.02291875
2 0.46840000000000004 0.5822937499999999 0.032641666666666666 0.025
2 0.48541666666666666 0.60078125 0.03194166666666667 0.02135625
2 0.503125 0.61875 0.028475 0.02291875
2 0.5163166666666666 0.63671875 0.027083333333333334 0.0203125
2 0.5388916666666667 0.62708125 0.030558333333333333 0.021875
2 0.5180583333333333 0.65859375 0.03194166666666667 0.0234375
2 0.4184 0.5481750000000001 0.032641666666666666 0.02135625
2 0.42569166666666663 0.56926875 0.03194166666666667 0.02083125
2 0.440625 0.58541875 0.028475 0.019793750000000002
2 0.459025 0.6028625000000001 0.030558333333333333 0.0234375
2 0.4732666666666666 0.6190125 0.02985833333333333 0.02135625
2 0.4864583333333333 0.6375 0.03125 0.021875
2 0.4888916666666666 0.6580750000000001 0.030558333333333333 0.0234375
2 0.49826666666666664 0.67708125 0.02985833333333333 0.02083125
2 0.38680833333333337 0.5502625 0.03194166666666667 0.0234375
2 0.39618333333333333 0.57083125 0.027083333333333334 0.021875
2 0.4111083333333333 0.5872375000000001 0.027774999999999998 0.02239375
2 0.428125 0.604425 0.02985833333333333 0.02135625
2 0.4430583333333333 0.620575 0.030558333333333333 0.02239375
2 0.4576416666666666 0.63984375 0.026391666666666667 0.02239375
2 0.45972499999999994 0.6596375000000001 0.030558333333333333 0.02135625
2 0.4680583333333333 0.6791687500000001 0.030558333333333333 0.021875
2 0.4816 0.69765625 0.03125 0.02135625
2 0.36770833333333336 0.58020625 0.03125 0.02291875
2 0.38298333333333334 0.5950500000000001 0.02985833333333333 0.019268749999999998
2 0.40555833333333335 0.6112 0.027774999999999998 0.0203125
2 0.4232666666666667 0.62734375 0.025691666666666665 0.01823125
2 0.43090000000000006 0.6450499999999999 0.028475 0.02239375
2 0.4336833333333333 0.6653625 0.028475 0.02239375
2 0.4381916666666667 0.70703125 0.03194166666666667 0.01823125
2 0.440275 0.68671875 0.03194166666666667 0.0234375
2 0.35485833333333333 0.5979187499999999 0.03333333333333333 0.02291875
2 0.37395833333333334 0.61614375 0.03958333333333333 0.021875
2 0.3927083333333333 0.63125 0.03125 0.021875
2 0.40625 0.64948125 0.030558333333333333 0.021875
2 0.35 0.62578125 0.030558333333333333 0.0203125
2 0.3329833333333333 0.60989375 0.032641666666666666 0.02291875
2 0.32014166666666666 0.63073125 0.030558333333333333 0.02291875
2 0.34097500000000003 0.645575 0.026391666666666667 0.01823125
2 0.36735833333333334 0.63828125 0.029166666666666667 0.02239375
2 0.37777499999999997 0.6578125 0.027774999999999998 0.019793750000000002
2 0.4041666666666667 0.6700499999999999 0.029166666666666667 0.019268749999999998
2 0.40694166666666665 0.6908875000000001 0.030558333333333333 0.02239375
2 0.37465 0.6776062500000001 0.034025 0.021875
2 0.38055833333333333 0.69895625 0.030558333333333333 0.02291875
2 0.353125 0.6645812499999999 0.027083333333333334 0.02291875
2 0.3125 0.6518250000000001 0.03610833333333333 0.0203125
2 0.3232666666666667 0.6697937500000001 0.02985833333333333 0.02291875
2 0.2982666666666667 0.68046875 0.03125 0.02448125
2 0.31839999999999996 0.6940125 0.032641666666666666 0.02239375
2 0.3441 0.6846375 0.028475 0.02239375