2 0.7255416666666666 0.411175 0.022258333333333335 0.01780625
2 0.7099583333333334 0.40143749999999995 0.020775 0.0183625
2 0.6940083333333333 0.3992125 0.024483333333333333 0.01725
2 0.6865916666666666 0.4120125 0.020033333333333334 0.01725
2 0.7029083333333334 0.41924374999999997 0.021516666666666667 0.019475
2 0.6691583333333333 0.40616875 0.022258333333333335 0.01780625
2 0.6558 0.3981 0.022258333333333335 0.0161375
2 0.6387416666666667 0.400325 0.023741666666666664 0.0161375
2 0.6239 0.40616875 0.020775 0.018918749999999998
2 0.6368833333333334 0.4145125 0.021516666666666667 0.01558125
2 0.6502416666666666 0.41090000000000004 0.020033333333333334 0.0161375
2 0.6661916666666666 0.41979999999999995 0.020775 0.015025
2 0.6821416666666668 0.42536250000000003 0.01855 0.0161375
2 0.6643333333333333 0.4320375 0.020033333333333334 0.015025
2 0.6839916666666667 0.44372500000000004 0.020775 0.015025
2 0.5886666666666667 0.40588749999999996 0.01855 0.019475
2 0.6072083333333333 0.41061875000000003 0.017066666666666667 0.01558125
2 0.6788 0.45513125000000004 0.020775 0.01780625
2 0.674725 0.46709375000000003 0.020033333333333334 0.0128
2 0.66545 0.47460625 0.020775 0.01669375
2 0.6799166666666666 0.48434375 0.023 0.019475
2 0.6628499999999999 0.48768124999999996 0.021516666666666667 0.015025
2 0.6528333333333333 0.49491250000000003 0.020775 0.015025
2 0.6465333333333334 0.4860125 0.021516666666666667 0.015025
2 0.569375 0.40978749999999997 0.01855 0.01725
2 0.58125 0.41840625000000004 0.01855 0.01558125
2 0.599425 0.42341875 0.017808333333333336 0.01558125
2 0.5512 0.4045 0.022258333333333335 0.018918749999999998
2 0.6621083333333333 0.44344374999999997 0.01855 0.014468749999999999
1 0.3543 0.54095 0.02099166666666667 0.0166375
1 0.35231666666666667 0.55565625 0.024158333333333334 0.01693125
1 0.37113333333333337 0.55936875 0.0206 0.017825
1 0.3002333333333333 0.574075 0.02455833333333333 0.017525
1 0.29824999999999996 0.5884812500000001 0.022975 0.016043750000000002
1 0.3168666666666667 0.5826875 0.019808333333333334 0.01336875
1 0.27845 0.57956875 0.02535 0.017825
1 0.28934166666666666 0.6008125 0.02099166666666667 0.0139625
1 0.21309166666666668 0.564275 0.023766666666666665 0.017525
1 0.214875 0.58001875 0.023366666666666668 0.01693125
1 0.20339166666666667 0.5916 0.024158333333333334 0.0163375
1 0.22200833333333336 0.6080875 0.022575 0.016043750000000002
0 0.6361166666666667 0.42776875 0.018216666666666666 0.016043750000000002
0 0.619675 0.43237499999999995 0.017825 0.017525
0 0.634925 0.44069375 0.019008333333333332 0.01574375
0 0.604225 0.4349 0.0202 0.016043750000000002
0 0.604425 0.44886249999999994 0.021391666666666666 0.01485625
0 0.6198750000000001 0.44559375 0.016633333333333333 0.015449999999999998
0 0.6032333333333333 0.4614875 0.019808333333333334 0.015149999999999999
0 0.6180916666666667 0.4606 0.019408333333333333 0.015149999999999999
0 0.6341333333333333 0.45495624999999995 0.019008333333333332 0.01336875
0 0.6489833333333334 0.4551 0.017825 0.015449999999999998
0 0.6178916666666667 0.47351875 0.019808333333333334 0.01425625
0 0.6355166666666666 0.46653750000000005 0.0202 0.015149999999999999
0 0.6026416666666666 0.47485625 0.02099166666666667 0.01455625
0 0.5721416666666667 0.4311875 0.021783333333333335 0.01455625
0 0.5747166666666667 0.44440624999999995 0.021391666666666666 0.015449999999999998
0 0.588975 0.452725 0.016633333333333333 0.0166375
0 0.5559083333333333 0.42450625000000003 0.019408333333333333 0.01485625
0 0.5547166666666666 0.43727499999999997 0.021783333333333335 0.01485625
0 0.5384749999999999 0.42969999999999997 0.0202 0.015149999999999999
0 0.5402583333333333 0.442325 0.019808333333333334 0.01306875
0 0.5557083333333334 0.45049999999999996 0.019008333333333332 0.01336875
0 0.569375 0.45836875 0.02099166666666667 0.016043750000000002
0 0.5852166666666666 0.4668375 0.021783333333333335 0.01574375
0 0.5701666666666667 0.4718875 0.018616666666666667 0.0139625
0 0.5856083333333334 0.4794625 0.018616666666666667 0.0136625
0 0.5262 0.44945625 0.0202 0.01485625
0 0.54125 0.45718125 0.017825 0.015449999999999998
0 0.5545166666666667 0.46564999999999995 0.019808333333333334 0.01574375
0 0.553925 0.47886875 0.0202 0.01485625
0 0.5683833333333332 0.4857 0.018216666666666666 0.01485625
0 0.5826416666666666 0.49446249999999997 0.019808333333333334 0.0139625
0 0.5685833333333333 0.49861875 0.017825 0.01336875
0 0.5832333333333334 0.5059 0.018616666666666667 0.012475
0 0.5392666666666667 0.47143749999999995 0.0202 0.015449999999999998
0 0.5256083333333333 0.46445625 0.018216666666666666 0.015149999999999999
0 0.5089666666666667 0.45198125 0.021391666666666666 0.015149999999999999
0 0.492925 0.45688125 0.019408333333333333 0.015449999999999998
0 0.5095666666666667 0.46609375 0.02099166666666667 0.01485625
0 0.5240166666666667 0.47723125000000005 0.019808333333333334 0.0139625
0 0.5380833333333334 0.48495625 0.019408333333333333 0.015149999999999999
0 0.55155 0.4917875 0.017825 0.0139625
0 0.523225 0.49104375 0.018216666666666666 0.01485625
0 0.5103583333333332 0.48198749999999996 0.02495 0.01574375
0 0.492925 0.4717375 0.019408333333333333 0.01485625
0 0.5372916666666666 0.4972875 0.016241666666666665 0.01425625
0 0.5517500000000001 0.50634375 0.0206 0.0163375
0 0.5677916666666667 0.5111 0.018616666666666667 0.0163375
0 0.47609166666666664 0.46297499999999997 0.019008333333333332 0.0139625
0 0.47609166666666664 0.47768125 0.019808333333333334 0.0166375
0 0.478075 0.4894125 0.019008333333333332 0.012775000000000002
0 0.4947083333333333 0.48510624999999996 0.018216666666666666 0.01485625
0 0.492925 0.49921875 0.0202 0.01574375
0 0.5083749999999999 0.4966875 0.017825 0.015449999999999998
0 0.5230333333333334 0.5056 0.018616666666666667 0.01485625
0 0.5380833333333334 0.5116937500000001 0.018616666666666667 0.01574375
0 0.508575 0.5106499999999999 0.0206 0.016043750000000002
0 0.5230333333333334 0.51763125 0.017033333333333334 0.0139625
0 0.5370916666666666 0.52684375 0.019808333333333334 0.01574375
0 0.5519416666666667 0.51896875 0.019408333333333333 0.015449999999999998
0 0.48144166666666666 0.5097625 0.021783333333333335 0.01485625
0 0.49530833333333335 0.518675 0.02099166666666667 0.016043750000000002
0 0.51055 0.52595 0.0206 0.01455625
0 0.5252083333333334 0.5333749999999999 0.0206 0.01574375
0 0.483025 0.5272875 0.02099166666666667 0.01425625
0 0.47094166666666665 0.52030625 0.0206 0.0163375
0 0.45985833333333337 0.50085 0.0206 0.016043750000000002
0 0.44025 0.49758125 0.022575 0.0166375
0 0.4535166666666667 0.513175 0.022975 0.01455625
0 0.4543083333333333 0.52625 0.019008333333333332 0.01455625
0 0.46896666666666664 0.53411875 0.018216666666666666 0.01425625
0 0.4947083333333333 0.533675 0.019808333333333334 0.0163375
0 0.4824333333333333 0.5418437500000001 0.0206 0.0136625
0 0.4955 0.5495687499999999 0.019008333333333332 0.0136625
0 0.4794583333333334 0.554025 0.0202 0.01425625
0 0.493525 0.56175 0.019008333333333332 0.0136625
0 0.4766916666666666 0.56590625 0.019408333333333333 0.01306875
0 0.46580000000000005 0.5476375 0.0206 0.015149999999999999
0 0.4521333333333333 0.53931875 0.02099166666666667 0.0139625
0 0.44698333333333334 0.55194375 0.0202 0.01425625
0 0.462625 0.5581812500000001 0.018216666666666666 0.0136625
0 0.4467833333333333 0.56486875 0.0206 0.015149999999999999
0 0.4624333333333333 0.5705125 0.018616666666666667 0.01455625
0 0.422625 0.49134374999999997 0.0206 0.015449999999999998
0 0.40737500000000004 0.48658749999999995 0.019408333333333333 0.01425625
0 0.40579166666666666 0.5004062499999999 0.018616666666666667 0.01574375
0 0.41985 0.50500625 0.019008333333333332 0.01485625
0 0.4351 0.5096125 0.019408333333333333 0.01455625
0 0.38638333333333336 0.49683750000000004 0.0202 0.0163375
0 0.4030166666666667 0.51303125 0.02099166666666667 0.015449999999999998
0 0.4186583333333333 0.5179312500000001 0.018216666666666666 0.0139625
0 0.43648333333333333 0.523425 0.019808333333333334 0.01485625
0 0.432525 0.5345687499999999 0.019808333333333334 0.0139625
0 0.43114166666666665 0.54719375 0.0202 0.01485625
0 0.4184666666666667 0.53115 0.019408333333333333 0.0166375
0 0.40103333333333335 0.5274375 0.0202 0.015149999999999999
0 0.35905000000000004 0.49283125 0.0202 0.01425625
0 0.37251666666666666 0.501 0.019408333333333333 0.015149999999999999
1 0.36539166666666667 0.51763125 0.024158333333333334 0.01693125
0 0.3848 0.50901875 0.019408333333333333 0.01574375
0 0.3848 0.5220875 0.017825 0.01455625
0 0.39786666666666665 0.53916875 0.018616666666666667 0.01306875
0 0.4139083333333333 0.5418437500000001 0.016633333333333333 0.01425625
0 0.38420000000000004 0.53530625 0.022183333333333333 0.0136625
0 0.3677666666666667 0.528325 0.022575 0.01455625
0 0.37806666666666666 0.54719375 0.0202 0.01485625
0 0.39549166666666663 0.55135 0.018616666666666667 0.01425625
0 0.41173333333333334 0.55431875 0.021783333333333335 0.015449999999999998
0 0.42875833333333335 0.5583312500000001 0.018616666666666667 0.01455625
0 0.43074166666666663 0.5727375 0.019408333333333333 0.016043750000000002
0 0.447375 0.5785312499999999 0.021783333333333335 0.0139625
0 0.39608333333333334 0.5647187499999999 0.021391666666666666 0.01485625
0 0.4135166666666667 0.5670937500000001 0.021391666666666666 0.016043750000000002
0 0.405 0.578975 0.022575 0.016043750000000002
0 0.422425 0.58209375 0.019408333333333333 0.0139625
0 0.3935083333333333 0.58774375 0.022575 0.01336875
0 0.3846 0.574375 0.023766666666666665 0.01574375
0 0.37330833333333335 0.5831375 0.024158333333333334 0.01485625
0 0.37766666666666665 0.5950187499999999 0.022575 0.01306875
0 0.361625 0.5936812499999999 0.021391666666666666 0.0163375
0 0.35805833333333337 0.5804625 0.021391666666666666 0.01306875
0 0.3570666666666667 0.56739375 0.018616666666666667 0.01425625
0 0.341825 0.5709562499999999 0.0206 0.01485625
0 0.34300833333333336 0.5867 0.022975 0.0166375
0 0.3277583333333333 0.59279375 0.019408333333333333 0.012775000000000002
0 0.32855 0.60630625 0.02099166666666667 0.01425625
0 0.3438 0.6005125 0.018216666666666666 0.012775000000000002
0 0.31112500000000004 0.602 0.021783333333333335 0.01455625
0 0.310925 0.61506875 0.022975 0.015149999999999999
0 0.3283583333333333 0.6186375000000001 0.0206 0.015149999999999999
0 0.32558333333333334 0.5665 0.022975 0.015449999999999998
1 0.32716666666666666 0.553875 0.022183333333333333 0.01574375
0 0.31329999999999997 0.5431812500000001 0.022183333333333333 0.0163375
0 0.33231666666666665 0.53916875 0.019008333333333332 0.016043750000000002
0 0.33310833333333334 0.52431875 0.019008333333333332 0.015449999999999998
0 0.31825833333333337 0.53055625 0.02099166666666667 0.0166375
0 0.29983333333333334 0.52936875 0.021391666666666666 0.015449999999999998
0 0.3198416666666667 0.5146625 0.0202 0.01811875
0 0.33865 0.51095 0.017425 0.0166375
0 0.32875 0.5020375 0.019008333333333332 0.01723125
0 0.3449916666666667 0.49906875 0.0206 0.01723125
0 0.21804166666666666 0.5261 0.022575 0.017825
0 0.20418333333333336 0.53575625 0.022575 0.01693125
0 0.18972499999999998 0.5424375 0.0206 0.0166375
0 0.20279166666666668 0.5512 0.021391666666666666 0.015149999999999999
0 0.22160833333333335 0.5483812499999999 0.022575 0.015449999999999998
0 0.2697333333333333 0.5301125 0.0206 0.01455625
0 0.2820166666666667 0.54050625 0.021391666666666666 0.0163375
0 0.29508333333333336 0.5503125 0.019008333333333332 0.015149999999999999
0 0.2624083333333333 0.54570625 0.02099166666666667 0.01485625
0 0.24775 0.55209375 0.02099166666666667 0.0163375
0 0.2321083333333333 0.5577375 0.019008333333333332 0.0139625
0 0.230325 0.5719937500000001 0.021783333333333335 0.01574375
0 0.24795 0.56590625 0.021391666666666666 0.01425625
0 0.2624083333333333 0.55966875 0.02099166666666667 0.015449999999999998
0 0.27805 0.55343125 0.019808333333333334 0.01485625
0 0.27924166666666667 0.56739375 0.021391666666666666 0.01485625
0 0.29488333333333333 0.5629375 0.019408333333333333 0.0136625
0 0.30895 0.5574375 0.017425 0.01574375
0 0.26180833333333337 0.5727375 0.019808333333333334 0.01485625
0 0.24795 0.5794250000000001 0.019808333333333334 0.0163375
0 0.2309166666666667 0.5853625 0.021391666666666666 0.015149999999999999
0 0.23170833333333335 0.5999187500000001 0.0206 0.01455625
0 0.24775 0.594425 0.019408333333333333 0.015449999999999998
0 0.26161666666666666 0.58685 0.0202 0.01455625
0 0.26161666666666666 0.60155625 0.0202 0.01485625
0 0.26200833333333334 0.61388125 0.0202 0.01455625
0 0.24517499999999998 0.60749375 0.018216666666666666 0.0136625
0 0.27944166666666664 0.61923125 0.024158333333333334 0.01693125
0 0.28973333333333334 0.629475 0.018616666666666667 0.015449999999999998
0 0.25825 0.6262125000000001 0.0206 0.01485625
0 0.24339166666666667 0.619375 0.021783333333333335 0.01485625
0 0.22715833333333332 0.6271 0.023366666666666668 0.015449999999999998
0 0.2125 0.63393125 0.023366666666666668 0.016043750000000002
0 0.195075 0.6278437499999999 0.02099166666666667 0.0163375
0 0.179225 0.62145625 0.021783333333333335 0.01723125
0 0.2123 0.62160625 0.0206 0.01455625
0 0.18160833333333334 0.60363125 0.024158333333333334 0.019606250000000002
0 0.19428333333333334 0.6137312500000001 0.022575 0.01723125
0 0.16516666666666666 0.5907125 0.021391666666666666 0.0163375
0 0.18358333333333335 0.58759375 0.0202 0.0166375
0 0.18279166666666666 0.5728875 0.019408333333333333 0.017525
0 0.19724999999999998 0.57749375 0.018216666666666666 0.01723125
0 0.1919 0.55936875 0.02099166666666667 0.016043750000000002
0 0.12773333333333334 0.59471875 0.0202 0.01485625
0 0.11585833333333334 0.61046875 0.0202 0.017825
0 0.13328333333333334 0.609875 0.019408333333333333 0.01485625
0 0.14655 0.6175937499999999 0.022183333333333333 0.01425625
0 0.139425 0.6311125 0.018216666666666666 0.015149999999999999
2 0.5299583333333334 0.41945625 0.0206 0.015449999999999998
2 0.5119416666666667 0.4285125 0.0202 0.017525
2 0.629575 0.48243125 0.017825 0.01485625
2 0.630175 0.49371875000000004 0.0206 0.0136625
2 0.6285833333333333 0.50515625 0.019808333333333334 0.012775000000000002
2 0.6121500000000001 0.49223750000000005 0.02099166666666667 0.01306875
2 0.6109583333333333 0.50381875 0.02099166666666667 0.0136625
2 0.61195 0.5168937499999999 0.019808333333333334 0.01485625
2 0.5913583333333333 0.5148125 0.019008333333333332 0.01306875
2 0.58145 0.52015625 0.019808333333333334 0.01425625
2 0.49669166666666664 0.43534999999999996 0.019008333333333332 0.015149999999999999
2 0.4818333333333334 0.44440624999999995 0.02099166666666667 0.016043750000000002
2 0.4669833333333333 0.4516875 0.018216666666666666 0.01455625
2 0.45054999999999995 0.457625 0.018616666666666667 0.01455625
2 0.4341083333333333 0.4617875 0.021391666666666666 0.0139625
2 0.4156916666666666 0.46490625 0.019408333333333333 0.01485625
2 0.43015 0.47426250000000003 0.021391666666666666 0.015149999999999999
2 0.4444083333333333 0.48228125 0.0206 0.015149999999999999
2 0.44895833333333335 0.47129375 0.017033333333333334 0.01336875
2 0.463225 0.49060000000000004 0.017033333333333334 0.01218125
2 0.39410833333333334 0.4808 0.017425 0.015149999999999999
2 0.3644 0.48064999999999997 0.0206 0.015449999999999998
2 0.34756666666666663 0.477825 0.02099166666666667 0.01336875
2 0.32637499999999997 0.48510624999999996 0.019808333333333334 0.01485625
2 0.5477833333333334 0.54600625 0.0206 0.016043750000000002
2 0.52145 0.5494187500000001 0.021783333333333335 0.0163375
2 0.5117416666666667 0.5577375 0.019808333333333334 0.0139625
2 0.48619166666666663 0.5752625 0.018616666666666667 0.0139625
2 0.35825833333333335 0.6126937499999999 0.02099166666666667 0.012775000000000002
2 0.3731083333333334 0.604375 0.021391666666666666 0.01455625
2 0.31469166666666665 0.63036875 0.021783333333333335 0.01485625
2 0.26339999999999997 0.6372 0.0206 0.01485625
2 0.276075 0.6410625 0.019008333333333332 0.01425625
2 0.24795 0.6435875 0.023766666666666665 0.015149999999999999
2 0.26200833333333334 0.650275 0.023366666666666668 0.01425625
2 0.24636666666666665 0.6308125 0.018216666666666666 0.0139625
2 0.22854166666666667 0.6501250000000001 0.0206 0.01455625
2 0.21150833333333333 0.6565125 0.02455833333333333 0.011881250000000001
2 0.194875 0.64953125 0.022183333333333333 0.015149999999999999
2 0.179425 0.6574 0.02535 0.016043750000000002
2 0.18853333333333333 0.66438125 0.022975 0.015149999999999999
2 0.14853333333333335 0.66453125 0.022975 0.015449999999999998
2 0.12159999999999999 0.6438875000000001 0.0206 0.0163375
2 0.13843333333333332 0.6452249999999999 0.0202 0.0166375
2 0.1517 0.6415062500000001 0.018216666666666666 0.0163375
2 0.16794166666666666 0.6453687499999999 0.019008333333333332 0.01693125
2 0.18358333333333335 0.63943125 0.018616666666666667 0.015149999999999999
2 0.16873333333333332 0.6325999999999999 0.0206 0.012775000000000002
2 0.11288333333333334 0.62041875 0.021391666666666666 0.015149999999999999
2 0.11604999999999999 0.5880375 0.021391666666666666 0.015149999999999999
2 0.11229166666666666 0.60185 0.022575 0.01425625
2 0.15506666666666669 0.609575 0.018616666666666667 0.0136625
2 0.128725 0.57585625 0.019808333333333334 0.01693125
2 0.13843333333333332 0.58625625 0.018616666666666667 0.01574375
2 0.144575 0.57185 0.019808333333333334 0.015449999999999998
2 0.15526666666666666 0.5782375 0.021391666666666666 0.01455625
2 0.18735 0.49223750000000005 0.02535 0.016043750000000002
2 0.17071666666666668 0.5222375 0.021391666666666666 0.015449999999999998
2 0.16041666666666668 0.533675 0.02535 0.0139625
2 0.16338333333333332 0.5470437499999999 0.02099166666666667 0.015149999999999999
2 0.15070833333333333 0.55194375 0.021783333333333335 0.01425625
2 0.15764166666666665 0.5629375 0.022183333333333333 0.016043750000000002
2 0.17427499999999999 0.5574375 0.019008333333333332 0.01574375
2 0.18556666666666669 0.528325 0.0202 0.01455625
2 0.189925 0.51525625 0.019408333333333333 0.01574375
2 0.20140833333333333 0.5030749999999999 0.023366666666666668 0.01574375
2 0.21883333333333335 0.49758125 0.02099166666666667 0.0166375
2 0.21428333333333333 0.51288125 0.019808333333333334 0.01574375
2 0.22933333333333333 0.5097625 0.019808333333333334 0.016043750000000002
2 0.24675833333333336 0.50605 0.0206 0.01574375
2 0.260425 0.50159375 0.0202 0.0163375
2 0.24141666666666667 0.5220875 0.021783333333333335 0.0139625
2 0.23369166666666666 0.533975 0.022183333333333333 0.01336875
2 0.26082500000000003 0.5177812500000001 0.02099166666666667 0.01485625
2 0.2538916666666667 0.53159375 0.018216666666666666 0.0139625
2 0.2786416666666667 0.51258125 0.019408333333333333 0.0163375
2 0.29607500000000003 0.5056 0.021783333333333335 0.016043750000000002
2 0.2929083333333333 0.518375 0.022575 0.01425625