2 0.40520578420467185 0.483452157598499 0.051501668520578414 0.028192620387742336
2 0.4387986651835373 0.49829268292682927 0.03971078976640712 0.023514696685428393
2 0.46246941045606227 0.5395497185741088 0.04063403781979978 0.024383989993746094
2 0.38755283648498334 0.5268542839274547 0.045728587319243605 0.02566604127579737
2 0.4157842046718576 0.5122076297686053 0.04434927697441601 0.024340212632895562
2 0.4114460511679644 0.5727517198248906 0.03650723025583982 0.022370231394621642
2 0.38191323692992213 0.5019512195121951 0.04125695216907676 0.02369606003752345
2 0.3990656284760845 0.5502939337085678 0.041902113459399336 0.0242338961851157
2 0.434238042269188 0.556641651031895 0.04385984427141268 0.02253908692933083
2 0.4442269187986652 0.5742213883677298 0.032780867630700775 0.016660412757973735
2 0.42553948832035593 0.5356472795497186 0.043370411568409345 0.024383989993746094