2 0.3050916666666667 0.65465625 0.0264 0.01636875
2 0.30204166666666665 0.6392375 0.0264 0.0175125
2 0.28935 0.6259125 0.02335 0.0190375
2 0.26803333333333335 0.62800625 0.027408333333333333 0.01636875
2 0.27869166666666667 0.64 0.028425 0.018275
2 0.2825 0.6550374999999999 0.024875 0.020181249999999998
2 0.24569166666666664 0.63200625 0.02335 0.0175125
2 0.2568666666666667 0.64361875 0.025383333333333334 0.01789375
2 0.26117500000000005 0.6575124999999999 0.021825 0.015987499999999998
2 0.23427499999999998 0.6457125 0.024875 0.0190375
2 0.2391 0.66036875 0.0264 0.01865625
2 0.22488333333333335 0.63124375 0.02335 0.0175125
2 0.20813333333333334 0.6223 0.028425 0.01941875
2 0.19696666666666668 0.6382875 0.02335 0.020181249999999998
2 0.21473333333333333 0.64266875 0.02335 0.018275
2 0.21396666666666667 0.659225 0.026908333333333333 0.01865625
0 0.28123333333333334 0.44392499999999996 0.029441666666666665 0.0175125
0 0.2634666666666667 0.45496875000000003 0.024366666666666665 0.0190375
0 0.23935000000000003 0.44925624999999997 0.027916666666666666 0.0175125
0 0.224375 0.458775 0.025383333333333334 0.015987499999999998
0 0.23478333333333334 0.46886249999999996 0.023858333333333332 0.01713125
0 0.25128333333333336 0.46125 0.024366666666666665 0.01713125
0 0.25838333333333335 0.47590625000000003 0.02335 0.01675
2 0.151025 0.4818125 0.027916666666666666 0.0209375
2 0.16472499999999998 0.46334375 0.025891666666666667 0.02131875
2 0.1462 0.4604875 0.02335 0.01713125
2 0.1863 0.47057499999999997 0.024366666666666665 0.0175125
2 0.18249166666666666 0.451925 0.020816666666666667 0.015987499999999998
2 0.197725 0.44392499999999996 0.025891666666666667 0.018275
2 0.21574166666666666 0.43536250000000004 0.02335 0.0140875
2 0.22843333333333335 0.42260624999999996 0.0264 0.018275
2 0.25305833333333333 0.428125 0.022841666666666666 0.01713125
2 0.23503333333333334 0.43688125 0.024366666666666665 0.0125625
2 0.204575 0.4585875 0.025383333333333334 0.0156125
2 0.2094 0.47476875 0.029949999999999997 0.02055625
2 0.270825 0.48999375 0.024875 0.019799999999999998
2 0.294175 0.4926625 0.024875 0.01675
2 0.290875 0.47895625000000003 0.02335 0.018275
2 0.2705666666666667 0.47229374999999996 0.021316666666666664 0.01485
2 0.28275 0.4620125 0.024366666666666665 0.01941875
2 0.3038166666666667 0.46658125 0.0198 0.01636875
2 0.2967166666666667 0.43593125 0.0198 0.01294375
2 0.29747500000000004 0.45001874999999997 0.02335 0.019799999999999998
2 0.314225 0.44221249999999995 0.022333333333333334 0.01636875
2 0.33732500000000004 0.4464 0.026908333333333333 0.01865625
2 0.31854166666666667 0.4561125 0.023858333333333332 0.01675
2 0.3350416666666667 0.4635375 0.02335 0.01789375
2 0.353825 0.45668125000000004 0.0264 0.01789375
2 0.3632166666666667 0.4694375 0.029949999999999997 0.01675
2 0.3759 0.4827625 0.023858333333333332 0.018275
2 0.34494166666666665 0.47590625000000003 0.026908333333333333 0.01523125
2 0.35661666666666664 0.48675624999999995 0.024875 0.0156125
2 0.36219999999999997 0.50218125 0.030966666666666663 0.015987499999999998
2 0.3358 0.48923125 0.027916666666666666 0.018275
2 0.31245 0.49246875 0.023858333333333332 0.01636875
2 0.3182833333333333 0.47609999999999997 0.03045833333333333 0.01865625
2 0.3731083333333334 0.7822 0.025383333333333334 0.023225
2 0.3934166666666667 0.79000625 0.025383333333333334 0.02436875
2 0.41625833333333334 0.78125 0.024366666666666665 0.019799999999999998
2 0.41955833333333337 0.7979999999999999 0.027916666666666666 0.019799999999999998
2 0.4360583333333333 0.7862 0.027408333333333333 0.02208125
2 0.45865 0.7913375 0.025891666666666667 0.0224625
2 0.4413916666666666 0.8031437499999999 0.027916666666666666 0.0224625
2 0.42463333333333336 0.816275 0.027916666666666666 0.02131875
2 0.44544999999999996 0.82218125 0.024875 0.020181249999999998
2 0.46195 0.8098062500000001 0.024366666666666665 0.0190375
2 0.47794166666666665 0.7964812499999999 0.025891666666666667 0.02208125
2 0.48377499999999996 0.81551875 0.024366666666666665 0.0190375
2 0.4675333333333333 0.82560625 0.0264 0.01789375
2 0.45027500000000004 0.84064375 0.031475 0.02208125
2 0.47134166666666666 0.8434999999999999 0.023858333333333332 0.01713125
2 0.4743833333333333 0.8610125 0.028933333333333332 0.023225
2 0.497225 0.8505437499999999 0.025891666666666667 0.0175125
2 0.4880916666666667 0.83245625 0.023858333333333332 0.0217
2 0.510425 0.8376 0.023858333333333332 0.019799999999999998
2 0.5071249999999999 0.8200875000000001 0.0264 0.02131875
2 0.5000166666666667 0.8031437499999999 0.0264 0.020181249999999998
2 0.5165166666666667 0.7911499999999999 0.027916666666666666 0.0190375
2 0.52185 0.8073312500000001 0.0264 0.01865625
2 0.543425 0.8031437499999999 0.028933333333333332 0.020181249999999998
2 0.5289583333333333 0.82465625 0.027408333333333333 0.019799999999999998
2 0.5292083333333333 0.84235625 0.025891666666666667 0.01713125
2 0.5408833333333333 0.8537812499999999 0.023858333333333332 0.01941875
2 0.5165166666666667 0.85720625 0.027916666666666666 0.0209375
2 0.50205 0.8644375 0.0264 0.01713125