0 0.2588671875 0.680009765625 0.06867187500000001 0.05646484375
0 0.30640625 0.649296875 0.06604166666666667 0.0525
0 0.2998046875 0.60224609375 0.0633984375 0.057451171875
0 0.32885416666666667 0.695859375 0.07131510416666667 0.05646484375
0 0.361875 0.657724609375 0.05811197916666667 0.04953125
0 0.39555989583333334 0.693876953125 0.07528645833333333 0.060419921875
0 0.3526302083333333 0.61166015625 0.06075520833333333 0.04853515625
0 0.3995182291666666 0.62701171875 0.05942708333333333 0.053486328125
0 0.4457421875 0.64087890625 0.0620703125 0.047548828125
0 0.3433854166666667 0.572041015625 0.05811197916666667 0.0445703125
0 0.3407421875 0.53390625 0.055468750000000004 0.047548828125
0 0.38036458333333334 0.50814453125 0.05811197916666667 0.0416015625
0 0.424609375 0.482890625 0.05415364583333334 0.04259765625
0 0.39027343750000004 0.544794921875 0.056796875 0.0416015625
0 0.40282552083333334 0.587890625 0.052825520833333334 0.04853515625
0 0.44640624999999995 0.561142578125 0.0633984375 0.0445703125
0 0.4417838541666667 0.5200390625 0.056796875 0.047548828125
0 0.453671875 0.60076171875 0.05942708333333333 0.04853515625
2 0.39423177083333333 0.419990234375 0.05942708333333333 0.047548828125
2 0.44970052083333334 0.421474609375 0.05415364583333334 0.0445703125
2 0.39291666666666664 0.46060546875 0.05942708333333333 0.04556640625
2 0.4470703125 0.462587890625 0.06471354166666667 0.047548828125
2 0.4866927083333333 0.436826171875 0.056796875 0.04556640625
2 0.5362109375 0.426923828125 0.052825520833333334 0.04556640625
2 0.4979166666666666 0.48140625 0.05811197916666667 0.0416015625
2 0.5434765625 0.46357421875 0.056796875 0.05150390625
2 0.5844140624999999 0.436337890625 0.05942708333333333 0.050517578125
2 0.6352734375 0.431875 0.05811197916666667 0.047548828125
2 0.5943229166666667 0.47744140625 0.05811197916666667 0.039619140625
2 0.6530989583333333 0.470009765625 0.0620703125 0.040615234375
2 0.5104557291666666 0.51755859375 0.05415364583333334 0.0445703125
2 0.558671875 0.507158203125 0.05018229166666666 0.0416015625
2 0.6088541666666667 0.5200390625 0.05811197916666667 0.0416015625
2 0.6597005208333333 0.508642578125 0.0620703125 0.0445703125
2 0.669609375 0.550244140625 0.055468750000000004 0.0445703125
2 0.6134765624999999 0.556689453125 0.06471354166666667 0.047548828125
2 0.5685677083333334 0.544794921875 0.06471354166666667 0.043583984375
2 0.5137630208333334 0.555693359375 0.05811197916666667 0.043583984375
2 0.5203645833333334 0.595810546875 0.05811197916666667 0.050517578125
2 0.5725390625 0.58541015625 0.06471354166666667 0.047548828125
2 0.5784765625 0.630478515625 0.07131510416666667 0.04259765625
2 0.6207421875 0.597294921875 0.052825520833333334 0.053486328125
2 0.6722526041666667 0.59482421875 0.06075520833333333 0.0525
2 0.7303645833333333 0.588876953125 0.06867187500000001 0.050517578125
2 0.7145052083333333 0.6324609375 0.07395833333333333 0.050517578125
2 0.6445182291666667 0.633447265625 0.0633984375 0.0525
2 0.6933854166666666 0.678525390625 0.07131510416666667 0.05943359375
2 0.6398958333333333 0.69634765625 0.07528645833333333 0.05546875
2 0.6015885416666666 0.665146484375 0.06735677083333333 0.046552734375
2 0.5474348958333334 0.679013671875 0.06735677083333333 0.050517578125
2 0.585078125 0.709228515625 0.06867187500000001 0.05150390625
2 0.5263020833333333 0.63642578125 0.056796875 0.04853515625
2 0.47942708333333334 0.66119140625 0.06075520833333333 0.0386328125
2 0.4906510416666667 0.69634765625 0.07528645833333333 0.053486328125
2 0.5302734375 0.730029296875 0.05942708333333333 0.043583984375
2 0.4761197916666667 0.743896484375 0.06471354166666667 0.05150390625
2 0.418671875 0.76916015625 0.07395833333333333 0.0525
2 0.37111979166666664 0.791943359375 0.07395833333333333 0.05646484375
2 0.34009114583333333 0.76123046875 0.056796875 0.0525
2 0.28395833333333337 0.76419921875 0.0766015625 0.054482421875
2 0.23773437500000003 0.74984375 0.07131510416666667 0.05546875
2 0.2859375 0.71666015625 0.056796875 0.0525
2 0.17895833333333333 0.733994140625 0.07791666666666668 0.05150390625
2 0.17433593749999998 0.691396484375 0.07131510416666667 0.053486328125
2 0.17037760416666667 0.63939453125 0.06867187500000001 0.0584375
2 0.23046875 0.659697265625 0.056796875 0.04556640625
2 0.22980468750000002 0.61859375 0.07131510416666667 0.050517578125
2 0.2681119791666667 0.543310546875 0.06604166666666667 0.04853515625