0 0.33670833333333333 0.60904375 0.018766666666666668 0.0156375
0 0.42688333333333334 0.6190125 0.015633333333333336 0.01368125
0 0.35286666666666666 0.61119375 0.015633333333333336 0.01368125
0 0.326025 0.61843125 0.019283333333333333 0.014074999999999999
0 0.31689999999999996 0.62644375 0.016675000000000002 0.012118750000000001
0 0.330975 0.62898125 0.016675000000000002 0.012506250000000002
0 0.3369666666666667 0.6385625 0.015116666666666667 0.01524375
0 0.34713333333333335 0.63171875 0.015633333333333336 0.011725000000000001
0 0.3411416666666667 0.6213624999999999 0.015116666666666667 0.0129
0 0.3570333333333333 0.62311875 0.015633333333333336 0.014074999999999999
0 0.3656333333333333 0.6119812499999999 0.016158333333333334 0.0129
0 0.3804916666666667 0.61334375 0.017725 0.01329375
0 0.39716666666666667 0.6153 0.015633333333333336 0.014074999999999999
0 0.41045833333333337 0.61608125 0.018241666666666666 0.014074999999999999
0 0.38700833333333334 0.6244875 0.016158333333333334 0.01368125
0 0.37059166666666665 0.6239 0.018766666666666668 0.012506250000000002
0 0.3630333333333333 0.63348125 0.020325 0.01368125
0 0.3539083333333333 0.6416875000000001 0.016675000000000002 0.01368125
0 0.36719999999999997 0.6426625 0.019283333333333333 0.01329375
0 0.3784083333333333 0.63328125 0.016675000000000002 0.01485625
0 0.38075 0.6450125 0.019283333333333333 0.0156375
0 0.39821666666666666 0.64735625 0.021891666666666667 0.01485625
0 0.3927416666666667 0.63601875 0.015116666666666667 0.01641875
0 0.402125 0.62703125 0.018241666666666666 0.01329375
0 0.4073333333333333 0.63758125 0.018241666666666666 0.0156375
0 0.4159333333333333 0.62605 0.017725 0.01524375
0 0.41984166666666667 0.6381687500000001 0.019283333333333333 0.01759375
0 0.4307916666666667 0.6297625 0.018241666666666666 0.014074999999999999
0 0.44485833333333336 0.63543125 0.020325 0.0144625
0 0.4347 0.6438375000000001 0.016675000000000002 0.011725000000000001
2 0.33723333333333333 0.58598125 0.018766666666666668 0.014074999999999999
2 0.3255 0.59595 0.021366666666666666 0.016806250000000002
2 0.31455833333333333 0.60474375 0.020325 0.0156375
2 0.30178333333333335 0.61139375 0.02085 0.01329375
2 0.3072583333333333 0.6233124999999999 0.016158333333333334 0.0113375
2 0.301525 0.6428625 0.019283333333333333 0.01368125
2 0.31689999999999996 0.64345 0.017725 0.01485625
2 0.389875 0.65693125 0.017725 0.016025
2 0.4049916666666667 0.65966875 0.017725 0.016025
2 0.41723333333333334 0.65165625 0.018241666666666666 0.012506250000000002
2 0.42114999999999997 0.6626000000000001 0.018766666666666668 0.01641875
2 0.4375666666666667 0.6620125 0.019283333333333333 0.016025
2 0.4508583333333333 0.6653375 0.017725 0.01485625
2 0.44825 0.6545875 0.017725 0.0129
2 0.4560666666666666 0.6438375000000001 0.015633333333333336 0.011725000000000001
2 0.4607583333333333 0.6547812500000001 0.018766666666666668 0.01329375
2 0.46649166666666664 0.6655312499999999 0.018766666666666668 0.016025
2 0.477175 0.6561499999999999 0.0172 0.0129
2 0.48421666666666663 0.66573125 0.017725 0.0172
2 0.49541666666666667 0.6577124999999999 0.018241666666666666 0.0113375
2 0.498025 0.6674875 0.0172 0.01524375
2 0.5110583333333333 0.66983125 0.018241666666666666 0.016025
2 0.5277333333333333 0.672375 0.020325 0.014074999999999999
2 0.5246083333333333 0.66065 0.015116666666666667 0.012506250000000002
2 0.5110583333333333 0.6585 0.020325 0.0129
2 0.5040166666666667 0.64775 0.018766666666666668 0.012506250000000002
2 0.5199166666666667 0.6496999999999999 0.019283333333333333 0.01485625
2 0.5139250000000001 0.63934375 0.018766666666666668 0.0144625
2 0.5045416666666667 0.62898125 0.02085 0.01329375
2 0.49073333333333335 0.6287874999999999 0.020325 0.01368125
2 0.4977666666666667 0.6377812500000001 0.021891666666666667 0.01524375
2 0.4891666666666667 0.6471625 0.02345833333333333 0.0129
2 0.48290833333333333 0.63934375 0.020325 0.01524375
2 0.4701416666666666 0.64676875 0.018766666666666668 0.0129
2 0.46675 0.63485 0.018241666666666666 0.014074999999999999
2 0.47665833333333335 0.62605 0.016158333333333334 0.012118750000000001
2 0.46336666666666665 0.6252687499999999 0.021891666666666667 0.01368125
2 0.44955 0.622925 0.018241666666666666 0.012118750000000001
2 0.44564166666666666 0.611 0.019808333333333334 0.01641875
2 0.45919166666666666 0.6119812499999999 0.021891666666666667 0.01524375
2 0.44017500000000004 0.5998625 0.019283333333333333 0.0144625
2 0.425575 0.59946875 0.015116666666666667 0.0144625
2 0.3851833333333334 0.6018125 0.015633333333333336 0.01524375
2 0.399775 0.6051375 0.017725 0.01329375
2 0.3546916666666667 0.59908125 0.020325 0.01368125
2 0.3711083333333333 0.60103125 0.02085 0.016806250000000002
2 0.33931666666666666 0.59790625 0.018766666666666668 0.01524375