0 0.4046583333333333 0.63623125 0.036241666666666665 0.02718125
0 0.4343083333333333 0.61523125 0.034041666666666665 0.02470625
2 0.6144083333333333 0.5159875 0.036241666666666665 0.03211875
2 0.573225 0.5439875 0.03294166666666667 0.0238875
2 0.5682833333333334 0.566225 0.02745 0.030475
2 0.5386333333333333 0.557575 0.03843333333333333 0.0230625
2 0.5551083333333333 0.5794 0.02745 0.025531250000000002
2 0.5221666666666667 0.57734375 0.036241666666666665 0.02635625
2 0.5391833333333333 0.5946374999999999 0.03294166666666667 0.02470625
2 0.4991 0.57775625 0.02965 0.0222375
2 0.47384166666666666 0.57569375 0.02745 0.019768749999999998
2 0.48537500000000006 0.594225 0.02635833333333333 0.02718125
2 0.5089833333333333 0.5983437500000001 0.031849999999999996 0.0222375
2 0.5271083333333333 0.6102875 0.03733333333333333 0.021412499999999998
2 0.5034916666666667 0.6164625 0.02965 0.0222375
2 0.47494166666666665 0.61275625 0.02965 0.01811875
2 0.4645083333333333 0.5938187500000001 0.03514166666666667 0.02470625
2 0.44145 0.59051875 0.03733333333333333 0.0230625
2 0.47274999999999995 0.630875 0.02745 0.02635625
2 0.4974583333333334 0.6391125 0.03733333333333333 0.02635625
2 0.44804166666666667 0.6317 0.03075 0.02470625
2 0.45846666666666663 0.648175 0.02965 0.027999999999999997
2 0.428825 0.64199375 0.034041666666666665 0.0238875
2 0.42497500000000005 0.6572312499999999 0.03733333333333333 0.021412499999999998
2 0.45682500000000004 0.6922375 0.03075 0.0238875
2 0.4776916666666667 0.691825 0.02635833333333333 0.0230625
2 0.4952583333333333 0.7045874999999999 0.03294166666666667 0.025531250000000002
2 0.5562083333333334 0.72065 0.036241666666666665 0.02470625
2 0.5655416666666666 0.7074750000000001 0.03294166666666667 0.02470625