1 0.4732552083333333 0.720498046875 0.023190104166666666 0.0181640625
1 0.49695312500000005 0.713544921875 0.02421875 0.018935546875
0 0.5309635416666666 0.80126953125 0.027304687499999997 0.018935546875
0 0.5085416666666667 0.8062890625 0.025768229166666667 0.0181640625
0 0.4825260416666666 0.8066796875 0.025247395833333335 0.018935546875
0 0.472734375 0.794306640625 0.026276041666666666 0.0181640625
0 0.4487760416666667 0.792568359375 0.028854166666666667 0.018544921875
0 0.4343489583333333 0.780009765625 0.025768229166666667 0.018935546875
0 0.419921875 0.76841796875 0.023697916666666666 0.0181640625
0 0.4289453125 0.753154296875 0.02421875 0.019326171875
0 0.4410416666666667 0.765908203125 0.024726562499999997 0.019326171875
0 0.45444010416666664 0.7773046875 0.020611979166666666 0.018935546875
0 0.47402343750000003 0.778466796875 0.020611979166666666 0.020478515625
0 0.4948958333333333 0.791416015625 0.025247395833333335 0.018544921875
0 0.49463541666666666 0.77556640625 0.025768229166666667 0.019326171875
0 0.5173046875 0.787353515625 0.025768229166666667 0.017392578125
0 0.5193619791666667 0.771318359375 0.025768229166666667 0.017001953125
0 0.5100911458333334 0.758369140625 0.026796874999999998 0.020478515625
0 0.48484375 0.76359375 0.027825520833333336 0.017001953125
0 0.4642317708333333 0.764169921875 0.022669270833333335 0.0181640625
0 0.4529036458333333 0.749287109375 0.022669270833333335 0.020869140625
0 0.438984375 0.739052734375 0.027825520833333336 0.018935546875
0 0.46088541666666666 0.7348046875 0.025247395833333335 0.018935546875
0 0.4742838541666667 0.748515625 0.026276041666666666 0.018544921875
0 0.4820052083333333 0.734990234375 0.023190104166666666 0.0177734375
0 0.49695312500000005 0.74658203125 0.023190104166666666 0.022412109375
0 0.5180729166666667 0.74001953125 0.029375 0.018544921875
0 0.5327604166666667 0.7521875 0.025768229166666667 0.020478515625
0 0.5067447916666666 0.731513671875 0.028333333333333335 0.019326171875
0 0.45083333333333336 0.706787109375 0.024726562499999997 0.0177734375
0 0.4902473958333333 0.686689453125 0.026276041666666666 0.017001953125
0 0.52375 0.71818359375 0.02216145833333333 0.017392578125
0 0.5373958333333334 0.730546875 0.023697916666666666 0.018935546875
0 0.5415234375 0.7094921875 0.024726562499999997 0.018544921875
0 0.5276041666666667 0.69828125 0.025768229166666667 0.0177734375
0 0.5088020833333333 0.6980859375 0.02216145833333333 0.01583984375
0 0.5098307291666667 0.683017578125 0.021119791666666665 0.0181640625
0 0.5286328125 0.681669921875 0.023697916666666666 0.019326171875
0 0.5518229166666667 0.69267578125 0.024726562499999997 0.0181640625
0 0.5165364583333333 0.668525390625 0.026276041666666666 0.018544921875
0 0.5343098958333333 0.663701171875 0.022669270833333335 0.01970703125
0 0.5507942708333333 0.674521484375 0.024726562499999997 0.02125
0 0.5680598958333333 0.66427734375 0.027304687499999997 0.019326171875
0 0.5569791666666667 0.652490234375 0.024726562499999997 0.01970703125
2 0.5307031249999999 0.839140625 0.026796874999999998 0.0181640625
2 0.49927083333333333 0.835849609375 0.026796874999999998 0.018544921875
2 0.5059635416666667 0.821552734375 0.024726562499999997 0.018544921875
2 0.5227083333333333 0.828505859375 0.0190625 0.017001953125
2 0.5435807291666667 0.820390625 0.025768229166666667 0.0177734375
2 0.463203125 0.82966796875 0.027825520833333336 0.020869140625
2 0.4832942708333334 0.826962890625 0.022669270833333335 0.018544921875
2 0.4487760416666667 0.818466796875 0.026796874999999998 0.02009765625
2 0.42687499999999995 0.81150390625 0.023190104166666666 0.019326171875
2 0.41115885416666664 0.740986328125 0.023697916666666666 0.018935546875
2 0.419921875 0.7274609375 0.022669270833333335 0.01662109375
2 0.5477083333333334 0.788515625 0.022669270833333335 0.01662109375
2 0.5461588541666667 0.775185546875 0.021640625 0.018544921875
2 0.5631640625 0.745625 0.022669270833333335 0.018935546875
2 0.5672786458333333 0.730361328125 0.023697916666666666 0.019326171875
2 0.4820052083333333 0.669111328125 0.021119791666666665 0.015068359375
2 0.57140625 0.697119140625 0.021640625 0.02009765625
2 0.5876302083333333 0.688623046875 0.021119791666666665 0.02009765625
2 0.6020572916666667 0.673359375 0.025247395833333335 0.01970703125
2 0.5868619791666666 0.658671875 0.022669270833333335 0.01970703125
2 0.5368880208333333 0.627568359375 0.024726562499999997 0.0177734375
2 0.5600651041666667 0.62486328125 0.022669270833333335 0.0177734375
2 0.5296744791666667 0.643408203125 0.023697916666666666 0.018544921875
2 0.5098307291666667 0.6484375 0.025247395833333335 0.019326171875
2 0.5008203125 0.6621484375 0.020611979166666666 0.01662109375
2 0.5487369791666666 0.639541015625 0.021640625 0.017001953125
2 0.568828125 0.63896484375 0.022669270833333335 0.017392578125
2 0.5819661458333333 0.62814453125 0.02216145833333333 0.01970703125
2 0.6092708333333333 0.630654296875 0.023190104166666666 0.0177734375
2 0.5920182291666667 0.6151953125 0.020611979166666666 0.02318359375
2 0.6102994791666666 0.61423828125 0.026276041666666666 0.02125
2 0.6360677083333334 0.620029296875 0.02421875 0.02203125
2 0.6066927083333333 0.5976171875 0.025247395833333335 0.01662109375
2 0.6262760416666667 0.600712890625 0.02421875 0.01662109375
2 0.6504947916666667 0.6082421875 0.023190104166666666 0.018544921875
2 0.6772916666666666 0.605927734375 0.027304687499999997 0.0177734375
2 0.6587369791666667 0.58892578125 0.028333333333333335 0.020869140625
2 0.6808984374999999 0.586220703125 0.026276041666666666 0.018544921875
2 0.6695572916666667 0.573466796875 0.026276041666666666 0.0177734375
2 0.6955729166666668 0.571142578125 0.024726562499999997 0.02009765625
2 0.6479166666666667 0.576171875 0.02421875 0.0177734375
0 0.6316927083333334 0.573662109375 0.024726562499999997 0.01583984375
0 0.6175130208333334 0.5433203125 0.02421875 0.017001953125
0 0.6340104166666667 0.552021484375 0.023190104166666666 0.01583984375
0 0.6417317708333333 0.53810546875 0.023190104166666666 0.017392578125
0 0.6589973958333334 0.547958984375 0.020611979166666666 0.01623046875
0 0.5868619791666666 0.544287109375 0.026796874999999998 0.017392578125
0 0.6002604166666666 0.534052734375 0.021640625 0.01623046875
0 0.5799088541666667 0.528642578125 0.026276041666666666 0.018544921875
0 0.5670182291666667 0.515693359375 0.023190104166666666 0.0181640625
0 0.5564583333333334 0.501591796875 0.023697916666666666 0.017001953125
0 0.5288932291666667 0.503330078125 0.02421875 0.017392578125
0 0.544609375 0.51337890625 0.025768229166666667 0.01583984375
0 0.5520833333333334 0.5290234375 0.025247395833333335 0.0177734375
0 0.5976822916666666 0.501591796875 0.024726562499999997 0.017001953125
0 0.6121093750000001 0.51259765625 0.023697916666666666 0.0181640625
0 0.6324609375 0.511640625 0.02421875 0.0177734375
0 0.6468880208333333 0.5224609375 0.023190104166666666 0.0177734375
0 0.6641536458333334 0.50931640625 0.025768229166666667 0.018544921875
0 0.6716145833333332 0.49521484375 0.025247395833333335 0.01970703125
0 0.6471484375 0.499267578125 0.025768229166666667 0.019326171875
0 0.6301432291666667 0.492705078125 0.027825520833333336 0.019326171875
0 0.6115885416666667 0.488642578125 0.024726562499999997 0.0181640625
2 0.6015494791666667 0.581962890625 0.025247395833333335 0.015458984375
2 0.5984505208333334 0.564189453125 0.02421875 0.0177734375
2 0.7009895833333334 0.544873046875 0.026276041666666666 0.01623046875
2 0.5461588541666667 0.566513671875 0.024726562499999997 0.017001953125
2 0.5742317708333333 0.562060546875 0.026276041666666666 0.0181640625
2 0.5469270833333334 0.548544921875 0.021119791666666665 0.01583984375
2 0.5652213541666666 0.548544921875 0.01958333333333333 0.01583984375
2 0.5222005208333333 0.54390625 0.021119791666666665 0.0181640625
2 0.5059635416666667 0.534052734375 0.023697916666666666 0.020869140625
2 0.5227083333333333 0.523232421875 0.021119791666666665 0.019326171875
2 0.50828125 0.51666015625 0.02216145833333333 0.018544921875
2 0.494375 0.50796875 0.021119791666666665 0.0181640625
2 0.506484375 0.49462890625 0.021640625 0.019326171875
2 0.5214192708333333 0.4857421875 0.0185546875 0.015458984375
2 0.5451302083333334 0.48380859375 0.022669270833333335 0.017001953125
2 0.5775911458333333 0.49849609375 0.021640625 0.018544921875
2 0.5819661458333333 0.48419921875 0.023190104166666666 0.01623046875
2 0.56625 0.476083984375 0.021640625 0.0177734375
2 0.6852734374999999 0.5290234375 0.023697916666666666 0.018544921875
2 0.6723958333333333 0.557041015625 0.022669270833333335 0.0181640625
2 0.7094921875 0.528828125 0.023697916666666666 0.01662109375
2 0.8942057291666666 0.537724609375 0.030403645833333336 0.020478515625
2 0.7038151041666666 0.51453125 0.025768229166666667 0.01662109375
2 0.6842447916666666 0.510478515625 0.021640625 0.018544921875
2 0.6997005208333333 0.49869140625 0.023697916666666666 0.01970703125
2 0.7033072916666666 0.4820703125 0.024726562499999997 0.018935546875
2 0.6814062500000001 0.4787890625 0.023190104166666666 0.0177734375
0 0.5886588541666666 0.460625 0.02421875 0.018544921875
2 0.6772916666666666 0.463525390625 0.02421875 0.0181640625
2 0.6633723958333334 0.45173828125 0.02216145833333333 0.02009765625
2 0.660546875 0.46951171875 0.022669270833333335 0.021640625
2 0.6417317708333333 0.475888671875 0.023190104166666666 0.0181640625
2 0.6301432291666667 0.46603515625 0.022669270833333335 0.013916015625
2 0.6236979166666666 0.451357421875 0.02421875 0.019326171875
2 0.6100520833333333 0.461591796875 0.01958333333333333 0.01662109375
2 0.5966536458333334 0.476083984375 0.020611979166666666 0.015458984375
2 0.6175130208333334 0.476083984375 0.02216145833333333 0.0177734375
2 0.6455989583333334 0.457724609375 0.01958333333333333 0.015068359375
2 0.6430208333333333 0.445166015625 0.022669270833333335 0.0177734375
2 0.6278255208333333 0.4358984375 0.025247395833333335 0.017001953125
2 0.60515625 0.4391796875 0.0190625 0.0181640625
2 0.6224088541666667 0.40537109375 0.023697916666666666 0.019326171875
2 0.5987109375 0.416376953125 0.025768229166666667 0.02125
2 0.5881510416666667 0.4387890625 0.025247395833333335 0.020478515625
2 0.5780989583333334 0.423720703125 0.024726562499999997 0.0181640625
2 0.5425520833333334 0.412705078125 0.021640625 0.015458984375
2 0.5580078125 0.425263671875 0.024726562499999997 0.01970703125
2 0.564453125 0.440537109375 0.02216145833333333 0.0177734375
2 0.5734635416666667 0.454443359375 0.016484375 0.015458984375
2 0.5541406249999999 0.453671875 0.023190104166666666 0.0146875
2 0.5502734375 0.469326171875 0.023697916666666666 0.01583984375
2 0.5307031249999999 0.470478515625 0.01958333333333333 0.01662109375
2 0.5111197916666667 0.471064453125 0.022669270833333335 0.01623046875
2 0.5031380208333334 0.46216796875 0.025247395833333335 0.018544921875
2 0.5183333333333333 0.456572265625 0.021640625 0.017392578125
2 0.5379166666666667 0.45541015625 0.021640625 0.017392578125
2 0.5260677083333333 0.4432421875 0.021640625 0.018544921875
2 0.5113802083333333 0.44478515625 0.023190104166666666 0.0177734375
2 0.5466666666666666 0.440537109375 0.020611979166666666 0.017001953125
2 0.5384244791666667 0.427392578125 0.022669270833333335 0.017001953125
2 0.5245182291666667 0.4175390625 0.01958333333333333 0.01970703125
2 0.5075130208333333 0.4175390625 0.022669270833333335 0.0181640625
2 0.5170442708333333 0.429326171875 0.02216145833333333 0.0177734375