2 0.17953125 0.427734375 0.035078125 0.023466796875
2 0.1473046875 0.42529296875 0.03467447916666667 0.02517578125
2 0.16829427083333334 0.447265625 0.039609375 0.028017578125
2 0.21321614583333334 0.43212890625 0.03595052083333333 0.02546875
2 0.19645833333333332 0.452392578125 0.03885416666666667 0.0270703125
2 0.3795572916666667 0.47412109375 0.03236979166666667 0.02390625
2 0.24365885416666666 0.438232421875 0.033776041666666666 0.02517578125
2 0.13541666666666666 0.457275390625 0.03522135416666667 0.02427734375
2 0.685546875 0.58984375 0.032578125 0.025087890625
2 0.6959635416666666 0.619140625 0.031223958333333333 0.02474609375
2 0.11865885416666666 0.4775390625 0.031223958333333333 0.02533203125
2 0.3483072916666667 0.47021484375 0.0312890625 0.02302734375
2 0.14990885416666666 0.48095703125 0.03721354166666666 0.0250390625
2 0.6796875 0.56689453125 0.0323046875 0.02517578125
2 0.5348307291666666 0.6865234375 0.033776041666666666 0.024931640625
2 0.5133463541666666 0.5078125 0.03407552083333334 0.02447265625
2 0.5595703125 0.490234375 0.0321875 0.022841796875
2 0.28825520833333335 0.4658203125 0.034609375 0.02310546875
2 0.6803385416666666 0.64013671875 0.03428385416666666 0.024140625
2 0.4427083333333333 0.6748046875 0.032070312499999996 0.02224609375
2 0.31755208333333335 0.47021484375 0.03588541666666666 0.0238671875
2 0.29671875 0.67724609375 0.029882812499999998 0.023955078125
2 0.5286458333333334 0.484619140625 0.030520833333333334 0.021943359375
2 0.3798828125 0.67041015625 0.0326953125 0.02314453125
2 0.3258463541666667 0.689453125 0.031171875 0.02224609375
2 0.12272135416666667 0.6640625 0.032252604166666664 0.0243359375
2 0.7122395833333334 0.59912109375 0.030234374999999997 0.02365234375
2 0.4388020833333333 0.47998046875 0.030807291666666667 0.0212890625
2 0.4651692708333333 0.48291015625 0.031106770833333335 0.02279296875
2 0.5670572916666666 0.68896484375 0.0303515625 0.022412109375
2 0.6477864583333334 0.53125 0.03244791666666667 0.024052734375
2 0.6051432291666666 0.6513671875 0.03244791666666667 0.02470703125
2 0.5791015625 0.50732421875 0.03251302083333333 0.0245703125
2 0.3463541666666667 0.673828125 0.032070312499999996 0.02365234375
2 0.4573567708333333 0.50244140625 0.038411458333333336 0.024794921875
2 0.12247395833333334 0.54052734375 0.034752604166666666 0.024140625
2 0.1083203125 0.5810546875 0.030520833333333334 0.024521484375
2 0.25342447916666666 0.50341796875 0.03783854166666666 0.025859375
2 0.1434765625 0.5224609375 0.037473958333333335 0.02615234375
2 0.2737630208333333 0.66552734375 0.033177083333333336 0.02517578125
2 0.1182421875 0.5185546875 0.036705729166666666 0.025712890625
2 0.6656901041666666 0.61572265625 0.03169270833333333 0.02427734375
2 0.560546875 0.52392578125 0.034609375 0.024189453125
2 0.34375 0.51025390625 0.034609375 0.023701171875
2 0.4781901041666667 0.5791015625 0.0352734375 0.025859375
2 0.3284505208333333 0.6474609375 0.034544270833333335 0.0245703125
2 0.6608072916666666 0.5517578125 0.035130208333333336 0.025419921875
2 0.5475260416666666 0.603515625 0.036640625 0.026064453125
2 0.2672526041666667 0.642578125 0.03200520833333333 0.024140625
2 0.6585286458333334 0.5947265625 0.03369791666666667 0.0250390625
2 0.5231119791666666 0.662109375 0.03299479166666667 0.02390625
2 0.6139322916666666 0.67578125 0.031171875 0.02328125
2 0.2513020833333333 0.677734375 0.03244791666666667 0.02376953125
2 0.5735677083333334 0.6484375 0.031640625 0.024990234375
2 0.23259114583333332 0.63671875 0.03428385416666666 0.0278515625
2 0.2314453125 0.52392578125 0.0387109375 0.026201171875
2 0.5283203125 0.52490234375 0.036432291666666665 0.024228515625
2 0.1190625 0.60205078125 0.0328125 0.025087890625
2 0.1648828125 0.50537109375 0.03522135416666667 0.02390625
2 0.3040364583333333 0.6494140625 0.03609375 0.0219921875
2 0.5029296875 0.67919921875 0.0312890625 0.02314453125
2 0.3971354166666667 0.6484375 0.036640625 0.0245703125
2 0.6097005208333334 0.51025390625 0.02921875 0.021865234375
2 0.4733072916666667 0.681640625 0.030859374999999998 0.021083984375
2 0.17708333333333334 0.6494140625 0.03369791666666667 0.0256640625
2 0.4182942708333333 0.6318359375 0.0376171875 0.025859375
2 0.6324869791666666 0.65966796875 0.030924479166666668 0.02390625
2 0.17252604166666666 0.52734375 0.03923177083333333 0.0256640625
2 0.4391276041666667 0.5751953125 0.03630208333333333 0.025615234375
2 0.5807291666666666 0.60595703125 0.035546875 0.025224609375
2 0.5133463541666666 0.63818359375 0.03428385416666666 0.025087890625
2 0.14860677083333332 0.60595703125 0.034752604166666666 0.02546875
2 0.20768229166666666 0.53955078125 0.03930989583333334 0.02595703125
2 0.15592447916666666 0.66357421875 0.033567708333333335 0.02546875
2 0.5693359375 0.5849609375 0.035807291666666664 0.0252734375
2 0.33984375 0.609375 0.0348046875 0.02484375
2 0.1319140625 0.56640625 0.036783854166666664 0.024091796875
2 0.4912109375 0.66015625 0.03338541666666667 0.0229296875
2 0.2578125 0.56201171875 0.03630208333333333 0.025712890625
2 0.24772135416666666 0.5986328125 0.03440104166666667 0.024990234375
2 0.31494791666666666 0.50732421875 0.034609375 0.02427734375
2 0.5325520833333334 0.62060546875 0.0352734375 0.02302734375
2 0.329921875 0.489501953125 0.0317578125 0.022626953125
2 0.14298177083333333 0.64453125 0.030299479166666667 0.02470703125
2 0.5865885416666666 0.671875 0.030390625 0.024091796875
2 0.18473958333333332 0.6728515625 0.030169270833333334 0.02181640625
2 0.4801432291666667 0.5439453125 0.0348046875 0.02546875
2 0.5963541666666666 0.58984375 0.03630208333333333 0.026005859375
2 0.6292317708333334 0.59130859375 0.03236979166666667 0.0248828125
2 0.24203125 0.5791015625 0.03953125 0.02615234375
2 0.2723046875 0.58154296875 0.036432291666666665 0.02595703125
2 0.17497395833333332 0.588994140625 0.027669270833333332 0.025634765625
2 0.1277734375 0.625 0.037434895833333336 0.025634765625
2 0.15096354166666667 0.5453515625 0.03337239583333333 0.0213671875
2 0.13102864583333332 0.4998828125 0.037434895833333336 0.01953125
2 0.17578125 0.470888671875 0.030924479166666668 0.02625
2 0.2058984375 0.473935546875 0.030924479166666668 0.0213671875
2 0.22583333333333333 0.4541015625 0.03174479166666667 0.02197265625
2 0.25756510416666667 0.459287109375 0.03662760416666667 0.022587890625
2 0.2372265625 0.47546875 0.03337239583333333 0.025634765625
2 0.265703125 0.481259765625 0.03337239583333333 0.02380859375
2 0.21932291666666667 0.495908203125 0.034999999999999996 0.02380859375
2 0.18880208333333334 0.490419921875 0.0341796875 0.02380859375
2 0.20059895833333333 0.512392578125 0.03662760416666667 0.027470703125
2 0.18188802083333333 0.548095703125 0.03337239583333333 0.023193359375
2 0.16358072916666666 0.56580078125 0.027669270833333332 0.0244140625
2 0.1953125 0.57068359375 0.032552083333333336 0.023193359375
2 0.14404947916666666 0.58685546875 0.0341796875 0.0213671875
2 0.16561197916666667 0.628056640625 0.034999999999999996 0.025634765625
2 0.18880208333333334 0.60791015625 0.030924479166666668 0.023193359375
2 0.205078125 0.59234375 0.0390625 0.025029296875
2 0.222578125 0.56091796875 0.0301171875 0.02197265625
2 0.24373697916666667 0.543828125 0.03337239583333333 0.023193359375
2 0.2604166666666667 0.523681640625 0.030924479166666668 0.02197265625
2 0.27546875 0.504765625 0.026861979166666664 0.02197265625
2 0.2945963541666667 0.48828125 0.032552083333333336 0.020751953125
2 0.29216145833333335 0.524599609375 0.032552083333333336 0.022587890625
2 0.2734375 0.54107421875 0.032552083333333336 0.022587890625
2 0.285234375 0.56244140625 0.028489583333333332 0.02625
2 0.30639322916666667 0.5453515625 0.03174479166666667 0.025029296875
2 0.32348958333333333 0.52673828125 0.03337239583333333 0.025634765625
2 0.35522135416666667 0.531923828125 0.0301171875 0.02380859375
2 0.376796875 0.51361328125 0.029296875 0.022587890625
2 0.36092447916666665 0.491943359375 0.03174479166666667 0.023193359375
2 0.38981770833333335 0.495302734375 0.032552083333333336 0.022587890625
2 0.40772135416666666 0.476376953125 0.035807291666666664 0.029912109375
2 0.42236979166666666 0.49744140625 0.029296875 0.02197265625
2 0.39916666666666667 0.51666015625 0.03662760416666667 0.022587890625
2 0.43213541666666666 0.5191015625 0.030924479166666668 0.02380859375
2 0.3877734375 0.535283203125 0.034999999999999996 0.02197265625
2 0.4117838541666667 0.53466796875 0.030924479166666668 0.025634765625
2 0.3336588541666667 0.546875 0.035807291666666664 0.020751953125
2 0.3662109375 0.553896484375 0.032552083333333336 0.01892578125
2 0.39795572916666666 0.557861328125 0.032552083333333336 0.020751953125
2 0.3475 0.569462890625 0.032552083333333336 0.02197265625
2 0.3173828125 0.56732421875 0.037434895833333336 0.022587890625
2 0.298671875 0.58533203125 0.027669270833333332 0.023193359375
2 0.32837239583333333 0.5877734375 0.034999999999999996 0.023193359375
2 0.31209635416666665 0.606083984375 0.03174479166666667 0.02197265625
2 0.2799479166666667 0.604248046875 0.030924479166666668 0.018310546875
2 0.26001302083333333 0.6201171875 0.03174479166666667 0.020751953125
2 0.22380208333333332 0.6137109375 0.0341796875 0.020146484375
2 0.19938802083333332 0.628056640625 0.030924479166666668 0.020751953125
2 0.2079296875 0.65033203125 0.0301171875 0.0213671875
2 0.21484375 0.673525390625 0.032552083333333336 0.025029296875
2 0.24170572916666666 0.660400390625 0.0341796875 0.023193359375
2 0.3629557291666667 0.649716796875 0.030924479166666668 0.022587890625
2 0.35359375 0.632021484375 0.026861979166666664 0.02380859375
2 0.32145833333333335 0.62896484375 0.0341796875 0.02380859375
2 0.298671875 0.627744140625 0.032552083333333336 0.02625
2 0.3759765625 0.612490234375 0.030924479166666668 0.0213671875
2 0.361328125 0.5908203125 0.029296875 0.023193359375
2 0.38005208333333335 0.57556640625 0.030924479166666668 0.023193359375
2 0.3914453125 0.59234375 0.032552083333333336 0.02625
2 0.4036458333333333 0.61126953125 0.037434895833333336 0.022587890625
2 0.3841145833333333 0.6298828125 0.035807291666666664 0.02197265625
2 0.41381510416666667 0.6689453125 0.034999999999999996 0.025634765625
2 0.43171875 0.6527734375 0.026861979166666664 0.0213671875
2 0.461015625 0.6561328125 0.03174479166666667 0.020751953125
2 0.4524739583333333 0.63568359375 0.032552083333333336 0.02380859375
2 0.48380208333333335 0.635068359375 0.03174479166666667 0.02625
2 0.43985677083333335 0.61615234375 0.034999999999999996 0.025029296875
2 0.4231770833333333 0.595703125 0.032552083333333336 0.028076171875
2 0.45532552083333333 0.594482421875 0.034999999999999996 0.0244140625
2 0.4703776041666667 0.613408203125 0.027669270833333332 0.023193359375
2 0.48868489583333335 0.596005859375 0.0301171875 0.0213671875
2 0.5017057291666667 0.616455078125 0.025234375 0.023193359375
2 0.5220572916666667 0.5990625 0.03174479166666667 0.022587890625
2 0.5118880208333333 0.57953125 0.029296875 0.022587890625
2 0.49682291666666667 0.56091796875 0.0301171875 0.020751953125
2 0.4463671875 0.5386328125 0.03662760416666667 0.022587890625
2 0.42846354166666667 0.557255859375 0.0301171875 0.02197265625
2 0.40934895833333335 0.573125 0.035807291666666664 0.029296875
2 0.458984375 0.5584765625 0.0390625 0.02197265625
2 0.46427083333333335 0.52337890625 0.03662760416666667 0.027470703125
2 0.4964192708333333 0.524599609375 0.0341796875 0.027470703125
2 0.48421875 0.5029296875 0.0341796875 0.0244140625
2 0.496015625 0.48431640625 0.03337239583333333 0.025029296875
2 0.5419921875 0.504453125 0.032552083333333336 0.020146484375
2 0.5126953125 0.53955078125 0.030924479166666668 0.02197265625
2 0.5407682291666667 0.54138671875 0.0301171875 0.02197265625
2 0.5249088541666667 0.56 0.029296875 0.02380859375
2 0.5537890625 0.564267578125 0.03337239583333333 0.02380859375
2 0.5395572916666667 0.581357421875 0.0341796875 0.02625
2 0.5712890625 0.5419921875 0.032552083333333336 0.02685546875
2 0.5900130208333333 0.52734375 0.027669270833333332 0.0244140625
2 0.617265625 0.533447265625 0.03174479166666667 0.020751953125
2 0.5997786458333333 0.547490234375 0.037434895833333336 0.02197265625
2 0.5859375 0.563662109375 0.032552083333333336 0.02380859375
2 0.6148307291666667 0.56732421875 0.034999999999999996 0.022587890625
2 0.632734375 0.551455078125 0.03174479166666667 0.025029296875
2 0.6490104166666667 0.569150390625 0.03662760416666667 0.02380859375
2 0.6062890625 0.610048828125 0.032552083333333336 0.0213671875
2 0.634765625 0.61279296875 0.030924479166666668 0.02197265625
2 0.6193098958333333 0.6298828125 0.032552083333333336 0.025634765625
2 0.6506380208333333 0.636904296875 0.03337239583333333 0.02380859375
2 0.5607161458333333 0.623173828125 0.0341796875 0.025634765625
2 0.5948958333333333 0.6265234375 0.037434895833333336 0.02625
2 0.5428125 0.64056640625 0.032552083333333336 0.02380859375
2 0.554609375 0.663759765625 0.03337239583333333 0.02625