0 0.12484166666666667 0.740275 0.039425 0.0288625
0 0.16098333333333334 0.7416812500000001 0.03473333333333333 0.02745625
0 0.174125 0.7166875 0.03660833333333333 0.0323875
0 0.194775 0.7388687500000001 0.038483333333333335 0.0288625
0 0.17084166666666667 0.76526875 0.039425 0.0281625
0 0.20650833333333332 0.7645624999999999 0.035666666666666666 0.0281625
0 0.1731916666666667 0.79236875 0.038483333333333335 0.0288625
0 0.20604166666666668 0.79236875 0.03660833333333333 0.02605
0 0.18585833333333335 0.8149 0.0413 0.02745625
0 0.21824166666666667 0.8134937499999999 0.04036666666666666 0.0288625
0 0.19336666666666666 0.8388375 0.0413 0.0288625
0 0.22575833333333337 0.8395375 0.04036666666666666 0.030275
0 0.26189166666666663 0.8349625 0.0413 0.02956875
0 0.2506333333333333 0.8110250000000001 0.03755 0.030975000000000003
0 0.23701666666666668 0.78744375 0.04036666666666666 0.030275
0 0.23560833333333334 0.76104375 0.03755 0.02956875
0 0.226225 0.73464375 0.03755 0.03168125
0 0.2098 0.7124625 0.038483333333333335 0.02956875
0 0.22105833333333333 0.687825 0.04036666666666666 0.030975000000000003
0 0.2412416666666667 0.71 0.033791666666666664 0.030275
0 0.25955 0.6853625 0.04036666666666666 0.030275
0 0.2769166666666667 0.6621250000000001 0.039425 0.02745625
0 0.25766666666666665 0.7335875000000001 0.03660833333333333 0.0281625
0 0.273625 0.7596312500000001 0.038483333333333335 0.02956875
0 0.2708083333333334 0.78075625 0.042241666666666663 0.02675
0 0.284425 0.8043375 0.039425 0.030275
0 0.29334166666666667 0.8293312500000001 0.042241666666666663 0.030975000000000003
0 0.3252583333333333 0.819125 0.038483333333333335 0.030275
0 0.313525 0.7969499999999999 0.0413 0.02956875
0 0.2985 0.77653125 0.033791666666666664 0.023937499999999997
0 0.3022583333333333 0.7536499999999999 0.039425 0.030275
0 0.28865 0.73076875 0.044116666666666665 0.02675
0 0.27221666666666666 0.70683125 0.0413 0.030975000000000003
0 0.29146666666666665 0.6874750000000001 0.04036666666666666 0.03449375
0 0.2919333333333333 0.6378375 0.0413 0.030975000000000003
0 0.30695 0.6593125000000001 0.035666666666666666 0.02745625
0 0.32666666666666666 0.687825 0.039425 0.030975000000000003
0 0.31680833333333336 0.61425625 0.042241666666666663 0.0288625
0 0.3285416666666667 0.64030625 0.035666666666666666 0.030275
0 0.3567 0.6308 0.0413 0.0281625
0 0.36843333333333333 0.6554375 0.042241666666666663 0.0323875
0 0.34309166666666663 0.66705625 0.042241666666666663 0.030275
0 0.36186666666666667 0.6902875 0.04036666666666666 0.03168125
0 0.34168333333333334 0.7124625 0.04318333333333333 0.0281625
0 0.30648333333333333 0.71140625 0.044116666666666665 0.030275
0 0.3252583333333333 0.73534375 0.04036666666666666 0.030275
0 0.3384 0.7620999999999999 0.04036666666666666 0.030275
0 0.3665583333333333 0.757875 0.042241666666666663 0.0330875
0 0.36139166666666667 0.7328812499999999 0.04505833333333333 0.02956875
0 0.34731666666666666 0.7892 0.0413 0.0323875
0 0.37406666666666666 0.78533125 0.042241666666666663 0.0330875
0 0.3576416666666667 0.8170125 0.0413 0.03590625
0 0.39565833333333333 0.81525 0.04036666666666666 0.03379375
0 0.40363333333333334 0.845875 0.0413 0.03168125
0 0.37453333333333333 0.85819375 0.0413 0.030975000000000003
0 0.4088 0.78075625 0.038483333333333335 0.030975000000000003
0 0.402225 0.75858125 0.038483333333333335 0.03168125
0 0.3928416666666667 0.731475 0.04036666666666666 0.030975000000000003
0 0.3904916666666666 0.6828937500000001 0.039425 0.03660625
0 0.4116166666666667 0.661075 0.03473333333333333 0.030975000000000003
0 0.44259166666666666 0.661075 0.044116666666666665 0.030975000000000003
0 0.42522499999999996 0.6902875 0.03755 0.03449375
0 0.4538583333333333 0.68254375 0.04036666666666666 0.02745625
0 0.5397500000000001 0.63643125 0.035666666666666666 0.030975000000000003
0 0.42006666666666664 0.714225 0.04036666666666666 0.03449375
0 0.4501 0.70471875 0.04036666666666666 0.03379375
0 0.4838916666666666 0.70471875 0.03660833333333333 0.030975000000000003
0 0.5106499999999999 0.6895874999999999 0.046933333333333334 0.03590625
0 0.547725 0.688175 0.04036666666666666 0.02745625
0 0.4285083333333334 0.7378125 0.03660833333333333 0.0323875
0 0.460425 0.731475 0.04036666666666666 0.0281625
0 0.49375 0.7258437499999999 0.0413 0.0323875
0 0.5252 0.72161875 0.04599166666666667 0.030975000000000003
0 0.43555 0.7596312500000001 0.04318333333333333 0.0323875
0 0.46277500000000005 0.7536499999999999 0.04505833333333333 0.030275
0 0.5007916666666667 0.7525937500000001 0.044116666666666665 0.0281625
0 0.5313 0.74625625 0.0413 0.02675
0 0.5510083333333333 0.76738125 0.039425 0.03379375
0 0.574475 0.74836875 0.04318333333333333 0.03379375
0 0.5190916666666666 0.7709 0.04505833333333333 0.0323875
0 0.48577499999999996 0.775475 0.044116666666666665 0.02745625
0 0.44587499999999997 0.78110625 0.04318333333333333 0.030275
0 0.42569166666666663 0.80116875 0.04036666666666666 0.0281625
0 0.43461666666666665 0.82721875 0.039425 0.03379375
0 0.45760833333333334 0.80961875 0.042241666666666663 0.02956875
0 0.4881166666666667 0.7997624999999999 0.0413 0.02956875
0 0.5252 0.793425 0.044116666666666665 0.03379375
0 0.5252 0.81841875 0.042241666666666663 0.03168125
0 0.49610000000000004 0.8254625 0.044116666666666665 0.03449375
0 0.4637166666666667 0.837075 0.0413 0.0281625
0 0.4364916666666666 0.85538125 0.04318333333333333 0.02956875
0 0.4350833333333334 0.88178125 0.04036666666666666 0.0288625
0 0.4655916666666667 0.871925 0.04318333333333333 0.030275
0 0.49469166666666664 0.8874124999999999 0.03191666666666666 0.0246375
0 0.5223833333333333 0.88178125 0.04036666666666666 0.0330875
0 0.506425 0.54913125 0.038483333333333335 0.0323875
2 0.4188 0.508975 0.04013333333333333 0.0328375
2 0.3940416666666667 0.54630625 0.03648333333333333 0.03088125
2 0.42375 0.5394625 0.03648333333333333 0.0297125
2 0.44981666666666664 0.5201125 0.037525 0.031662499999999996
2 0.47978333333333334 0.52265625 0.03179166666666666 0.0258
2 0.4547666666666667 0.545525 0.03596666666666666 0.028537499999999997
2 0.494375 0.568975 0.03596666666666666 0.027756249999999996
2 0.5339916666666666 0.52304375 0.034925 0.028143750000000002
2 0.48239166666666666 0.54415625 0.03283333333333333 0.0273625
2 0.4349583333333334 0.5644812499999999 0.03283333333333333 0.0273625
2 0.463625 0.56819375 0.03805 0.02619375
2 0.40629166666666666 0.57151875 0.034925 0.0273625
2 0.3802333333333333 0.5836375 0.03596666666666666 0.0297125
2 0.415675 0.59790625 0.04013333333333333 0.029318749999999998
2 0.44277500000000003 0.58715625 0.03909166666666666 0.03205625
2 0.4777 0.5912625 0.03596666666666666 0.027756249999999996
2 0.5081916666666667 0.5869624999999999 0.03544166666666667 0.028537499999999997
2 0.536075 0.5803125 0.03700833333333333 0.027756249999999996
2 0.5538 0.5623312500000001 0.034925 0.029318749999999998
2 0.565 0.53770625 0.038566666666666666 0.029318749999999998
2 0.584025 0.5603750000000001 0.03909166666666666 0.027756249999999996
2 0.5676083333333334 0.58168125 0.03231666666666667 0.02658125
2 0.6001833333333334 0.58011875 0.034925 0.028925
2 0.5246083333333333 0.61080625 0.03700833333333333 0.0301
2 0.555625 0.6024 0.03544166666666667 0.02658125
2 0.5876750000000001 0.60161875 0.03805 0.0297125
2 0.620775 0.60103125 0.03961666666666667 0.029318749999999998
2 0.607225 0.62429375 0.03648333333333333 0.0328375
2 0.569175 0.62468125 0.037525 0.02658125
2 0.4920333333333334 0.61549375 0.03961666666666667 0.028537499999999997
2 0.4578916666666667 0.61178125 0.041174999999999996 0.03049375
2 0.42948333333333333 0.6194062499999999 0.029191666666666668 0.025412499999999998
2 0.46701666666666664 0.637975 0.0417 0.03049375
2 0.5076666666666667 0.6377812500000001 0.037525 0.03088125
2 0.48995000000000005 0.6586937500000001 0.038566666666666666 0.0297125
2 0.5326916666666667 0.6585 0.038566666666666666 0.029318749999999998
2 0.56865 0.66983125 0.037525 0.026975
2 0.5652666666666667 0.6457937499999999 0.03596666666666666 0.0297125
2 0.38909166666666667 0.6100249999999999 0.034925 0.029318749999999998
2 0.40420833333333334 0.63504375 0.03909166666666666 0.031662499999999996
2 0.3513 0.5926250000000001 0.03648333333333333 0.03049375
2 0.289275 0.5934125 0.03961666666666667 0.03049375
2 0.26295833333333335 0.60748125 0.042216666666666666 0.03049375
2 0.24210833333333331 0.62644375 0.041174999999999996 0.031662499999999996
2 0.25200833333333333 0.6522437499999999 0.03700833333333333 0.031662499999999996
2 0.21864999999999998 0.6481375 0.04535 0.03205625
2 0.20431666666666667 0.6712 0.03961666666666667 0.0297125
2 0.16835833333333333 0.6704187500000001 0.04065833333333333 0.03049375
2 0.18269166666666667 0.693875 0.03700833333333333 0.028143750000000002
2 0.14099166666666665 0.6811687499999999 0.04325833333333333 0.03088125
2 0.15324166666666666 0.70696875 0.03544166666666667 0.029318749999999998
2 0.04665 0.7022812500000001 0.042216666666666666 0.0301
2 0.08365833333333333 0.70443125 0.04013333333333333 0.03361875
2 0.1204 0.7056 0.038566666666666666 0.03049375
2 0.06332499999999999 0.72690625 0.042216666666666666 0.029318749999999998
2 0.09929166666666667 0.72964375 0.03388333333333333 0.0301
2 0.07661666666666667 0.75055625 0.043783333333333334 0.03049375
2 0.11258333333333333 0.75641875 0.037525 0.0258
2 0.08939166666666666 0.7771375 0.04325833333333333 0.028925
2 0.129525 0.7753812499999999 0.04325833333333333 0.03088125
2 0.11414999999999999 0.7976624999999999 0.042741666666666664 0.029318749999999998
2 0.14646666666666666 0.8031375 0.031275000000000004 0.02228125
2 0.084175 0.8148624999999999 0.048475000000000004 0.03244375
2 0.10763333333333333 0.83949375 0.042216666666666666 0.0340125
2 0.13864166666666666 0.8238562500000001 0.0417 0.035575
2 0.13604166666666667 0.855325 0.038566666666666666 0.0344
2 0.1707 0.848875 0.04013333333333333 0.029318749999999998
2 0.16131666666666666 0.8740875 0.03805 0.03049375
2 0.1952 0.8750625 0.04013333333333333 0.0301
2 0.2285583333333333 0.87233125 0.04639166666666667 0.031662499999999996
2 0.26555833333333334 0.87389375 0.03700833333333333 0.03088125
2 0.2924083333333333 0.85551875 0.038566666666666666 0.029318749999999998
2 0.301525 0.8805375 0.04325833333333333 0.028537499999999997
2 0.32785000000000003 0.8606 0.0344 0.0301
2 0.35260833333333336 0.8428125 0.03388333333333333 0.0258
2 0.3771 0.9051625 0.041174999999999996 0.033225
2 0.41228333333333333 0.9079 0.037525 0.03635625
2 0.3940416666666667 0.8797562499999999 0.03544166666666667 0.03088125
2 0.44616666666666666 0.9116124999999999 0.03961666666666667 0.03049375
2 0.4810833333333333 0.913375 0.0344 0.031662499999999996
2 0.5144416666666667 0.9165000000000001 0.038566666666666666 0.03088125
2 0.5480666666666666 0.9122 0.03909166666666666 0.029318749999999998
2 0.5743833333333334 0.90008125 0.037525 0.028537499999999997
2 0.5678666666666667 0.8742812499999999 0.03909166666666666 0.028537499999999997
2 0.601225 0.8817125 0.03700833333333333 0.0301
2 0.6325 0.86998125 0.04325833333333333 0.029318749999999998
2 0.5973166666666666 0.8557125000000001 0.0417 0.0297125
2 0.5712583333333333 0.84046875 0.038566666666666666 0.0328375
2 0.5504083333333334 0.8531749999999999 0.04065833333333333 0.0301
2 0.51835 0.8637250000000001 0.03909166666666666 0.027756249999999996
2 0.6038333333333333 0.8277625000000001 0.041174999999999996 0.028537499999999997
2 0.5821999999999999 0.810175 0.04065833333333333 0.0301
2 0.5553583333333333 0.81564375 0.03283333333333333 0.02619375
2 0.5538 0.7912125 0.03909166666666666 0.0273625
2 0.5876750000000001 0.7837875 0.03388333333333333 0.028143750000000002
2 0.6160833333333333 0.80079375 0.03961666666666667 0.0301
2 0.6231166666666667 0.7779250000000001 0.04013333333333333 0.0297125
2 0.628075 0.7558374999999999 0.037525 0.025412499999999998
2 0.635625 0.73355625 0.03700833333333333 0.028537499999999997
2 0.6004499999999999 0.7359 0.03544166666666667 0.025412499999999998
2 0.5707333333333333 0.72260625 0.03648333333333333 0.02619375
2 0.5493666666666667 0.708925 0.04065833333333333 0.025412499999999998
2 0.5780333333333333 0.70013125 0.0344 0.028925
2 0.6067 0.71518125 0.038566666666666666 0.028537499999999997