2 0.09663333333333333 0.6514687499999999 0.05051666666666666 0.0362375
2 0.10871666666666667 0.6844125 0.041725 0.04118125
2 0.15319166666666667 0.61275625 0.05600833333333333 0.0378875
2 0.17515 0.5794 0.053808333333333326 0.0354125
2 0.19985833333333333 0.545225 0.0571 0.042824999999999995
2 0.2641 0.5472812499999999 0.0604 0.040356249999999996
2 0.22950833333333334 0.5728125 0.06369166666666667 0.03376875
2 0.24872500000000003 0.5983437500000001 0.05600833333333333 0.0354125
2 0.20040833333333333 0.60905 0.042825 0.0354125
2 0.29319999999999996 0.6247 0.04831666666666667 0.03376875
2 0.29924166666666663 0.5901124999999999 0.053808333333333326 0.0354125
2 0.33218333333333333 0.6086375 0.0582 0.0378875
2 0.37501666666666666 0.5897 0.053808333333333326 0.03953125
2 0.40959999999999996 0.5654 0.052708333333333336 0.042006249999999995
2 0.45353333333333334 0.56005 0.0571 0.042824999999999995
2 0.4332166666666667 0.5950500000000001 0.053808333333333326 0.02718125
2 0.4881166666666667 0.7638875 0.06479166666666666 0.042006249999999995
2 0.4524333333333333 0.7363 0.052708333333333336 0.0362375
2 0.5183166666666666 0.7960124999999999 0.052708333333333336 0.040356249999999996
2 0.52875 0.7367125 0.05600833333333333 0.042006249999999995
2 0.575425 0.56169375 0.05051666666666666 0.042824999999999995
2 0.5282 0.5740500000000001 0.0571 0.03953125
2 0.4908666666666666 0.5814625 0.05051666666666666 0.0378875
2 0.603975 0.6177 0.046125 0.03953125
2 0.6396666666666667 0.63623125 0.06259166666666667 0.04694375
2 0.5616916666666666 0.8071312500000001 0.06259166666666667 0.042824999999999995
2 0.5984833333333333 0.83636875 0.06589166666666667 0.051887499999999996
2 0.631425 0.85736875 0.0593 0.04941875
2 0.6945666666666667 0.8623125 0.06698333333333333 0.044475
2 0.7236666666666667 0.82771875 0.05490833333333334 0.042824999999999995
2 0.7297083333333333 0.79106875 0.0604 0.040356249999999996
2 0.70775 0.7597687500000001 0.06259166666666667 0.0370625
2 0.23829166666666665 0.64488125 0.0571 0.0378875
0 0.16911666666666667 0.7107687500000001 0.0571 0.042824999999999995
0 0.15593333333333334 0.68153125 0.052708333333333336 0.042006249999999995
0 0.14880000000000002 0.649 0.05160833333333333 0.03953125
0 0.189425 0.6609375 0.05160833333333333 0.03870625
0 0.25531666666666664 0.7091187499999999 0.05160833333333333 0.0378875
0 0.2361 0.68235 0.05490833333333334 0.03870625
0 0.2904583333333333 0.6835875 0.05160833333333333 0.0362375
0 0.2943 0.6539375 0.052708333333333336 0.0378875
0 0.338775 0.6638187499999999 0.05600833333333333 0.0378875
0 0.3761083333333333 0.6386999999999999 0.045025 0.03211875
0 0.41235 0.65764375 0.05160833333333333 0.03376875
0 0.42827499999999996 0.6193500000000001 0.0571 0.04118125
0 0.4518833333333333 0.6658812500000001 0.05160833333333333 0.0370625
0 0.42223333333333335 0.69346875 0.05160833333333333 0.03953125
0 0.37501666666666666 0.68646875 0.05160833333333333 0.03870625
0 0.47054999999999997 0.7078874999999999 0.05600833333333333 0.0453
0 0.29375 0.72394375 0.05600833333333333 0.042824999999999995
0 0.33218333333333333 0.72518125 0.047216666666666664 0.0370625
0 0.37830833333333336 0.73218125 0.05600833333333333 0.03953125
0 0.5622416666666668 0.70088125 0.0593 0.03953125
0 0.634175 0.69635625 0.05600833333333333 0.04365
0 0.6209916666666667 0.73053125 0.0582 0.0362375
0 0.5968333333333333 0.76018125 0.06259166666666667 0.03459375
0 0.6352666666666668 0.78406875 0.049416666666666664 0.03459375
0 0.663275 0.75276875 0.0571 0.0378875
0 0.6868833333333333 0.78200625 0.06259166666666667 0.040356249999999996
0 0.6369166666666666 0.81825 0.043925 0.03870625
0 0.6824916666666667 0.8236 0.0582 0.042824999999999995
0 0.5787166666666667 0.648175 0.06369166666666667 0.0378875
0 0.5523583333333334 0.61523125 0.0571 0.0362375
0 0.5051416666666666 0.67288125 0.06589166666666667 0.042824999999999995
0 0.47384166666666666 0.63046875 0.049416666666666664 0.0354125
2 0.5133749999999999 0.62799375 0.05160833333333333 0.040356249999999996