0 0.37016927083333334 0.604912109375 0.05427083333333333 0.032568359375
0 0.2990625 0.52390625 0.042330729166666664 0.03337890625
0 0.2735546875 0.50640625 0.047760416666666666 0.0358203125
0 0.30611979166666664 0.492158203125 0.04342447916666667 0.03826171875
0 0.35117187499999997 0.481982421875 0.04885416666666667 0.0358203125
0 0.3392317708333333 0.5084375 0.04450520833333333 0.03337890625
0 0.3343489583333333 0.538564453125 0.04993489583333333 0.035009765625
0 0.33162760416666665 0.56787109375 0.055364583333333335 0.03826171875
0 0.36582031249999997 0.576015625 0.04342447916666667 0.03337890625
0 0.40273437500000003 0.58619140625 0.047760416666666666 0.032568359375
0 0.3707161458333333 0.548330078125 0.046679687500000004 0.031748046875
0 0.37016927083333334 0.51943359375 0.047760416666666666 0.03908203125
0 0.38808593750000003 0.4880859375 0.04450520833333333 0.03826171875
0 0.4287890625 0.497041015625 0.04342447916666667 0.035009765625
0 0.4119661458333333 0.5247265625 0.04450520833333333 0.035009765625
0 0.4070833333333333 0.55484375 0.04342447916666667 0.031748046875
0 0.44669270833333335 0.571533203125 0.05319010416666667 0.032568359375
0 0.454296875 0.5133203125 0.04450520833333333 0.03337890625
0 0.48305989583333336 0.54751953125 0.04342447916666667 0.031748046875
0 0.5091145833333334 0.56501953125 0.045598958333333335 0.0358203125
0 0.5449348958333333 0.562578125 0.052109375000000006 0.03419921875
0 0.5612239583333333 0.594736328125 0.04993489583333333 0.039892578125
0 0.5910807291666667 0.576015625 0.04450520833333333 0.035009765625
0 0.6117057291666667 0.604912109375 0.046679687500000004 0.032568359375
0 0.5661067708333333 0.540595703125 0.04450520833333333 0.0358203125
0 0.5574218750000001 0.504365234375 0.05319010416666667 0.036640625
0 0.5389713541666666 0.484423828125 0.055364583333333335 0.032568359375
0 0.5232291666666666 0.457958984375 0.052109375000000006 0.031748046875
0 0.5004296874999999 0.491748046875 0.047760416666666666 0.03419921875
0 0.4977213541666667 0.516171875 0.04016927083333333 0.032568359375
0 0.52703125 0.53693359375 0.05319010416666667 0.035009765625
2 0.31588541666666664 0.43638671875 0.04993489583333333 0.040703125
2 0.3587760416666667 0.440458984375 0.046679687500000004 0.0358203125
2 0.2643229166666667 0.47505859375 0.051015625 0.03826171875
2 0.3039453125 0.46529296875 0.047760416666666666 0.031748046875
2 0.39622395833333335 0.45185546875 0.04993489583333333 0.040703125
2 0.45212239583333336 0.466103515625 0.05319010416666667 0.035009765625
2 0.47817708333333336 0.453076171875 0.046679687500000004 0.039892578125
2 0.5525390625000001 0.43638671875 0.05427083333333333 0.040703125
2 0.5134635416666666 0.437607421875 0.04993489583333333 0.039892578125
2 0.5856510416666666 0.456337890625 0.051015625 0.03337890625
2 0.5970442708333333 0.4860546875 0.04993489583333333 0.0358203125
2 0.6035546875 0.515361328125 0.04993489583333333 0.037451171875
2 0.24641927083333334 0.531640625 0.047760416666666666 0.032568359375
2 0.24859374999999997 0.50111328125 0.045598958333333335 0.036640625
2 0.23447916666666668 0.560947265625 0.04993489583333333 0.040703125
2 0.2724739583333333 0.553623046875 0.056445312500000004 0.0358203125
2 0.27084635416666664 0.5866015625 0.055364583333333335 0.03826171875
2 0.30829427083333333 0.617939453125 0.05427083333333333 0.0358203125
2 0.2979817708333333 0.649697265625 0.055364583333333335 0.037451171875
2 0.33868489583333333 0.63544921875 0.047760416666666666 0.035009765625
2 0.34140624999999997 0.670859375 0.04885416666666667 0.0358203125
2 0.3734244791666667 0.648876953125 0.04993489583333333 0.040703125
2 0.40436197916666666 0.635849609375 0.04450520833333333 0.03908203125
2 0.43529947916666667 0.621201171875 0.052109375000000006 0.0358203125
2 0.4765494791666667 0.605732421875 0.04342447916666667 0.029306640625
2 0.5139973958333334 0.597587890625 0.046679687500000004 0.0309375
2 0.44235677083333336 0.6582421875 0.055364583333333335 0.03826171875
2 0.45864583333333336 0.637890625 0.051015625 0.03337890625
2 0.5004296874999999 0.628115234375 0.04342447916666667 0.03337890625
2 0.5286588541666667 0.647255859375 0.045598958333333335 0.0358203125
2 0.536796875 0.6195703125 0.04450520833333333 0.029306640625
2 0.5606770833333333 0.636259765625 0.04885416666666667 0.035009765625
2 0.5509114583333333 0.66841796875 0.057539062499999995 0.037451171875
2 0.6030208333333333 0.643583984375 0.04885416666666667 0.03337890625
2 0.5916145833333334 0.67412109375 0.06079427083333333 0.03419921875
2 0.5633984375 0.701396484375 0.04993489583333333 0.0415234375
2 0.6068098958333333 0.705869140625 0.052109375000000006 0.03908203125
2 0.6361197916666667 0.569912109375 0.04993489583333333 0.040703125
2 0.6762890625 0.56869140625 0.047760416666666666 0.0415234375
2 0.7245963541666667 0.567060546875 0.06404947916666666 0.03826171875
2 0.6578385416666667 0.592294921875 0.05861979166666667 0.03826171875
2 0.7061458333333334 0.595556640625 0.05970052083333333 0.035009765625
2 0.7452213541666667 0.595556640625 0.057539062499999995 0.039892578125
2 0.7902734374999999 0.59189453125 0.056445312500000004 0.03908203125
2 0.6469791666666667 0.624052734375 0.047760416666666666 0.035009765625
2 0.6860546875 0.624052734375 0.04993489583333333 0.035009765625
2 0.7240494791666667 0.62689453125 0.056445312500000004 0.037451171875
2 0.7729036458333334 0.623642578125 0.06295572916666667 0.037451171875
2 0.8185026041666666 0.62201171875 0.052109375000000006 0.040703125
2 0.6382942708333333 0.65580078125 0.052109375000000006 0.03826171875
2 0.6752083333333333 0.655390625 0.04993489583333333 0.0358203125
2 0.7153645833333333 0.65294921875 0.05861979166666667 0.0358203125
2 0.754453125 0.648876953125 0.05427083333333333 0.037451171875
2 0.8070963541666667 0.649287109375 0.055364583333333335 0.03826171875
2 0.8532291666666666 0.643994140625 0.05427083333333333 0.040703125
2 0.629609375 0.685107421875 0.04993489583333333 0.036640625
2 0.6632682291666666 0.688369140625 0.052109375000000006 0.035009765625
2 0.7055989583333333 0.6871484375 0.056445312500000004 0.03419921875
2 0.7419661458333334 0.67615234375 0.04885416666666667 0.03337890625
2 0.7837630208333333 0.67453125 0.045598958333333335 0.03826171875
2 0.8108984375 0.70017578125 0.039075520833333335 0.03908203125
2 0.84671875 0.708720703125 0.052109375000000006 0.0415234375
2 0.87875 0.6794140625 0.051015625 0.03826171875
2 0.8304427083333333 0.677783203125 0.052109375000000006 0.031748046875
2 0.7701953125 0.70546875 0.05319010416666667 0.03826171875
2 0.7267708333333333 0.7123828125 0.051015625 0.0358203125
2 0.6969140625 0.7201171875 0.052109375000000006 0.03826171875
2 0.6529557291666667 0.717265625 0.051015625 0.0358203125
2 0.7283984375 0.74576171875 0.05861979166666667 0.03908203125
2 0.775078125 0.740068359375 0.05861979166666667 0.040703125
2 0.8141536458333333 0.73029296875 0.06295572916666667 0.042333984375