0 0.421525 0.69891875 0.05210833333333333 0.03908125
0 0.3761 0.69140625 0.04675833333333333 0.036074999999999996
0 0.32332500000000003 0.6733687500000001 0.05076666666666667 0.038075
0 0.30395 0.6483187499999999 0.049433333333333336 0.04008125
0 0.356725 0.66134375 0.045425 0.03406875
0 0.3968083333333334 0.6648499999999999 0.05076666666666667 0.03306875
0 0.3393583333333334 0.6337875 0.045425 0.03306875
0 0.3767666666666667 0.6403 0.0481 0.03406875
0 0.414175 0.6397999999999999 0.045425 0.037075
0 0.4422333333333333 0.61875625 0.042749999999999996 0.031062500000000003
0 0.45826666666666666 0.6448125 0.0481 0.037075
0 0.478975 0.6698625 0.05210833333333333 0.03908125
0 0.40215 0.61625 0.0481 0.0320625
0 0.36073333333333335 0.6102375 0.05076666666666667 0.03406875
0 0.31798333333333334 0.6087375 0.045425 0.03306875
0 0.27923333333333333 0.61124375 0.053441666666666665 0.036074999999999996
0 0.2632 0.58218125 0.05878333333333334 0.04008125
0 0.299275 0.58068125 0.0481 0.037075
0 0.34069166666666667 0.5836875 0.0481 0.04108125
0 0.37876666666666664 0.58619375 0.05210833333333333 0.038075
0 0.421525 0.5892000000000001 0.049433333333333336 0.038075
0 0.27790000000000004 0.55663125 0.053441666666666665 0.03506875
0 0.31865 0.555125 0.04409166666666666 0.036074999999999996
0 0.3594 0.55813125 0.0481 0.036074999999999996
0 0.397475 0.56465 0.04675833333333333 0.037075
0 0.43288333333333334 0.56615 0.0481 0.038075
0 0.4729583333333333 0.56865625 0.0481 0.03306875
0 0.4596 0.5416 0.0481 0.037075
0 0.4195166666666667 0.53759375 0.045425 0.037075
0 0.39614166666666667 0.51354375 0.049433333333333336 0.037075
0 0.37810000000000005 0.5365875 0.05076666666666667 0.03306875
0 0.3427 0.52606875 0.049433333333333336 0.04008125
0 0.30195 0.530075 0.0481 0.0320625
2 0.34002499999999997 0.39079375 0.049433333333333336 0.04008125
2 0.3761 0.40833125000000003 0.04141666666666667 0.037075
2 0.4088333333333333 0.39179375 0.05611666666666667 0.04008125
2 0.45225000000000004 0.40231875 0.04675833333333333 0.04108125
2 0.41083333333333333 0.41935 0.04675833333333333 0.03506875
2 0.4449 0.4353875 0.045425 0.031062500000000003
2 0.41484166666666666 0.44690624999999995 0.04675833333333333 0.03406875
2 0.37876666666666664 0.43738750000000004 0.04409166666666666 0.029056250000000002
2 0.34069166666666667 0.4233625 0.05076666666666667 0.037075
2 0.28992500000000004 0.44089375 0.05878333333333334 0.038075
2 0.3293333333333333 0.454425 0.04675833333333333 0.037075
2 0.37275833333333336 0.46594375 0.05076666666666667 0.036074999999999996
2 0.40549166666666664 0.4749625 0.049433333333333336 0.036074999999999996
2 0.43955833333333333 0.46745 0.0481 0.0430875
2 0.478975 0.45341875000000004 0.04675833333333333 0.03908125
2 0.4963416666666667 0.42185625000000004 0.054775000000000004 0.036074999999999996
2 0.5157166666666667 0.45241875 0.053441666666666665 0.03506875
2 0.49767500000000003 0.47696875 0.049433333333333336 0.038075
2 0.53375 0.47746875000000005 0.049433333333333336 0.037075
2 0.519725 0.503525 0.053441666666666665 0.037075
2 0.4943416666666667 0.51705 0.05076666666666667 0.0320625
2 0.4696166666666666 0.493 0.04409166666666666 0.038075
2 0.4375583333333334 0.49600625 0.03874166666666667 0.03406875
2 0.34804166666666664 0.4874875 0.04409166666666666 0.037075
2 0.30795833333333333 0.47346249999999995 0.049433333333333336 0.03506875
2 0.27255 0.46494375 0.0481 0.03406875
2 0.2598583333333333 0.4935 0.04675833333333333 0.03506875
2 0.2986083333333333 0.50001875 0.05745 0.036074999999999996
2 0.2298 0.51304375 0.0481 0.036074999999999996
2 0.26988333333333336 0.52005625 0.042749999999999996 0.03406875
2 0.20975833333333335 0.53358125 0.05611666666666667 0.03306875
2 0.17635833333333334 0.55111875 0.05878333333333334 0.038075
2 0.18570833333333334 0.5776749999999999 0.05611666666666667 0.03908125
2 0.22045 0.56164375 0.037408333333333335 0.03506875
2 0.20240833333333333 0.6097375 0.05210833333333333 0.03506875
2 0.2298 0.58719375 0.042749999999999996 0.0420875
2 0.17301666666666668 0.6337875 0.05745 0.04108125
2 0.2151 0.6413 0.0481 0.036074999999999996
2 0.24716666666666667 0.6172562500000001 0.04008333333333333 0.03406875
2 0.25785833333333336 0.6483187499999999 0.0481 0.04008125
2 0.186375 0.66134375 0.05745 0.038075
2 0.225125 0.66835625 0.04409166666666666 0.036074999999999996
2 0.26921666666666666 0.6763750000000001 0.05210833333333333 0.04008125
2 0.28190833333333337 0.7074375 0.05878333333333334 0.04008125
2 0.3126333333333334 0.6944125 0.0481 0.02805625
2 0.3259916666666667 0.72146875 0.05611666666666667 0.0420875
2 0.36941666666666667 0.7244687500000001 0.05210833333333333 0.04609375
2 0.382775 0.7565375 0.054775000000000004 0.036074999999999996
2 0.404825 0.7309874999999999 0.045425 0.03506875
2 0.41885 0.75904375 0.05210833333333333 0.04108125
2 0.4408916666666667 0.727475 0.042749999999999996 0.03406875
2 0.4616083333333333 0.7615500000000001 0.05210833333333333 0.030062500000000002
2 0.4816416666666667 0.7294812500000001 0.04675833333333333 0.04008125
2 0.5016833333333334 0.76054375 0.05745 0.036074999999999996
2 0.519725 0.7334875 0.05076666666666667 0.038075
2 0.4616083333333333 0.70493125 0.05210833333333333 0.03506875
2 0.5030249999999999 0.70493125 0.049433333333333336 0.037075
2 0.5223916666666667 0.6833875 0.05611666666666667 0.03406875
2 0.5097 0.652825 0.049433333333333336 0.037075
2 0.55045 0.652825 0.05076666666666667 0.04108125
2 0.49767500000000003 0.626275 0.049433333333333336 0.036074999999999996
2 0.5350833333333334 0.626775 0.054775000000000004 0.037075
2 0.4769666666666667 0.5967125 0.053441666666666665 0.03908125
2 0.5137083333333333 0.59420625 0.049433333333333336 0.03406875
2 0.5344166666666667 0.5716625 0.0481 0.037075
2 0.5497833333333333 0.5977125 0.05210833333333333 0.03908125
2 0.5103666666666667 0.55011875 0.05076666666666667 0.038075
2 0.5431 0.5320812500000001 0.05210833333333333 0.03406875