2 0.40625 0.6416 0.021625 0.01751875
2 0.420575 0.6557625 0.022725 0.0179125
2 0.6084 0.51171875 0.0223 0.01704375
2 0.6295583333333333 0.50976875 0.022033333333333335 0.016725
2 0.5393916666666666 0.52539375 0.024208333333333335 0.017849999999999998
2 0.4000666666666666 0.6577124999999999 0.022458333333333334 0.01823125
2 0.5865916666666666 0.51220625 0.021541666666666667 0.01704375
2 0.41536666666666666 0.6704125000000001 0.023799999999999998 0.017775
2 0.3724 0.7182625 0.021625 0.0181
2 0.3724 0.7011750000000001 0.020566666666666667 0.017849999999999998
2 0.5221333333333333 0.53125 0.023516666666666665 0.0189375
2 0.3707666666666667 0.7338875 0.023799999999999998 0.0185875
2 0.5393916666666666 0.54150625 0.02103333333333333 0.0166625
2 0.562825 0.52001875 0.02128333333333333 0.0164625
2 0.35025833333333334 0.72216875 0.024133333333333333 0.0190125
2 0.40755 0.6850562499999999 0.0223 0.01684375
2 0.3948583333333333 0.71435625 0.022458333333333334 0.01738125
2 0.5742166666666666 0.54394375 0.021116666666666666 0.016925
2 0.5576166666666666 0.55078125 0.022116666666666666 0.0166625
2 0.3968083333333334 0.69921875 0.021358333333333333 0.0159
2 0.642575 0.52295 0.018975 0.0164625
2 0.5943999999999999 0.54101875 0.022116666666666666 0.01628125
2 0.3942083333333333 0.72998125 0.021708333333333333 0.01836875
2 0.5553416666666666 0.532225 0.02103333333333333 0.0182625
2 0.6142583333333334 0.5376 0.022808333333333333 0.0167875
2 0.5817083333333333 0.52880625 0.022116666666666666 0.016525
2 0.3932333333333333 0.67285 0.02128333333333333 0.0177125
2 0.6601583333333334 0.5327125 0.022808333333333333 0.0159
2 0.38411666666666666 0.6870125 0.021791666666666664 0.0184
2 0.6318333333333334 0.53564375 0.0208 0.0159
2 0.622725 0.5244125 0.022216666666666666 0.01684375
2 0.6018916666666666 0.52539375 0.020725 0.0159625