2 0.5881119791666667 0.53494140625 0.06221354166666667 0.049912109375
2 0.6175130208333334 0.34912109375 0.056757812500000004 0.040009765625
2 0.5231119791666666 0.345947265625 0.0613671875 0.0393359375
2 0.5322265625 0.395263671875 0.05782552083333333 0.04345703125
2 0.57421875 0.364013671875 0.05591145833333333 0.045009765625
2 0.6328125 0.386474609375 0.053828125000000004 0.041689453125
2 0.5960286458333334 0.45166015625 0.055703125 0.0418359375
2 0.5465494791666666 0.435546875 0.05736979166666667 0.04025390625
2 0.587890625 0.409423828125 0.05294270833333333 0.045537109375
2 0.6337890625 0.42578125 0.04614583333333333 0.037900390625
2 0.5613411458333334 0.33203125 0.0433984375 0.030380859375