2 0.19026666666666667 0.6215062499999999 0.023083333333333334 0.0183
2 0.174475 0.63066875 0.024158333333333334 0.017825
2 0.16120833333333331 0.64433125 0.026141666666666667 0.019606250000000002
2 0.14001666666666668 0.6453687499999999 0.025741666666666666 0.02109375
2 0.12535833333333335 0.655175 0.02654166666666667 0.0187125
2 0.13526666666666667 0.6716625 0.02733333333333333 0.0213875
2 0.17229999999999998 0.675075 0.029308333333333336 0.01930625
2 0.14952500000000002 0.6585875 0.024158333333333334 0.01723125
2 0.153875 0.66795 0.02099166666666667 0.015149999999999999
2 0.19051666666666667 0.66438125 0.021391666666666666 0.0187125
2 0.17090833333333333 0.66081875 0.023366666666666668 0.01693125
2 0.1824 0.6481937499999999 0.023366666666666668 0.01723125
2 0.19724999999999998 0.6361625 0.02455833333333333 0.01693125
2 0.20438333333333333 0.65071875 0.023766666666666665 0.0187125
2 0.21130833333333332 0.66720625 0.025741666666666666 0.01723125
2 0.22596666666666668 0.65680625 0.021783333333333335 0.0190125
2 0.21190833333333334 0.6085375 0.027725000000000003 0.01930625
2 0.21329166666666666 0.62531875 0.021783333333333335 0.018418749999999998
2 0.21864166666666668 0.64076875 0.022183333333333333 0.017825
2 0.2309166666666667 0.6134375 0.022183333333333333 0.017825
2 0.23131666666666664 0.6278437499999999 0.026141666666666667 0.01693125
2 0.23844166666666666 0.64314375 0.02455833333333333 0.01723125
2 0.2471583333333333 0.65844375 0.026933333333333333 0.01930625
2 0.2596333333333333 0.6484875 0.021783333333333335 0.015449999999999998
2 0.2790416666666667 0.65339375 0.023366666666666668 0.0187125
2 0.2542833333333333 0.6325999999999999 0.022975 0.017525
2 0.25032499999999996 0.61774375 0.02455833333333333 0.01811875
2 0.24200833333333335 0.60229375 0.023766666666666665 0.01930625
2 0.2624083333333333 0.60660625 0.02099166666666667 0.0166375
2 0.270725 0.62205 0.018616666666666667 0.015449999999999998
2 0.2738916666666667 0.63660625 0.024158333333333334 0.017825
2 0.28934166666666666 0.6276937499999999 0.024158333333333334 0.016043750000000002
2 0.2942916666666667 0.64403125 0.023766666666666665 0.019606250000000002
2 0.30974166666666664 0.6333375 0.019808333333333334 0.017825
2 0.3030083333333333 0.6175937499999999 0.023766666666666665 0.01723125
2 0.2841916666666666 0.6134375 0.023366666666666668 0.018418749999999998
2 0.25765 0.5916 0.02495 0.017525
2 0.27845 0.59665 0.022183333333333333 0.01693125
2 0.29646666666666666 0.60185 0.024158333333333334 0.0166375
2 0.2715166666666667 0.5815 0.025741666666666666 0.0187125
2 0.29230833333333334 0.5855125 0.019008333333333332 0.0166375
2 0.3103333333333333 0.59145625 0.019408333333333333 0.016043750000000002
2 0.31785833333333335 0.6057125 0.021783333333333335 0.0166375
2 0.321025 0.6210125 0.022575 0.01811875
2 0.32755833333333334 0.6367562499999999 0.021391666666666666 0.017525
2 0.34815833333333335 0.63943125 0.022183333333333333 0.017525
2 0.3428083333333333 0.62398125 0.02099166666666667 0.01455625
2 0.361825 0.63036875 0.022575 0.016043750000000002
2 0.36935 0.6449250000000001 0.02733333333333333 0.0166375
2 0.38261666666666666 0.634825 0.021391666666666666 0.018418749999999998
2 0.4030166666666667 0.63556875 0.02654166666666667 0.01693125
2 0.3372666666666667 0.61016875 0.021783333333333335 0.01723125
2 0.37628333333333336 0.619525 0.021391666666666666 0.0163375
2 0.28973333333333334 0.5709562499999999 0.02099166666666667 0.01723125
2 0.30895 0.57615625 0.023766666666666665 0.01693125
2 0.30141666666666667 0.56175 0.02455833333333333 0.018418749999999998
2 0.32241666666666663 0.5657562500000001 0.0206 0.015149999999999999
2 0.32676666666666665 0.5804625 0.022183333333333333 0.01485625
2 0.32974166666666666 0.5954625 0.02099166666666667 0.01574375
2 0.341425 0.5703625 0.019008333333333332 0.015449999999999998
2 0.39569166666666666 0.6211625000000001 0.022183333333333333 0.016043750000000002
2 0.41688333333333333 0.62175625 0.021783333333333335 0.01723125
2 0.40737500000000004 0.60883125 0.022575 0.01336875
2 0.4295583333333334 0.6124 0.023366666666666668 0.0187125
2 0.4440083333333333 0.6017 0.019808333333333334 0.01811875
2 0.4547083333333333 0.589225 0.02455833333333333 0.01811875
2 0.47590000000000005 0.589225 0.023366666666666668 0.0163375
2 0.4887666666666666 0.57615625 0.023766666666666665 0.0163375
2 0.316475 0.55105625 0.02455833333333333 0.01723125
2 0.330925 0.53961875 0.021783333333333335 0.0163375
2 0.33568333333333333 0.5552125 0.02099166666666667 0.0166375
2 0.3505333333333333 0.54555625 0.019808333333333334 0.01811875
2 0.37330833333333335 0.5217937500000001 0.024158333333333334 0.0163375
2 0.3628166666666667 0.5431812500000001 0.022183333333333333 0.01455625
2 0.42044166666666666 0.503375 0.02099166666666667 0.01693125
2 0.5020416666666667 0.5654625 0.02891666666666667 0.01990625
2 0.5145166666666666 0.553875 0.022183333333333333 0.01693125
2 0.5258 0.54155 0.02654166666666667 0.01723125
2 0.4335166666666667 0.4916375 0.028125 0.0166375
2 0.44658333333333333 0.4796125 0.02495 0.0163375
2 0.4618333333333334 0.46831874999999995 0.021391666666666666 0.01811875
2 0.4735166666666667 0.4564375 0.02495 0.0163375
2 0.5384749999999999 0.528325 0.02495 0.01455625
2 0.523625 0.44841875000000003 0.023766666666666665 0.017525
2 0.5265916666666667 0.43445625 0.022575 0.0163375
2 0.538875 0.42776875 0.021783333333333335 0.018418749999999998
2 0.5574916666666667 0.43103749999999996 0.019408333333333333 0.01723125
2 0.568975 0.4199 0.021783333333333335 0.015149999999999999
2 0.6161083333333334 0.49698749999999997 0.029708333333333333 0.018418749999999998
2 0.6250249999999999 0.4821375 0.022975 0.017825
2 0.6527499999999999 0.4640125 0.021391666666666666 0.018418749999999998
2 0.5806583333333333 0.4108375 0.021391666666666666 0.01485625
2 0.599075 0.41485 0.02099166666666667 0.01336875
2 0.5927416666666666 0.40029375 0.025741666666666666 0.0187125
2 0.609375 0.39063749999999997 0.023366666666666668 0.01723125
2 0.62185 0.3803875 0.021391666666666666 0.01811875
2 0.6424500000000001 0.3832125 0.021391666666666666 0.017825
2 0.659875 0.37786250000000005 0.022975 0.017825
2 0.66225 0.39241875 0.022183333333333333 0.0166375
2 0.70345 0.40400624999999996 0.0206 0.018418749999999998
2 0.6822583333333334 0.3956875 0.022575 0.016043750000000002
2 0.6870083333333333 0.40786875 0.0202 0.01425625
2 0.6636416666666667 0.45450625 0.02099166666666667 0.016043750000000002
2 0.68285 0.45183124999999996 0.022975 0.018418749999999998
0 0.7006749999999999 0.42584375 0.02455833333333333 0.01811875
0 0.6838416666666667 0.43638750000000004 0.023366666666666668 0.01485625
0 0.6798833333333334 0.4213875 0.024158333333333334 0.0163375
0 0.6594833333333333 0.417525 0.02535 0.017525
0 0.644825 0.41202500000000003 0.026933333333333333 0.015449999999999998
0 0.63195 0.39999375 0.024158333333333334 0.0163375
0 0.619675 0.4135125 0.021783333333333335 0.015449999999999998
0 0.629775 0.42346249999999996 0.021391666666666666 0.015149999999999999
0 0.6474 0.42881250000000004 0.02099166666666667 0.01574375
0 0.6644333333333333 0.43296875 0.022575 0.0163375
0 0.65215 0.44336875 0.024158333333333334 0.01455625
0 0.6331416666666666 0.43979999999999997 0.021783333333333335 0.012775000000000002
0 0.35588333333333333 0.6135875 0.022575 0.0163375
0 0.3798416666666667 0.5999187500000001 0.02455833333333333 0.01930625
0 0.35330833333333334 0.5968 0.026933333333333333 0.019606250000000002
0 0.37231666666666663 0.58165 0.019808333333333334 0.01723125
0 0.39271666666666666 0.5867 0.017825 0.016043750000000002
0 0.41074166666666667 0.59130625 0.023766666666666665 0.01811875
0 0.38855833333333334 0.5706625 0.019808333333333334 0.016043750000000002
0 0.407175 0.57645 0.019008333333333332 0.01574375
0 0.4315333333333334 0.58239375 0.02099166666666667 0.017525
0 0.37925000000000003 0.54199375 0.022575 0.01455625
0 0.3707333333333333 0.55550625 0.019808333333333334 0.016043750000000002
0 0.38756666666666667 0.5567 0.017825 0.015449999999999998
0 0.40598333333333336 0.56115625 0.019008333333333332 0.015449999999999998
0 0.4232166666666667 0.56605625 0.02099166666666667 0.017525
0 0.44143333333333334 0.5656125 0.02099166666666667 0.015449999999999998
0 0.445 0.5779375 0.023366666666666668 0.01455625
0 0.46065 0.5650125 0.023766666666666665 0.016043750000000002
0 0.4384666666666666 0.55224375 0.022975 0.0166375
0 0.42301666666666665 0.55313125 0.022183333333333333 0.015449999999999998
0 0.40281666666666666 0.5463 0.021391666666666666 0.015449999999999998
0 0.39449999999999996 0.5326375 0.022975 0.016043750000000002
0 0.4149 0.5362 0.021783333333333335 0.0166375
0 0.41034166666666666 0.52298125 0.022183333333333333 0.0163375
0 0.4558916666666667 0.55105625 0.0206 0.015449999999999998
0 0.4743083333333333 0.55328125 0.02099166666666667 0.015149999999999999
0 0.4360916666666666 0.5373875 0.021391666666666666 0.016043750000000002
0 0.42638333333333334 0.52431875 0.0202 0.01485625
0 0.4360916666666666 0.51095 0.015841666666666667 0.01306875
0 0.4481666666666666 0.5223875 0.019408333333333333 0.01574375
0 0.48837499999999995 0.50381875 0.022183333333333333 0.015449999999999998
0 0.5258 0.5094625 0.021783333333333335 0.01723125
0 0.5450166666666667 0.513175 0.0206 0.01574375
0 0.5586749999999999 0.50129375 0.023366666666666668 0.01574375
0 0.5077833333333334 0.4668375 0.0206 0.01574375
0 0.473125 0.53916875 0.018616666666666667 0.01306875
0 0.4919416666666667 0.54600625 0.021391666666666666 0.01485625
0 0.4854 0.53040625 0.0202 0.015149999999999999
0 0.5044166666666666 0.53308125 0.018616666666666667 0.012775000000000002
0 0.513725 0.52164375 0.022183333333333333 0.015449999999999998
0 0.584025 0.4815375 0.021783333333333335 0.01485625
0 0.579275 0.46728125 0.021783333333333335 0.016043750000000002
0 0.5408499999999999 0.4616375 0.019408333333333333 0.017825
0 0.47054999999999997 0.50144375 0.023766666666666665 0.0166375
0 0.5000583333333334 0.4943125 0.02099166666666667 0.0166375
0 0.59155 0.45866875 0.021783333333333335 0.0166375
0 0.5953166666666667 0.42940625 0.018216666666666666 0.015149999999999999
0 0.6163083333333333 0.4360875 0.0206 0.0166375