0 0.3725 0.575400390625 0.052109375000000006 0.03908203125
0 0.3575520833333334 0.507734375 0.06272135416666667 0.041259765625
0 0.3363151041666667 0.477333984375 0.04921875 0.034013671875
0 0.386015625 0.465751953125 0.05983072916666667 0.0369140625
0 0.3956640625 0.493984375 0.05790364583333333 0.03546875
0 0.3811848958333333 0.53740234375 0.048255208333333334 0.042705078125
0 0.4197916666666666 0.5583984375 0.05790364583333333 0.042705078125
0 0.42365885416666665 0.523291015625 0.0559765625 0.03474609375
0 0.4477734375 0.495791015625 0.0559765625 0.033291015625
0 0.47576822916666667 0.521845703125 0.052109375000000006 0.03474609375
0 0.45743489583333335 0.548623046875 0.0559765625 0.043427734375
0 0.49747395833333335 0.56744140625 0.053072916666666664 0.03908203125
0 0.52015625 0.53306640625 0.05018229166666666 0.0398046875
0 0.49602864583333334 0.490361328125 0.05018229166666666 0.03546875
0 0.5399348958333333 0.497236328125 0.051145833333333335 0.03908203125
0 0.5606901041666666 0.52763671875 0.048255208333333334 0.04052734375
0 0.5510416666666667 0.562373046875 0.0617578125 0.03763671875
0 0.5968749999999999 0.5721484375 0.06079427083333333 0.0398046875
0 0.6070052083333334 0.53595703125 0.0559765625 0.0398046875
0 0.5852994791666667 0.504833984375 0.051145833333333335 0.0369140625
0 0.6277604166666667 0.5051953125 0.051145833333333335 0.03619140625
0 0.6552604166666667 0.534873046875 0.052109375000000006 0.043427734375
0 0.6374088541666666 0.564912109375 0.055013020833333336 0.03546875
2 0.27359375 0.452001953125 0.0588671875 0.0398046875
2 0.30157552083333333 0.4284765625 0.0588671875 0.041982421875
2 0.31122395833333333 0.461044921875 0.056940104166666665 0.03763671875
2 0.30205729166666667 0.496875 0.05983072916666667 0.042705078125
2 0.33100260416666666 0.528720703125 0.052109375000000006 0.041259765625
2 0.33100260416666666 0.56671875 0.06369791666666667 0.0477734375
2 0.3237760416666667 0.607255859375 0.06079427083333333 0.046318359375
2 0.36333333333333334 0.634033203125 0.0453515625 0.043427734375
2 0.40531249999999996 0.621005859375 0.065625 0.04921875
2 0.451640625 0.6065234375 0.0559765625 0.043427734375
2 0.49313802083333336 0.5953125 0.052109375000000006 0.0398046875
2 0.5674479166666667 0.60580078125 0.05983072916666667 0.044873046875
2 0.61328125 0.59603515625 0.055013020833333336 0.0398046875
2 0.6557421875 0.588798828125 0.06079427083333333 0.045595703125
2 0.7015885416666667 0.543193359375 0.05018229166666666 0.042705078125
2 0.7647916666666666 0.5200390625 0.06658854166666667 0.044150390625
2 0.7001302083333334 0.499404296875 0.06079427083333333 0.04052734375