2 0.18869166666666667 0.52768125 0.07975833333333333 0.0732125
2 0.26844999999999997 0.48794375 0.07975833333333333 0.0669625
2 0.33571666666666666 0.47455624999999996 0.08809166666666667 0.06875
2 0.4148833333333333 0.47544375 0.08214166666666665 0.07231875
2 0.4880916666666667 0.46071249999999997 0.08095 0.0642875
2 0.26071666666666665 0.546875 0.08333333333333333 0.06339375
2 0.33155 0.53526875 0.08214166666666665 0.06875
2 0.40595 0.5308062499999999 0.08095 0.06875
2 0.4708333333333333 0.51830625 0.075 0.05981875
2 0.5446416666666667 0.5138375 0.08928333333333334 0.061606249999999994
2 0.5267833333333333 0.565625 0.07738333333333333 0.061606249999999994
2 0.4625 0.5736625 0.07024166666666667 0.05625
2 0.39524166666666666 0.59106875 0.08333333333333333 0.055356249999999996
2 0.322025 0.5888375 0.07738333333333333 0.05981875
2 0.25833333333333336 0.603125 0.08809166666666667 0.06518125000000001
2 0.19225833333333334 0.590625 0.07975833333333333 0.06339375
2 0.234525 0.66160625 0.09285833333333333 0.06785624999999999
2 0.30178333333333335 0.6892874999999999 0.07738333333333333 0.0625
2 0.3511916666666667 0.64375 0.07619166666666667 0.0625
2 0.41964166666666664 0.6455375 0.084525 0.0642875
2 0.38035833333333335 0.6991062499999999 0.09166666666666666 0.0625