0 0.37378333333333336 0.7366875 0.025683333333333332 0.020331250000000002
0 0.5496166666666666 0.625675 0.022116666666666666 0.018725000000000002
0 0.30565833333333337 0.6082875 0.023541666666666666 0.018187500000000002
0 0.4650916666666667 0.5638875 0.0214 0.018187500000000002
2 0.2981666666666667 0.6596500000000001 0.029958333333333337 0.020331250000000002
2 0.24181666666666668 0.689075 0.03138333333333333 0.022468750000000003
2 0.2921083333333333 0.71315 0.023541666666666666 0.019262500000000002
2 0.2949583333333333 0.69281875 0.024966666666666668 0.017118750000000002
2 0.3292 0.68291875 0.023541666666666666 0.01765625
2 0.30924166666666664 0.67480625 0.024925 0.0190875
2 0.3629583333333333 0.7714875000000001 0.026591666666666666 0.0213625
2 0.4104833333333333 0.59570625 0.023883333333333333 0.018799999999999997
0 0.33886666666666665 0.57568125 0.02449166666666667 0.0181
2 0.3990916666666667 0.62841875 0.024133333333333333 0.01848125
2 0.4147166666666667 0.7045874999999999 0.025208333333333333 0.0195625
2 0.4104833333333333 0.7436499999999999 0.0259 0.02021875
2 0.35481666666666667 0.7099625 0.02525 0.01876875
2 0.3245416666666667 0.54980625 0.022641666666666668 0.01751875
0 0.3535166666666667 0.60595625 0.022908333333333333 0.018799999999999997
2 0.5332 0.71484375 0.021625 0.019456249999999998
0 0.375 0.67285 0.02478333333333333 0.0185375
2 0.3090833333333333 0.561525 0.025025000000000002 0.01744375
2 0.3522166666666667 0.67626875 0.024133333333333333 0.0191625
2 0.34830833333333333 0.6586937500000001 0.023516666666666665 0.0185375
2 0.38411666666666666 0.686525 0.024575 0.0179875
2 0.40430000000000005 0.72314375 0.025733333333333334 0.01986875
2 0.3571 0.6401375 0.024825 0.01919375
2 0.6025416666666666 0.59765625 0.022908333333333333 0.0176375
2 0.3929 0.607425 0.025308333333333335 0.0184
2 0.44303333333333333 0.5639625 0.023883333333333333 0.017849999999999998
0 0.5865916666666666 0.58056875 0.023258333333333332 0.018187500000000002
2 0.39094999999999996 0.70605625 0.024166666666666666 0.0199125
0 0.48567499999999997 0.54443125 0.021708333333333333 0.0176375
2 0.3551416666666667 0.7334 0.023441666666666666 0.019793750000000002
0 0.5029333333333333 0.5307625 0.023516666666666665 0.01823125
2 0.377275 0.62793125 0.025308333333333335 0.0185375
0 0.38769166666666666 0.6508812500000001 0.024166666666666666 0.0179875
2 0.31754166666666667 0.5791 0.02535 0.0184
2 0.29183333333333333 0.5483375 0.02435 0.01801875
0 0.373375 0.719725 0.02555 0.019606250000000002
2 0.39518333333333333 0.6655249999999999 0.024066666666666667 0.0176375
2 0.35384166666666667 0.79248125 0.024925 0.0189375
2 0.5345083333333333 0.59375 0.02128333333333333 0.01738125
2 0.42643333333333333 0.72314375 0.024533333333333334 0.019837499999999997
2 0.5563166666666667 0.6953125 0.023616666666666668 0.01883125
2 0.41699166666666665 0.6821312500000001 0.023799999999999998 0.01876875
2 0.5524083333333333 0.607425 0.023358333333333335 0.01829375
2 0.37825833333333336 0.553225 0.028650000000000002 0.019837499999999997
2 0.46615 0.7089875000000001 0.024458333333333335 0.019793750000000002
2 0.59505 0.6181625 0.022033333333333335 0.01953125
2 0.388025 0.7568375 0.023799999999999998 0.0197125
2 0.36393333333333333 0.7504875 0.026041666666666668 0.01890625
2 0.5859416666666667 0.603025 0.022808333333333333 0.01751875
2 0.40430000000000005 0.55078125 0.022458333333333334 0.01801875
2 0.3063166666666666 0.53515625 0.024133333333333333 0.01843125
0 0.45605833333333334 0.532225 0.023075000000000002 0.01698125
2 0.5813833333333333 0.5639625 0.022991666666666667 0.01751875
2 0.3678416666666667 0.65625 0.023258333333333332 0.01829375
2 0.5214833333333333 0.6308625 0.023883333333333333 0.020018750000000002
2 0.408525 0.56445625 0.023700000000000002 0.01869375
2 0.45182500000000003 0.5473625 0.02478333333333333 0.0184
2 0.5612 0.62109375 0.020483333333333333 0.017849999999999998
2 0.2976916666666667 0.58838125 0.020483333333333333 0.013537500000000001
2 0.48795833333333327 0.8295874999999999 0.02559166666666667 0.02091875
2 0.5345083333333333 0.61963125 0.023799999999999998 0.01698125
0 0.5318999999999999 0.50635 0.028825000000000003 0.019637500000000002
2 0.51725 0.48779375 0.021541666666666667 0.0140625
0 0.29924166666666663 0.62781875 0.02781666666666667 0.018725000000000002
2 0.33419166666666666 0.6128374999999999 0.024966666666666668 0.01765625
2 0.321 0.59919375 0.017116666666666665 0.01498125
2 0.354525 0.62380625 0.027108333333333335 0.019262500000000002
2 0.37271666666666664 0.57164375 0.024966666666666668 0.020862500000000003
2 0.36665000000000003 0.59304375 0.027108333333333335 0.016587499999999998
0 0.3409666666666667 0.592775 0.027108333333333335 0.018187500000000002
0 0.39411666666666667 0.5753875 0.02781666666666667 0.019793750000000002
2 0.531075 0.5226875 0.02781666666666667 0.017118750000000002