1 0.5124348958333333 0.549345703125 0.029986979166666667 0.021025390625
1 0.5166666666666667 0.56841796875 0.026731770833333335 0.020048828125
1 0.5372005208333334 0.557412109375 0.024778645833333335 0.018583984375
1 0.5482812499999999 0.57330078125 0.027382812500000003 0.020048828125
1 0.5583984375000001 0.554482421875 0.026731770833333335 0.019560546875
1 0.5675130208333333 0.540546875 0.026731770833333335 0.022978515625
1 0.5900130208333333 0.54005859375 0.024778645833333335 0.022001953125
1 0.5799088541666667 0.556435546875 0.029335937500000003 0.017607421875
1 0.5681770833333334 0.57453125 0.028033854166666667 0.019560546875
1 0.5906640625 0.572568359375 0.02216145833333333 0.019560546875
1 0.6141276041666667 0.5735546875 0.028684895833333335 0.020537109375
1 0.6089192708333333 0.554482421875 0.026080729166666667 0.022490234375
1 0.6268489583333333 0.556435546875 0.026731770833333335 0.021513671875
1 0.6519401041666667 0.563037109375 0.026080729166666667 0.023955078125
1 0.6715104166666667 0.571591796875 0.027382812500000003 0.022490234375
1 0.6548828125 0.586259765625 0.03194010416666667 0.021513671875
1 0.7021484375 0.57134765625 0.0312890625 0.02494140625
0 0.6656380208333333 0.52587890625 0.0312890625 0.022978515625
0 0.6962760416666667 0.534189453125 0.0312890625 0.02494140625
0 0.6920442708333333 0.553994140625 0.028033854166666667 0.022490234375
0 0.7171354166666667 0.549345703125 0.0312890625 0.022978515625
0 0.7233333333333333 0.56890625 0.024127604166666667 0.023955078125
0 0.6750911458333334 0.54201171875 0.029335937500000003 0.021025390625
0 0.6493359375 0.539326171875 0.0312890625 0.020537109375
0 0.6395572916666666 0.523916015625 0.029986979166666667 0.020048828125
0 0.6147916666666667 0.52025390625 0.03651041666666666 0.018583984375
0 0.6245703125000001 0.537119140625 0.028684895833333335 0.021025390625
0 0.5913151041666667 0.521474609375 0.026080729166666667 0.021025390625
0 0.5698046875 0.52025390625 0.026080729166666667 0.021513671875
0 0.5495963541666666 0.520986328125 0.027382812500000003 0.022978515625
0 0.5212369791666667 0.519521484375 0.026731770833333335 0.020048828125
0 0.53296875 0.534189453125 0.0228125 0.022978515625
0 0.5091666666666667 0.529541015625 0.026080729166666667 0.020537109375
0 0.48440104166666664 0.528564453125 0.027382812500000003 0.022490234375
0 0.466796875 0.541767578125 0.0312890625 0.019560546875
0 0.47787760416666664 0.5566796875 0.027382812500000003 0.023955078125
0 0.49123697916666664 0.56890625 0.025429687500000003 0.021025390625
0 0.4755989583333333 0.584794921875 0.028033854166666667 0.022490234375
0 0.49971354166666665 0.58357421875 0.029335937500000003 0.022001953125
0 0.5241666666666667 0.591396484375 0.032591145833333335 0.02591796875
0 0.5528515625 0.597509765625 0.027382812500000003 0.0273828125
0 0.5759895833333334 0.598486328125 0.029335937500000003 0.022490234375
0 0.5864192708333333 0.61388671875 0.028033854166666667 0.019072265625
0 0.6040234375 0.602158203125 0.029335937500000003 0.022978515625
0 0.6151171875 0.616337890625 0.030638020833333335 0.023955078125
0 0.6248958333333333 0.600927734375 0.028033854166666667 0.024443359375
0 0.6454296875 0.61853515625 0.029986979166666667 0.023466796875
0 0.6731380208333334 0.6019140625 0.028033854166666667 0.023466796875
0 0.69171875 0.60533203125 0.028684895833333335 0.0254296875
0 0.7171354166666667 0.611201171875 0.032591145833333335 0.023466796875
0 0.7112760416666667 0.5896875 0.029986979166666667 0.023466796875
0 0.7324609375 0.589443359375 0.028033854166666667 0.022978515625
0 0.7396354166666667 0.61046875 0.026731770833333335 0.023955078125
0 0.7556119791666666 0.59482421875 0.0312890625 0.022978515625
0 0.7468098958333332 0.573798828125 0.029335937500000003 0.02689453125
0 0.7650651041666667 0.5566796875 0.029335937500000003 0.02494140625
0 0.7888541666666667 0.562548828125 0.029986979166666667 0.02494140625
0 0.8133072916666667 0.566455078125 0.026731770833333335 0.022978515625
0 0.8364453125 0.573798828125 0.03390625 0.02591796875
0 0.7702734375000001 0.578193359375 0.026731770833333335 0.02494140625
0 0.7908072916666667 0.581865234375 0.029986979166666667 0.02640625
0 0.8168880208333333 0.584794921875 0.032591145833333335 0.022490234375
0 0.8338411458333334 0.599462890625 0.035208333333333335 0.0254296875
0 0.8061328125 0.604111328125 0.03194010416666667 0.022978515625
0 0.7803776041666667 0.599951171875 0.032591145833333335 0.02640625
0 0.7653906250000001 0.614619140625 0.032591145833333335 0.024443359375
2 0.5323177083333334 0.4923828125 0.029335937500000003 0.024443359375
2 0.5561067708333333 0.493115234375 0.026080729166666667 0.022978515625
2 0.5773046875 0.490673828125 0.026731770833333335 0.022001953125
2 0.5919661458333333 0.50412109375 0.026080729166666667 0.020537109375
2 0.6131510416666667 0.506318359375 0.025429687500000003 0.020048828125
2 0.6359765625 0.506806640625 0.029335937500000003 0.021025390625
2 0.6604166666666667 0.50705078125 0.027382812500000003 0.023466796875
2 0.6806380208333334 0.50998046875 0.028684895833333335 0.021513671875
2 0.7047526041666666 0.503388671875 0.027382812500000003 0.022978515625
2 0.7014973958333334 0.52025390625 0.026080729166666667 0.021513671875
2 0.723984375 0.525634765625 0.030638020833333335 0.023466796875
2 0.7454947916666667 0.5263671875 0.030638020833333335 0.02689453125
2 0.7725520833333334 0.5319921875 0.0312890625 0.0254296875
2 0.7979817708333333 0.535654296875 0.027382812500000003 0.02689453125
2 0.8188411458333333 0.54396484375 0.029986979166666667 0.02591796875
2 0.8413411458333333 0.550810546875 0.030638020833333335 0.023955078125
2 0.5078645833333334 0.496787109375 0.028684895833333335 0.021513671875
2 0.48374999999999996 0.499228515625 0.024778645833333335 0.021513671875
2 0.49971354166666665 0.512919921875 0.026731770833333335 0.021513671875
2 0.45962239583333336 0.499716796875 0.0312890625 0.020537109375
2 0.47265625 0.514873046875 0.026080729166666667 0.019560546875
2 0.44984375000000004 0.518056640625 0.0312890625 0.021025390625
2 0.43843750000000004 0.53076171875 0.025429687500000003 0.021025390625
2 0.44593750000000004 0.543720703125 0.024778645833333335 0.019560546875
2 0.4293098958333333 0.557412109375 0.026731770833333335 0.020537109375
2 0.44527343750000004 0.5662109375 0.029986979166666667 0.021513671875
2 0.43158854166666666 0.581865234375 0.026080729166666667 0.022490234375
2 0.45407552083333336 0.57990234375 0.026731770833333335 0.021513671875
2 0.49483072916666665 0.6019140625 0.0312890625 0.021513671875
2 0.5505729166666666 0.620732421875 0.030638020833333335 0.02494140625
2 0.6659635416666666 0.63271484375 0.030638020833333335 0.023466796875
2 0.69171875 0.63662109375 0.0312890625 0.0293359375
2 0.7415885416666667 0.636376953125 0.035859375 0.02689453125
2 0.7914583333333334 0.631005859375 0.026080729166666667 0.023955078125
2 0.818515625 0.632958984375 0.029335937500000003 0.023955078125
2 0.839375 0.63369140625 0.029335937500000003 0.023466796875
2 0.8670833333333333 0.6361328125 0.032591145833333335 0.023466796875
2 0.85046875 0.616337890625 0.025429687500000003 0.022978515625
2 0.8794791666666667 0.619267578125 0.0312890625 0.021025390625
2 0.8683984374999999 0.602158203125 0.032591145833333335 0.022978515625
2 0.8820833333333334 0.585283203125 0.029986979166666667 0.024443359375
2 0.8569791666666666 0.585283203125 0.025429687500000003 0.021513671875
2 0.8706770833333333 0.567685546875 0.026731770833333335 0.022490234375
2 0.8964322916666667 0.60533203125 0.027382812500000003 0.022490234375
2 0.9029427083333333 0.622197265625 0.024778645833333335 0.023955078125
2 0.8295963541666667 0.6153515625 0.026731770833333335 0.022001953125
2 0.8186197916666668 0.7176953125 0.034791666666666665 0.02609375