2 0.3912760416666667 0.609375 0.06380208333333333 0.056640625
2 0.3948567708333333 0.55126953125 0.056315104166666664 0.045439453125
2 0.400390625 0.6787109375 0.060143229166666666 0.04724609375
2 0.4375 0.64208984375 0.06173177083333333 0.052333984375
2 0.6516927083333334 0.61181640625 0.058671875000000005 0.048125
2 0.3981119791666667 0.7236328125 0.06502604166666666 0.052919921875
2 0.4830729166666667 0.6689453125 0.06514322916666666 0.052705078125
2 0.5774739583333334 0.6708984375 0.06416666666666666 0.047607421875
2 0.4166666666666667 0.5087890625 0.0634765625 0.04681640625
2 0.541015625 0.591796875 0.06071614583333334 0.048310546875
2 0.4339192708333333 0.461181640625 0.05912760416666666 0.04986328125
2 0.4837239583333333 0.61767578125 0.06477864583333333 0.048037109375
2 0.4547526041666667 0.54345703125 0.06286458333333333 0.04638671875
2 0.4928385416666667 0.7353515625 0.0674609375 0.05072265625
2 0.4716796875 0.5 0.05903645833333334 0.046201171875
2 0.5374348958333334 0.4296875 0.063359375 0.05013671875
2 0.6585286458333334 0.48291015625 0.06104166666666667 0.045439453125
2 0.4381510416666667 0.7587890625 0.06173177083333333 0.04931640625
2 0.6259765625 0.44580078125 0.06311197916666667 0.045869140625
2 0.6643880208333334 0.5693359375 0.06502604166666666 0.049228515625
2 0.408203125 0.427001953125 0.0576171875 0.0451953125
2 0.5364583333333334 0.7001953125 0.0576171875 0.04595703125
2 0.4339192708333333 0.5849609375 0.056315104166666664 0.046298828125
2 0.5589192708333334 0.55126953125 0.05815104166666666 0.046201171875
2 0.5810546875 0.61279296875 0.0625390625 0.051845703125
2 0.4485677083333333 0.70947265625 0.05717447916666666 0.050048828125
2 0.4638671875 0.40966796875 0.06033854166666667 0.043125
2 0.52734375 0.48828125 0.06311197916666667 0.047939453125
2 0.6783854166666666 0.5263671875 0.056236979166666666 0.043271484375
2 0.5143229166666666 0.529296875 0.06299479166666667 0.046630859375
2 0.6064453125 0.57763671875 0.053828125000000004 0.05013671875
2 0.4879557291666667 0.56640625 0.06404947916666666 0.046474609375
2 0.5768229166666666 0.461181640625 0.054765625000000005 0.047001953125
2 0.5716145833333334 0.50439453125 0.0576171875 0.049775390625
2 0.4947916666666667 0.455810546875 0.057499999999999996 0.038759765625
2 0.62109375 0.5283203125 0.059895833333333336 0.04296875
2 0.3990885416666667 0.80224609375 0.07942708333333333 0.0576171875
2 0.533203125 0.63818359375 0.05859375 0.0478515625