0 0.41655833333333336 0.5558375 0.024483333333333333 0.018918749999999998
0 0.39837500000000003 0.5689125 0.025225 0.0228125
0 0.43065 0.5644625 0.024483333333333333 0.019475
0 0.4132166666666667 0.5800437500000001 0.029675 0.01725
2 0.36425 0.5472125 0.028191666666666667 0.015025
2 0.36091666666666666 0.56390625 0.0319 0.019475
2 0.3868833333333333 0.5516625 0.024483333333333333 0.0161375
2 0.40505833333333335 0.54304375 0.020775 0.014468749999999999
2 0.44399999999999995 0.5397 0.02745 0.022256249999999998
2 0.4658916666666667 0.5436 0.025225 0.02114375
2 0.4610666666666666 0.5589 0.021516666666666667 0.0217
2 0.45624166666666666 0.5753125 0.025225 0.020031249999999997
2 0.4428916666666667 0.5861625 0.022258333333333335 0.0161375
2 0.42656666666666665 0.589225 0.025225 0.01558125
2 0.40135 0.59116875 0.019291666666666665 0.0161375
2 0.41878333333333334 0.60535625 0.030416666666666668 0.018918749999999998
2 0.3854 0.59784375 0.025966666666666666 0.019475
2 0.38354166666666667 0.5861625 0.028191666666666667 0.01725
2 0.37093333333333334 0.5920062500000001 0.029675 0.01558125
2 0.3653666666666667 0.5794874999999999 0.030416666666666668 0.01725