0 0.548675 0.5379312500000001 0.035883333333333337 0.0256625
0 0.5299 0.5567125 0.03170833333333333 0.02941875
0 0.5628666666666667 0.5564 0.03755 0.027537500000000003
0 0.50195 0.55514375 0.034216666666666666 0.03129375
0 0.47023333333333334 0.55420625 0.035883333333333337 0.03066875
0 0.44145 0.5585875 0.040058333333333335 0.02941875
0 0.4164083333333333 0.566725 0.03170833333333333 0.02941875
0 0.4268416666666667 0.58675 0.035883333333333337 0.0281625
0 0.45229166666666665 0.5761125 0.033383333333333334 0.02315625
0 0.39680000000000004 0.586125 0.030874999999999996 0.026912500000000002
0 0.48442499999999994 0.5748624999999999 0.039225 0.02941875
0 0.512375 0.57360625 0.03838333333333333 0.0281625
0 0.5490916666666666 0.5761125 0.03838333333333333 0.03191875
0 0.532825 0.5936375 0.03755 0.0281625
0 0.5006916666666666 0.5945750000000001 0.045066666666666665 0.027537500000000003
0 0.47149166666666664 0.59770625 0.03671666666666667 0.0250375
0 0.44603333333333334 0.60584375 0.039225 0.0250375
0 0.41349166666666665 0.6061562500000001 0.03755 0.0256625
0 0.3801083333333333 0.6052125 0.034216666666666666 0.026287500000000002
0 0.365925 0.622425 0.039225 0.03066875
0 0.39638333333333337 0.623675 0.033383333333333334 0.0281625
0 0.42892500000000006 0.6249312499999999 0.03671666666666667 0.02941875
0 0.4593833333333333 0.6233625 0.03755 0.03004375
0 0.4902666666666667 0.61523125 0.03254166666666666 0.0250375
0 0.5186333333333334 0.613975 0.040891666666666666 0.026287500000000002
0 0.5044500000000001 0.63275 0.044225 0.027537500000000003
0 0.48066666666666663 0.6446437500000001 0.033383333333333334 0.023781249999999997
0 0.4468666666666667 0.6446437500000001 0.039225 0.0250375
0 0.41766666666666663 0.64558125 0.039225 0.0256625
0 0.3817833333333333 0.6452687500000001 0.03755 0.027537500000000003
0 0.3509 0.6424562500000001 0.039225 0.0256625
0 0.3025 0.667175 0.03755 0.0287875
0 0.3338 0.66154375 0.03671666666666667 0.027537500000000003
0 0.3655083333333333 0.66185625 0.040058333333333335 0.024406249999999997
0 0.399725 0.66373125 0.03671666666666667 0.026912500000000002
0 0.43018333333333336 0.6643625 0.039225 0.026912500000000002
0 0.460225 0.664675 0.034216666666666666 0.027537500000000003
0 0.49068333333333336 0.664675 0.03671666666666667 0.0287875
0 0.2816416666666667 0.6856375 0.034216666666666666 0.026912500000000002
0 0.31293333333333334 0.6856375 0.03671666666666667 0.0281625
0 0.3446416666666667 0.68125625 0.03838333333333333 0.026912500000000002
0 0.3751 0.68094375 0.040891666666666666 0.03254375
0 0.40973333333333334 0.684075 0.03838333333333333 0.027537500000000003
0 0.441025 0.6847 0.03755 0.027537500000000003
0 0.47064999999999996 0.68689375 0.035050000000000005 0.02941875
0 0.28748333333333337 0.70660625 0.034216666666666666 0.0250375
0 0.31919166666666665 0.7075437499999999 0.039225 0.0256625
0 0.356325 0.703475 0.04339166666666667 0.03004375
0 0.3867833333333333 0.7041 0.039225 0.027537500000000003
0 0.41975 0.70660625 0.040058333333333335 0.0287875
0 0.4477083333333333 0.7075437499999999 0.039225 0.0281625
0 0.4297666666666667 0.7282 0.03838333333333333 0.0281625
0 0.39721666666666666 0.72538125 0.03838333333333333 0.026287500000000002
0 0.36258333333333337 0.72538125 0.044225 0.0287875
0 0.33129166666666665 0.7291374999999999 0.03671666666666667 0.026287500000000002
0 0.30125 0.7313249999999999 0.040058333333333335 0.026912500000000002
0 0.3116833333333333 0.7479125000000001 0.03755 0.026287500000000002
0 0.3459 0.749475 0.039225 0.0281625
0 0.37635833333333335 0.7454125 0.040058333333333335 0.027537500000000003
0 0.4122416666666667 0.7450937500000001 0.03838333333333333 0.02941875
0 0.3596666666666667 0.77106875 0.03671666666666667 0.0287875
0 0.3897083333333333 0.76856875 0.040058333333333335 0.027537500000000003
0 0.3717666666666667 0.7911 0.040891666666666666 0.026287500000000002
2 0.20611666666666667 0.7548 0.03671666666666667 0.027537500000000003
2 0.21530000000000002 0.7156812499999999 0.03838333333333333 0.026912500000000002
2 0.22364166666666668 0.73508125 0.03671666666666667 0.026912500000000002
2 0.2395 0.7529187500000001 0.03838333333333333 0.03004375
2 0.25285 0.774825 0.033383333333333334 0.026287500000000002
2 0.27496666666666664 0.75385625 0.034216666666666666 0.02190625
2 0.2879 0.7732625 0.035050000000000005 0.0281625
2 0.32170000000000004 0.77795625 0.035883333333333337 0.03004375
2 0.3354666666666667 0.79673125 0.033383333333333334 0.0287875
2 0.3817833333333333 0.8223937499999999 0.04255833333333334 0.0287875
2 0.399725 0.8033 0.03170833333333333 0.0256625
2 0.4180833333333333 0.782025 0.03671666666666667 0.03066875
2 0.4335166666666667 0.75980625 0.03755 0.03004375
2 0.44645 0.7391500000000001 0.03838333333333333 0.03004375
2 0.4694 0.72225 0.034216666666666666 0.027537500000000003
2 0.49360000000000004 0.700975 0.03755 0.0287875
2 0.5094583333333333 0.68125625 0.03755 0.02941875
2 0.523225 0.66123125 0.035050000000000005 0.026912500000000002
2 0.24575833333333336 0.71005 0.034216666666666666 0.024406249999999997
2 0.259525 0.7325812500000001 0.035050000000000005 0.02941875
2 0.23449166666666665 0.69064375 0.045066666666666665 0.03066875
2 0.2566083333333333 0.67280625 0.03254166666666666 0.027537500000000003
2 0.27997500000000003 0.65215625 0.03755 0.026287500000000002
2 0.2937416666666667 0.63306875 0.033383333333333334 0.0256625
2 0.31001666666666666 0.61585625 0.034216666666666666 0.027537500000000003
2 0.3267 0.63275 0.034216666666666666 0.0287875
2 0.32378333333333337 0.5952000000000001 0.03838333333333333 0.026287500000000002
2 0.342975 0.6117875 0.03671666666666667 0.026912500000000002
2 0.35758333333333336 0.5923875000000001 0.035883333333333337 0.024406249999999997
2 0.3721833333333333 0.57391875 0.03838333333333333 0.026287500000000002
2 0.3897083333333333 0.5564 0.035050000000000005 0.027537500000000003
2 0.4018083333333333 0.5363687500000001 0.035883333333333337 0.03129375
2 0.4205833333333333 0.51728125 0.035050000000000005 0.0281625
2 0.436025 0.5363687500000001 0.035883333333333337 0.0250375
2 0.45145833333333335 0.514775 0.035050000000000005 0.026912500000000002
2 0.4689833333333333 0.53449375 0.033383333333333334 0.026287500000000002
2 0.4852583333333333 0.51853125 0.034216666666666666 0.0256625
2 0.4664833333333333 0.49693750000000003 0.03671666666666667 0.027537500000000003
2 0.49485000000000007 0.49975625 0.03671666666666667 0.02941875
2 0.5073666666666667 0.47941249999999996 0.03838333333333333 0.0287875
2 0.5378333333333333 0.4863 0.035883333333333337 0.027537500000000003
2 0.5299 0.5047625 0.033383333333333334 0.0256625
2 0.51405 0.5210374999999999 0.040058333333333335 0.0256625
2 0.5637000000000001 0.50789375 0.04255833333333334 0.02315625
2 0.5703750000000001 0.48316875000000004 0.04255833333333334 0.027537500000000003
2 0.5820583333333333 0.5229125 0.040891666666666666 0.026912500000000002
2 0.5929083333333334 0.54638125 0.03755 0.0287875
2 0.5995833333333334 0.58236875 0.040891666666666666 0.03066875
2 0.583725 0.6027125 0.040891666666666666 0.027537500000000003
2 0.5645333333333333 0.62524375 0.039225 0.026287500000000002
2 0.5465916666666666 0.6412 0.033383333333333334 0.026912500000000002