0 0.43685833333333335 0.6299375 0.034216666666666666 0.02190625
0 0.4443666666666667 0.612725 0.027541666666666666 0.020025
0 0.44979166666666665 0.59645 0.03170833333333333 0.023781249999999997
0 0.47357499999999997 0.5936375 0.027541666666666666 0.02190625
0 0.46731666666666666 0.60928125 0.026699999999999998 0.02190625
0 0.48400833333333326 0.6196125 0.03170833333333333 0.02253125
0 0.49360000000000004 0.6027125 0.025866666666666666 0.021281249999999998
0 0.51405 0.59770625 0.033383333333333334 0.02253125
0 0.5077916666666666 0.6136625 0.034216666666666666 0.02190625
2 0.427675 0.5820562499999999 0.030874999999999996 0.023781249999999997
2 0.45145833333333335 0.5779875 0.030041666666666664 0.02315625
2 0.48692499999999994 0.5754874999999999 0.029208333333333333 0.020656249999999998
2 0.5073666666666667 0.5661 0.03170833333333333 0.02315625
2 0.524475 0.5501375000000001 0.034216666666666666 0.023781249999999997
2 0.532825 0.56515625 0.027541666666666666 0.021281249999999998
2 0.5223916666666667 0.5820562499999999 0.030041666666666664 0.016274999999999998
2 0.5369916666666666 0.5948875 0.022533333333333332 0.0194
2 0.5361583333333333 0.6124125 0.025866666666666666 0.020656249999999998
2 0.5290666666666667 0.6286875 0.023366666666666668 0.0169
2 0.5082083333333334 0.64495625 0.041725 0.02315625
2 0.48274999999999996 0.6540312500000001 0.035883333333333337 0.026287500000000002
2 0.47106666666666663 0.638075 0.027541666666666666 0.020656249999999998
2 0.45605 0.6584125000000001 0.034216666666666666 0.023781249999999997
2 0.4427 0.675 0.034216666666666666 0.0194
2 0.41933333333333334 0.68345 0.03254166666666666 0.020025
2 0.40973333333333334 0.6649875000000001 0.028374999999999997 0.02315625
2 0.43268333333333336 0.657475 0.030874999999999996 0.02190625
2 0.41766666666666663 0.6493375 0.029208333333333333 0.02190625
2 0.3909583333333333 0.64433125 0.030874999999999996 0.02190625
2 0.3842833333333333 0.66185625 0.03254166666666666 0.02315625
2 0.36717500000000003 0.65246875 0.035050000000000005 0.024406249999999997
2 0.4038916666666667 0.6305625 0.030041666666666664 0.020656249999999998
2 0.41515833333333335 0.61491875 0.029208333333333333 0.02315625
2 0.421 0.59801875 0.030874999999999996 0.02315625