0 0.5033984375 0.706728515625 0.036184895833333335 0.02296875
0 0.492265625 0.687587890625 0.036184895833333335 0.023662109375
0 0.4635026041666667 0.737001953125 0.038046875 0.029228515625
0 0.45375000000000004 0.712646484375 0.031549479166666665 0.023662109375
0 0.4263802083333333 0.70951171875 0.036184895833333335 0.02435546875
0 0.4444791666666667 0.6962890625 0.031549479166666665 0.02296875
0 0.41106770833333334 0.693857421875 0.038971354166666666 0.023662109375
0 0.4801953125 0.666015625 0.03247395833333334 0.023662109375
0 0.49087239583333336 0.64896484375 0.03341145833333333 0.021572265625
0 0.5057161458333334 0.63052734375 0.03341145833333333 0.0264453125
0 0.5442317708333334 0.583544921875 0.028763020833333333 0.021572265625
0 0.5131380208333333 0.521611328125 0.031549479166666665 0.02435546875
0 0.5210286458333333 0.503857421875 0.028763020833333333 0.0264453125
0 0.5335546875 0.48646484375 0.029687500000000002 0.023662109375
1 0.38154947916666665 0.654375 0.028932291666666665 0.023955078125
1 0.4228385416666667 0.674716796875 0.02953125 0.02486328125
1 0.45720052083333335 0.587919921875 0.02953125 0.0221484375
1 0.4050520833333333 0.575029296875 0.031341145833333334 0.022607421875
1 0.41891927083333336 0.540673828125 0.0265234375 0.023505859375
1 0.438203125 0.55626953125 0.0265234375 0.023056640625
1 0.47226562499999997 0.54904296875 0.02471354166666667 0.02125
1 0.5238020833333333 0.55943359375 0.030143229166666664 0.025771484375
2 0.44152343749999995 0.752919921875 0.03436197916666667 0.02486328125
2 0.4225390625 0.737099609375 0.03375 0.023955078125
2 0.4782942708333333 0.757216796875 0.03436197916666667 0.023505859375
2 0.49214843750000004 0.737548828125 0.033151041666666665 0.025771484375
2 0.52953125 0.712236328125 0.033151041666666665 0.026669921875
2 0.5403776041666667 0.6934765625 0.035559895833333334 0.0253125
2 0.5174739583333333 0.673359375 0.03436197916666667 0.027578125
2 0.5497135416666666 0.67177734375 0.037369791666666666 0.028935546875
2 0.5340494791666667 0.654375 0.03375 0.025771484375
2 0.5424869791666667 0.634033203125 0.031341145833333334 0.025771484375
2 0.5720182291666667 0.647822265625 0.037369791666666666 0.026220703125
2 0.5693098958333334 0.627470703125 0.035559895833333334 0.0244140625
2 0.5575520833333333 0.613681640625 0.03375 0.025771484375
2 0.5831770833333333 0.6078125 0.02953125 0.025771484375
2 0.6121093750000001 0.62001953125 0.03194010416666667 0.023955078125
2 0.6096875 0.59990234375 0.035559895833333334 0.026220703125
2 0.5979427083333334 0.580234375 0.03375 0.02486328125
2 0.6271744791666667 0.578427734375 0.033151041666666665 0.027578125
2 0.6093880208333333 0.561923828125 0.037369791666666666 0.023505859375
2 0.5717187499999999 0.587919921875 0.02953125 0.02486328125
2 0.3384505208333333 0.60826171875 0.0307421875 0.02486328125
2 0.35713541666666665 0.594697265625 0.0307421875 0.023056640625
2 0.3547265625 0.57322265625 0.03194010416666667 0.0244140625
2 0.5521354166666667 0.54677734375 0.032552083333333336 0.023056640625
2 0.5409765625 0.52666015625 0.03194010416666667 0.0253125
2 0.5509244791666666 0.510166015625 0.032552083333333336 0.023955078125
2 0.5620703125000001 0.48958984375 0.03194010416666667 0.026220703125
2 0.5711197916666667 0.47015625 0.0307421875 0.022607421875
2 0.5768359375 0.45162109375 0.034960937500000004 0.026220703125
2 0.5563541666666666 0.458173828125 0.034960937500000004 0.026669921875
2 0.5620703125000001 0.436025390625 0.028333333333333335 0.02486328125
2 0.38125000000000003 0.484619140625 0.033151041666666665 0.02712890625
2 0.36949218749999996 0.555146484375 0.028932291666666665 0.02169921875
2 0.37130208333333337 0.52779296875 0.028932291666666665 0.02486328125
2 0.5503255208333333 0.404833984375 0.03375 0.0284765625
2 0.5349479166666666 0.387421875 0.02953125 0.023505859375
2 0.47467447916666666 0.359619140625 0.0307421875 0.019443359375
2 0.4273567708333333 0.36369140625 0.0265234375 0.0221484375
2 0.41078125000000004 0.38380859375 0.02953125 0.0244140625
2 0.43670572916666667 0.3928515625 0.02471354166666667 0.019892578125
2 0.41470052083333336 0.413193359375 0.028932291666666665 0.02712890625
2 0.40566406250000003 0.433984375 0.031341145833333334 0.020791015625