0 0.33555 0.6841750000000001 0.031475 0.023606250000000002
0 0.3832666666666667 0.68265625 0.033508333333333334 0.02208125
0 0.3584 0.6975 0.03858333333333333 0.028937499999999998
0 0.33098333333333335 0.7096875 0.03655 0.028937499999999998
0 0.3710833333333333 0.7188249999999999 0.0396 0.0258875
0 0.39849999999999997 0.70283125 0.037566666666666665 0.0258875
0 0.3924083333333333 0.74014375 0.0396 0.030456249999999997
0 0.36651666666666666 0.7511875 0.04060833333333333 0.0297
0 0.3431666666666667 0.7690812499999999 0.04060833333333333 0.028937499999999998
0 0.360425 0.7869750000000001 0.03858333333333333 0.02665
0 0.3842833333333333 0.77174375 0.03553333333333333 0.02513125
0 0.41423333333333334 0.76070625 0.03858333333333333 0.0274125
2 0.287325 0.7081624999999999 0.04264166666666667 0.030456249999999997
2 0.2995083333333334 0.73176875 0.03858333333333333 0.03198125
2 0.33199999999999996 0.7412875 0.04060833333333333 0.02665
2 0.280725 0.767175 0.043658333333333334 0.031218750000000003
2 0.3127083333333333 0.7648937499999999 0.03249166666666667 0.031218750000000003
2 0.32083333333333336 0.8079125 0.03858333333333333 0.03198125
2 0.353825 0.80829375 0.0396 0.02665
2 0.38986666666666664 0.8006812499999999 0.04060833333333333 0.031218750000000003
2 0.45129166666666665 0.7786 0.045691666666666665 0.02665
2 0.41880833333333334 0.78240625 0.041625 0.0297
2 0.44825 0.757275 0.041625 0.028175
2 0.48225833333333334 0.7489 0.04264166666666667 0.0297
2 0.47465 0.7233937500000001 0.03553333333333333 0.03198125
2 0.44825 0.73176875 0.041625 0.030456249999999997
2 0.42692499999999994 0.70701875 0.03553333333333333 0.02665
2 0.4127166666666667 0.73366875 0.03553333333333333 0.031218750000000003
2 0.31016666666666665 0.6849375000000001 0.037566666666666665 0.031218750000000003
2 0.028933333333333332 0.67046875 0.045691666666666665 0.02665
2 0.01675 0.64458125 0.033508333333333334 0.031218750000000003
2 0.0132 0.69179375 0.0264 0.02513125